70 3
39 49 49 69 50 46 97 2 40 34 67 13 22 58 21 14 63 49 81 29 64 21 93 80 62 63 24 30 62 25 72 71 8 61 25 68 45 60 81 37 23 56 77 63 89 81 41 47 75 92 40 15 88 45 67 69 60 46 71 16 27 39 47 51 55 9 23 38 20 
26 11 32 17 26 75 40 22 71 37 51 37 31 60 46 31 57 58 12 25 54 73 95 28 71 58 22 25 63 92 72 32 49 64 34 70 24 72 43 16 17 86 39 67 66 57 57 79 68 9 27 61 20 42 86 30 70 69 45 45 54 71 21 77 32 20 27 54 
33 48 13 4 99 51 49 83 60 63 58 56 66 62 53 82 83 24 40 69 99 119 19 96 59 19 43 66 114 99 45 76 74 54 90 45 99 67 31 26 111 65 92 92 80 81 105 93 35 45 84 6 67 109 12 91 95 62 66 77 91 47 98 46 42 53 69 
21 21 33 66 50 22 80 27 60 43 23 70 55 21 59 50 24 14 63 66 97 26 71 69 33 13 74 94 71 41 45 73 23 75 13 68 45 27 12 86 32 59 59 61 59 78 60 10 36 52 27 34 88 33 75 66 53 51 58 76 14 81 41 28 27 63 
35 50 55 70 35 98 19 79 60 22 91 73 14 69 41 45 8 81 57 105 34 78 90 53 7 94 105 75 61 47 92 9 89 10 66 58 48 22 92 29 49 55 74 70 82 48 29 55 39 44 28 97 43 89 69 71 67 71 90 22 94 61 47 40 81 
15 87 52 39 84 48 64 53 44 70 61 41 75 71 21 27 69 87 113 12 88 64 23 30 71 109 90 44 66 76 41 87 32 88 60 28 13 104 53 80 80 75 75 96 80 25 42 72 9 55 103 13 87 86 60 62 72 88 35 94 45 37 44 68 
100 47 48 80 61 59 55 56 62 58 54 80 83 21 42 66 99 117 23 94 55 15 44 62 112 97 42 75 70 55 87 46 98 65 28 28 110 65 93 92 77 79 103 93 35 42 85 6 67 107 16 88 94 59 63 75 89 47 96 43 39 52 66 
96 59 112 39 100 77 44 116 92 46 63 17 86 62 97 8 84 89 62 122 97 58 122 89 51 90 37 111 47 89 55 31 65 85 75 68 36 8 21 74 66 57 7 67 82 16 94 33 81 98 89 44 89 78 74 88 54 88 88 75 59 97 
40 32 67 12 21 58 21 12 63 47 80 30 64 19 92 77 64 61 25 32 62 26 70 69 8 60 24 68 43 60 80 35 24 57 75 63 88 79 39 45 73 91 40 15 87 47 66 67 62 44 69 14 25 37 45 51 52 8 23 38 18 
64 27 47 25 18 60 40 24 37 42 29 32 47 55 75 48 49 64 40 28 66 72 50 32 28 59 30 54 25 51 24 26 33 64 23 51 45 39 37 56 53 13 24 48 42 26 66 52 55 46 37 32 37 55 13 60 31 17 5 47 
91 20 39 82 22 25 89 50 98 62 94 17 106 64 96 59 36 64 91 29 54 71 39 74 9 94 29 88 88 47 56 88 68 84 105 92 38 47 71 108 70 44 107 79 87 54 94 30 74 27 34 38 31 77 37 39 52 60 17 
74 51 8 87 67 7 53 23 49 24 74 39 88 50 61 90 59 19 93 89 56 59 29 86 10 77 16 46 46 49 36 74 10 32 35 61 55 64 32 30 51 24 55 9 81 59 77 50 64 57 59 77 17 80 58 43 30 74 
23 65 16 7 71 44 85 42 74 8 94 70 76 56 27 44 72 23 61 67 19 63 13 76 34 69 80 35 35 68 70 68 92 81 34 41 69 95 50 24 93 59 72 59 74 35 68 11 22 32 36 59 43 19 32 43 7 
43 38 15 50 27 61 33 56 22 71 62 65 41 46 41 53 45 56 49 18 40 35 55 33 50 59 14 27 53 57 45 69 59 22 25 53 72 32 13 69 52 49 52 66 33 48 12 8 19 34 38 41 16 16 21 22 
79 58 8 47 27 42 24 65 43 82 48 56 82 52 19 84 83 53 50 25 78 14 69 15 46 38 41 33 70 9 36 36 53 48 60 37 22 43 31 50 11 75 55 69 47 55 48 51 69 9 73 49 34 21 65 
23 84 60 100 49 85 22 110 83 82 72 14 47 83 8 73 82 29 78 13 89 47 81 96 51 43 76 84 83 108 97 50 57 84 111 61 36 107 63 87 73 78 48 84 27 38 48 49 72 56 29 44 58 21 
64 37 77 39 69 8 87 65 73 50 33 43 66 31 57 59 16 55 19 70 30 63 72 28 32 63 64 61 84 74 28 34 62 87 45 19 85 57 65 55 72 31 61 3 15 26 32 52 40 15 27 36 8 
55 30 43 17 72 46 91 43 64 86 53 12 89 91 61 55 33 84 6 77 9 52 46 44 29 78 15 39 42 61 57 68 39 24 48 31 48 15 84 52 77 55 62 56 59 77 12 81 54 39 29 72 
52 58 68 38 56 38 84 14 70 67 63 68 36 22 45 28 51 61 25 59 38 14 52 70 30 44 57 43 11 2 26 61 50 40 62 76 47 29 88 25 24 33 22 11 25 47 27 43 40 31 38 
69 46 82 16 79 73 55 105 80 42 106 83 45 74 24 96 32 78 39 29 51 67 59 63 19 9 16 62 55 52 10 50 66 10 77 16 75 82 77 38 74 64 61 77 37 79 72 59 42 83 
38 47 83 95 33 72 46 11 37 51 90 76 23 57 54 46 66 37 80 43 7 27 88 49 78 74 56 57 82 79 19 21 73 18 52 85 32 67 74 38 42 53 68 32 74 23 18 32 47 
77 62 105 27 79 84 46 5 88 104 77 56 49 87 15 87 9 69 56 41 14 93 32 55 59 72 69 84 55 24 50 46 36 32 97 36 87 71 67 63 69 87 20 93 55 42 38 77 
91 61 81 49 35 51 74 30 53 60 24 59 14 77 25 71 75 31 40 72 62 67 89 77 27 35 62 92 53 27 91 65 71 51 80 26 62 10 18 26 27 60 35 23 35 43 1 
76 89 55 117 95 58 117 81 43 86 31 105 48 82 55 23 59 81 75 60 34 8 13 67 59 49 10 65 78 20 93 32 73 98 81 36 83 72 67 81 52 81 84 72 55 91 
123 26 96 103 100 91 11 33 78 59 71 97 36 96 53 52 89 109 16 77 80 64 39 38 27 84 88 75 89 113 79 10 126 35 40 63 54 42 34 85 27 76 77 69 62 
97 76 35 31 83 119 98 57 72 88 42 98 34 94 70 40 15 113 57 82 85 85 84 104 82 34 54 73 19 58 113 10 98 93 72 73 82 99 41 105 57 48 53 80 
83 82 74 80 28 12 59 33 62 70 30 70 33 29 66 83 15 51 57 41 22 16 12 61 63 54 65 90 53 20 101 29 18 47 36 24 29 59 26 57 54 44 50 
41 83 8 87 93 31 86 27 90 60 82 105 60 42 73 97 87 114 105 61 68 96 116 62 39 112 57 91 86 71 61 94 37 48 59 62 74 69 33 47 63 34 
46 48 98 87 26 68 55 56 72 47 91 53 15 33 97 61 89 85 64 66 92 90 30 28 84 16 63 93 30 73 84 43 49 61 74 43 81 28 27 43 50 
87 100 72 54 44 85 11 83 4 64 52 40 17 88 27 51 54 68 64 79 51 21 48 42 38 27 93 40 83 66 64 60 65 83 16 88 53 39 34 74 
81 90 33 85 20 94 55 85 104 59 46 79 92 89 114 104 57 65 92 117 65 41 113 64 92 81 78 56 92 34 46 56 57 76 64 35 49 64 29 
38 72 61 61 97 27 96 59 49 83 106 23 79 85 69 34 35 33 89 85 70 93 109 81 8 122 26 45 55 48 37 25 84 17 70 72 67 54 
67 27 73 66 43 67 20 35 71 83 18 46 47 31 33 25 7 51 64 61 55 92 48 30 103 42 7 56 44 34 41 57 39 65 59 45 61 
55 32 60 46 52 75 32 16 49 74 55 82 74 39 43 71 84 32 7 80 40 59 68 55 47 66 16 24 36 47 43 55 2 15 31 24 
73 38 53 40 23 27 53 57 45 18 30 19 38 30 35 33 40 47 33 70 20 53 78 53 21 51 41 37 53 31 55 53 42 25 60 
89 35 82 89 46 48 81 73 81 103 91 40 48 75 106 63 37 104 70 84 61 85 36 76 22 32 39 37 72 44 32 45 56 13 
83 9 56 52 48 28 83 19 40 45 67 63 73 40 28 53 31 49 19 90 51 83 60 67 62 65 83 17 87 59 44 35 77 
79 62 31 59 86 39 68 83 68 16 23 42 86 65 45 87 85 71 26 99 1 47 29 24 18 2 67 9 44 49 49 26 
60 48 39 20 84 23 48 50 64 60 74 48 20 45 39 40 24 89 43 80 62 61 57 62 80 12 85 51 37 30 71 
45 76 79 37 37 27 12 49 41 26 31 63 68 38 93 37 51 101 61 14 69 57 49 61 53 59 74 64 48 76 
37 57 44 37 57 46 15 14 39 61 36 26 59 61 41 43 73 31 34 24 13 13 31 36 36 30 25 18 32 
33 82 48 76 71 49 51 76 78 19 14 72 25 51 79 39 60 69 31 35 46 60 32 67 16 12 28 40 
98 42 68 70 72 71 90 68 21 44 59 22 43 100 23 86 78 62 61 69 87 25 93 49 37 39 71 
64 64 48 36 31 11 68 78 70 73 105 65 17 117 38 25 61 50 38 37 73 32 72 70 59 63 
28 27 52 46 53 29 31 48 24 59 3 71 64 68 40 58 49 50 68 18 71 54 40 25 67 
16 67 60 53 4 59 74 12 86 25 77 91 82 40 81 71 67 82 46 82 80 67 51 90 
54 45 37 20 57 66 25 86 26 61 92 67 24 70 59 53 67 45 67 72 61 43 78 
8 34 71 51 35 72 74 55 29 87 16 35 25 14 2 16 52 20 37 38 34 28 
28 63 50 38 64 75 49 29 87 22 27 31 20 8 22 48 25 41 39 31 36 
57 70 65 62 98 55 25 109 41 13 59 48 36 40 64 37 69 64 51 63 
60 77 9 87 26 81 91 86 44 84 74 70 86 47 86 83 69 53 93 
26 54 29 33 79 38 65 60 43 41 48 66 13 72 32 18 19 53 
72 39 51 65 54 46 60 18 21 33 46 35 53 6 8 23 27 
79 21 85 82 87 48 82 72 70 87 40 88 79 65 49 91 
61 103 14 85 89 57 60 71 86 41 93 41 36 47 64 
73 66 71 41 61 53 53 71 20 74 58 43 28 71 
116 25 37 52 44 32 24 77 17 66 67 60 52 
99 99 71 74 84 100 47 107 56 49 57 79 
47 30 25 18 1 67 8 45 50 49 27 
57 45 36 46 52 45 64 57 42 63 
11 23 31 50 38 15 25 33 10 
12 25 45 32 22 25 27 19 
18 49 23 34 35 31 27 
67 7 46 51 49 28 
72 42 27 18 60 
53 57 54 36 
14 29 23 
17 35 
43 
