30 2
23 22 68 74 31 94 72 31 19 56 35 88 55 80 79 86 44 13 83 97 39 26 10 31 28 70 63 87 23 
38 82 85 47 89 57 8 27 56 26 90 35 96 75 83 59 27 91 91 60 3 28 7 50 81 53 89 16 
83 93 48 117 93 43 42 79 57 110 73 93 102 108 60 11 103 120 50 40 12 44 37 89 85 109 44 
16 37 74 91 90 54 46 67 48 93 17 60 61 24 79 30 78 36 85 75 88 47 15 73 49 68 
44 59 82 92 58 38 65 32 89 29 47 46 33 87 13 63 49 88 83 90 59 4 65 33 69 
78 73 55 20 38 39 63 66 50 62 67 13 42 55 81 18 50 39 54 18 40 58 63 34 
47 92 75 39 63 30 68 89 16 13 76 107 50 4 93 90 105 89 96 59 38 28 75 
56 59 45 38 66 25 108 43 50 79 82 80 47 92 56 82 54 88 80 17 65 49 
36 62 30 95 32 105 79 87 68 32 98 94 69 5 35 2 58 88 54 95 23 
36 21 68 47 69 59 66 32 32 65 78 36 31 30 34 30 54 46 68 14 
32 33 51 63 23 29 39 69 38 43 55 59 67 60 57 35 27 32 40 
65 27 83 49 57 48 46 69 65 57 27 45 28 51 61 28 64 12 
81 61 23 18 57 101 20 33 75 92 98 93 81 33 51 1 74 
109 60 68 75 62 90 69 83 33 63 30 77 85 31 80 33 
76 76 37 90 41 93 43 100 86 103 56 29 90 62 83 
8 60 91 40 19 77 77 89 77 80 46 29 22 60 
64 99 37 17 81 85 96 85 85 46 37 16 68 
55 45 80 17 63 51 66 25 29 63 57 46 
96 110 48 29 4 33 35 82 74 100 33 
53 62 94 93 96 71 16 63 21 75 
97 92 108 92 100 63 39 32 77 
64 43 68 13 45 76 75 51 
31 4 53 84 53 92 19 
35 31 79 73 98 32 
58 86 52 92 21 
55 75 82 43 
62 34 65 
50 41 
73 
