70 5
98 63 44 62 39 46 85 20 106 73 46 25 63 49 94 91 80 25 87 92 71 53 34 65 3 109 11 42 49 79 81 78 56 44 50 61 83 26 77 25 38 57 92 69 94 68 39 38 37 50 15 22 16 62 61 84 55 25 66 32 50 39 103 8 60 60 47 95 78 
38 110 40 62 85 61 100 8 66 53 74 50 102 7 17 48 114 36 55 38 88 68 33 95 11 100 76 67 84 22 76 62 107 52 51 18 74 31 103 91 74 27 73 39 65 109 73 84 54 111 99 83 70 43 58 92 75 43 78 84 90 4 95 74 79 65 3 37 
86 3 35 65 64 69 46 61 17 41 40 81 32 37 51 83 47 64 12 51 31 13 60 48 67 54 30 79 30 72 47 83 14 16 20 42 14 73 66 39 45 66 54 57 83 48 60 16 77 69 47 59 6 61 75 42 34 40 47 53 42 62 40 65 28 34 41 
87 50 26 70 24 116 57 70 47 61 12 109 97 73 26 85 79 97 95 68 80 44 121 33 34 86 52 88 56 49 3 77 91 100 45 100 19 19 96 93 49 89 54 5 38 26 79 36 22 53 46 87 71 25 46 68 72 91 82 114 36 99 38 82 108 77 
36 67 67 70 48 64 17 42 43 82 34 41 54 83 51 67 10 48 29 16 59 50 67 56 27 82 34 75 50 84 13 13 22 42 14 74 68 36 49 68 57 60 84 50 61 13 77 70 46 62 3 64 77 42 38 38 44 50 44 62 37 68 25 37 44 
31 50 37 69 40 21 14 25 46 60 52 42 51 48 55 46 60 27 30 35 74 38 20 43 53 43 49 22 48 29 43 50 12 49 40 31 55 53 41 55 36 48 14 25 31 49 36 28 33 37 48 41 14 27 37 55 53 67 34 58 35 38 60 39 
45 30 90 32 52 34 35 17 85 71 46 42 58 54 77 87 55 57 44 96 37 11 73 33 62 34 23 22 60 74 77 31 78 29 10 84 67 26 63 29 26 17 9 62 47 28 46 21 68 45 10 33 42 63 82 77 89 38 87 15 68 83 51 
74 62 13 63 63 26 59 64 44 13 87 25 9 74 108 76 51 82 69 80 44 88 25 41 18 29 67 70 80 62 60 72 74 55 99 34 21 24 17 71 47 51 72 91 72 78 24 70 3 46 63 29 87 103 102 63 78 101 31 84 60 25 
107 61 52 28 56 29 97 89 72 14 81 82 80 71 46 67 20 111 9 30 64 63 80 64 46 23 59 72 87 27 84 5 20 74 88 56 87 57 19 29 23 60 17 2 30 50 69 73 37 27 61 49 67 58 104 12 77 45 60 97 73 
68 61 81 55 107 15 19 50 121 37 56 46 96 76 41 102 7 107 81 75 87 27 78 67 112 60 59 26 81 39 109 96 82 28 77 39 68 114 79 90 62 118 106 91 74 51 59 97 82 48 86 92 98 4 102 82 83 73 11 40 
56 52 21 45 68 49 18 73 32 22 72 100 67 48 70 75 67 31 81 19 44 11 18 53 64 75 64 49 71 60 41 93 41 8 34 4 58 34 38 67 78 59 67 11 66 13 33 52 26 78 95 93 68 65 95 18 77 64 28 
24 36 67 48 49 51 65 52 65 27 45 16 21 42 64 50 41 24 72 40 67 39 67 8 22 37 25 31 56 52 36 54 59 60 52 67 35 46 10 60 52 30 51 17 60 62 25 34 27 40 41 58 44 39 56 20 50 44 
39 45 70 65 56 41 62 68 51 53 21 40 21 85 26 25 39 63 55 60 34 45 31 44 60 2 56 32 30 50 67 51 69 47 43 19 26 32 37 28 14 43 41 61 45 1 41 28 48 43 78 21 53 43 35 71 53 
52 50 35 17 71 25 30 51 81 49 27 60 61 60 27 61 39 27 32 12 58 43 54 45 37 50 58 42 73 32 26 31 17 60 27 36 46 71 55 53 21 45 24 42 39 7 60 76 76 54 57 75 28 57 48 16 
101 88 62 36 74 68 92 97 67 73 49 113 38 27 85 40 79 43 40 9 75 89 93 43 95 25 15 96 83 38 78 43 15 32 21 77 45 27 55 35 83 59 13 44 59 73 93 85 106 41 99 27 81 100 68 
21 51 111 40 59 31 81 63 30 91 15 97 75 60 87 24 79 62 106 47 44 11 70 24 100 89 67 32 75 44 66 107 71 83 48 107 97 79 71 37 61 92 71 43 72 77 84 11 92 67 79 59 5 40 
31 104 19 38 42 89 65 28 87 26 90 62 68 67 9 59 48 93 51 53 24 64 37 91 77 77 11 57 22 48 96 60 71 53 102 88 77 55 44 41 77 66 29 76 85 90 19 86 78 63 65 16 21 
86 13 13 61 97 65 37 77 57 76 41 76 36 27 28 25 69 58 67 49 54 58 72 55 87 22 27 16 19 73 42 50 60 87 70 70 26 57 10 50 56 17 77 92 92 50 73 89 35 72 47 11 
96 95 92 78 57 81 27 125 16 44 74 74 94 76 60 27 71 84 101 41 97 13 32 82 102 68 101 70 21 43 36 72 12 15 39 62 82 87 46 40 76 57 75 64 119 21 85 57 70 111 87 
19 55 97 68 34 84 44 85 52 75 49 18 41 36 81 57 64 40 60 51 83 66 86 9 40 7 32 85 52 61 60 96 80 76 39 54 22 63 62 21 79 92 94 38 81 87 48 72 35 9 
74 111 79 50 89 63 87 51 90 34 38 27 36 76 71 80 59 66 70 82 63 101 28 30 17 25 80 54 59 74 98 80 83 33 70 8 55 68 31 91 106 106 57 85 103 40 86 55 23 
50 37 24 68 46 76 66 30 91 37 84 59 94 21 13 20 52 7 84 78 36 52 77 62 69 94 60 72 21 86 80 55 71 10 71 87 52 46 44 46 54 42 71 36 77 29 35 50 
33 63 51 96 63 78 21 114 82 110 82 94 39 37 70 55 57 76 82 14 97 101 104 96 90 71 78 37 67 73 42 94 45 105 98 53 79 24 5 14 92 59 15 96 25 85 89 
37 31 79 41 45 18 81 56 77 49 66 16 26 51 24 43 51 52 29 70 68 75 63 64 38 47 16 49 47 18 60 27 73 66 22 48 11 28 26 73 36 32 63 14 65 59 
61 45 66 46 41 67 19 60 37 76 23 29 20 40 23 70 60 51 33 54 41 45 77 42 53 25 77 66 50 48 19 48 65 41 21 48 58 62 38 62 53 55 38 30 27 
106 12 40 47 77 77 76 53 44 46 58 79 23 73 25 36 55 89 67 90 66 39 35 35 47 18 22 13 60 58 81 54 21 62 30 48 38 99 8 58 58 44 92 75 
111 87 76 93 33 85 73 118 62 59 27 85 39 114 102 82 35 83 46 74 120 84 95 64 122 111 94 81 52 66 103 86 54 88 92 100 7 107 82 89 74 14 47 
36 58 71 81 71 51 33 55 68 86 26 81 13 28 67 91 62 91 63 28 33 29 56 11 11 23 56 66 79 45 25 64 42 60 50 104 5 70 52 54 97 76 
62 38 54 36 16 31 49 63 66 22 68 31 14 74 60 27 57 27 33 6 8 51 47 28 39 20 57 43 21 24 33 54 73 68 80 34 77 18 58 73 44 
96 60 91 64 84 18 16 49 41 37 69 70 12 75 83 82 77 82 56 65 15 65 65 34 76 24 85 83 40 58 17 17 24 71 52 14 79 4 64 68 
63 8 32 49 80 93 83 60 90 61 43 109 59 13 50 21 55 44 42 83 81 61 77 20 84 28 28 62 45 91 109 106 87 71 111 19 92 83 47 
55 39 85 42 46 21 55 33 82 68 70 15 51 24 42 87 51 62 44 92 79 67 48 37 38 69 56 20 67 77 81 26 76 71 56 57 20 16 
27 52 74 86 75 57 82 63 44 103 50 8 42 14 58 41 41 77 81 62 74 16 77 20 31 59 38 87 105 102 79 70 106 19 87 75 39 
45 47 60 55 31 60 47 30 76 43 19 41 13 49 18 25 50 62 45 49 12 52 28 30 33 19 60 77 75 66 49 78 18 59 60 28 
75 89 97 43 97 19 16 95 89 46 85 51 6 34 23 77 37 21 51 43 84 67 21 44 64 70 90 81 111 36 98 35 80 104 74 
14 35 32 26 63 60 29 57 67 64 60 74 43 54 2 65 59 33 59 11 67 71 32 40 25 35 39 57 50 31 64 14 49 49 
33 46 20 76 74 23 62 79 71 72 88 57 68 12 76 72 45 72 10 77 84 45 50 32 33 41 55 62 24 77 16 48 57 
60 13 90 80 56 34 71 45 62 98 62 74 36 97 87 67 66 25 59 85 60 38 61 66 72 22 81 56 73 47 15 37 
56 31 28 53 65 48 67 45 41 16 23 34 37 27 17 40 42 59 42 2 39 31 51 45 78 21 56 41 37 71 51 
88 81 43 47 77 58 68 97 62 74 27 91 84 60 71 15 69 88 56 44 51 53 61 35 76 43 78 36 28 47 
19 79 90 55 88 57 14 31 22 64 19 4 35 49 73 73 34 31 63 54 72 63 107 17 82 44 65 100 74 
81 74 36 71 38 18 18 6 62 37 18 40 30 68 55 17 29 48 58 78 71 95 29 84 25 66 88 59 
85 95 93 89 92 68 76 27 72 75 44 88 32 97 95 51 70 25 12 24 78 62 3 91 16 71 79 
50 11 41 92 59 68 59 102 87 79 48 52 31 72 67 26 81 92 96 29 87 86 57 72 27 15 
42 9 51 32 33 69 73 54 65 7 70 22 25 50 33 78 96 93 76 61 98 11 79 72 36 
35 89 58 66 67 102 86 83 43 61 21 66 69 28 86 99 102 40 88 94 51 79 38 16 
55 30 34 63 74 55 62 8 63 16 31 47 24 73 91 89 68 61 91 16 72 63 27 
36 24 76 31 17 48 47 84 72 27 42 67 67 86 77 113 31 95 40 78 106 77 
11 45 44 28 33 25 51 46 27 18 32 47 66 62 77 31 70 24 51 70 43 
56 40 21 37 27 62 50 19 25 42 54 74 68 88 29 79 22 60 81 53 
65 60 34 62 11 70 73 33 43 24 32 37 58 51 29 66 12 51 52 
19 31 67 76 90 54 36 75 48 64 53 116 15 75 62 62 108 87 
31 48 69 72 34 27 60 50 69 60 103 14 78 43 61 96 72 
58 45 76 57 15 55 19 38 30 88 18 47 57 31 80 67 
64 24 23 43 28 70 89 86 74 54 90 8 71 68 34 
67 78 42 40 35 41 47 47 61 34 69 22 40 47 
46 61 26 84 100 100 60 77 99 32 81 57 22 
44 49 73 93 87 96 46 98 14 79 90 56 
41 29 49 43 79 20 54 43 36 72 53 
60 74 75 47 60 72 36 54 41 12 
19 15 82 37 28 72 15 75 71 
12 88 55 14 91 20 81 84 
95 45 26 86 25 87 86 
100 78 82 69 7 40 
65 51 49 92 72 
94 19 71 80 
74 77 42 
62 64 
36 
