21 4
25 48 38 37 86 54 33 81 100 17 55 94 48 12 104 54 16 95 67 12 
27 13 42 77 39 43 56 86 19 34 77 53 13 89 34 13 76 67 17 
18 44 56 16 50 38 61 47 7 50 51 37 63 6 32 48 57 44 
49 74 34 52 43 80 31 25 69 58 26 82 25 24 66 70 29 
55 38 8 83 73 50 48 72 11 36 78 46 31 77 30 44 
40 62 78 21 94 51 31 49 80 28 50 73 42 32 89 
45 49 47 57 14 40 41 44 51 12 38 42 43 53 
89 81 48 54 80 15 35 86 52 31 85 36 42 
72 73 35 56 89 69 71 38 67 47 91 73 
105 55 17 68 92 7 54 85 28 53 100 
54 97 61 15 109 53 21 96 80 6 
43 53 44 57 2 39 41 57 51 
71 84 15 43 79 11 60 93 
47 75 51 42 77 21 55 
96 43 6 85 65 9 
57 90 24 60 104 
38 42 55 50 
79 59 15 
68 92 
74 
