30 3
83 72 106 57 56 83 60 27 38 109 86 19 103 58 77 55 10 4 68 23 72 76 44 77 98 83 38 65 60 
29 88 30 29 48 23 75 69 76 113 64 61 56 65 82 93 87 88 63 15 59 39 122 77 99 96 19 25 
61 17 36 21 22 56 47 51 84 54 38 29 36 55 83 77 60 49 36 30 40 95 50 70 74 18 35 
73 95 40 82 80 68 19 53 95 32 50 30 55 116 110 45 85 97 34 95 76 11 39 83 79 95 
22 36 9 44 39 67 86 38 55 29 45 53 67 61 61 35 28 40 23 93 62 73 65 10 22 
57 13 54 53 88 105 37 75 50 67 70 65 59 80 40 16 62 11 109 84 94 76 18 4 
43 61 50 31 71 67 20 27 20 50 94 87 50 59 57 15 59 87 29 56 75 39 56 
51 47 74 96 41 61 39 54 62 70 64 71 40 18 49 19 102 71 83 73 5 13 
11 84 62 23 80 34 52 28 36 31 41 15 68 51 45 57 72 56 22 55 57 
73 55 30 69 23 40 20 47 42 33 20 65 40 45 56 60 48 26 50 55 
70 95 15 51 32 64 119 114 57 86 86 33 90 92 16 55 92 70 87 
85 78 57 50 35 92 89 25 75 114 56 99 24 54 15 50 96 107 
87 44 65 50 29 23 63 10 53 62 26 81 85 78 43 46 41 
46 32 65 114 108 61 80 72 29 79 97 25 62 92 57 74 
20 26 68 62 32 35 57 18 47 66 41 44 48 39 51 
33 87 82 30 55 71 5 65 67 20 35 60 52 67 
63 58 13 40 81 36 64 40 50 28 28 63 72 
6 76 34 81 86 54 81 108 90 42 75 69 
72 28 75 80 48 79 102 86 40 69 63 
53 89 34 75 37 41 15 38 71 82 
55 53 30 72 76 68 36 44 43 
65 27 121 86 101 90 18 12 
61 71 23 41 62 46 62 
101 84 89 67 25 15 
76 37 39 103 111 
39 78 68 84 
51 83 95 
76 79 
17 
