23 2
45 70 44 69 19 34 77 61 62 73 50 25 26 57 60 50 36 86 27 32 49 50 
36 4 59 54 57 32 17 56 28 22 26 21 13 62 5 39 43 39 24 38 21 
40 94 84 91 44 25 92 28 57 59 44 40 98 35 75 57 73 38 28 20 
55 51 53 33 20 52 31 18 23 21 13 58 7 35 43 36 26 41 25 
58 43 63 70 8 75 37 49 66 55 16 59 33 61 42 76 95 80 
17 82 71 50 82 51 28 40 63 46 58 28 89 19 48 67 64 
80 73 35 84 46 31 48 63 30 60 20 85 17 58 78 71 
22 65 16 34 54 53 19 74 27 60 13 64 55 62 43 
68 12 33 43 35 14 75 13 55 35 56 35 40 21 
75 35 43 61 54 10 57 26 64 35 71 90 77 
40 54 47 21 83 24 64 29 67 47 49 31 
25 35 18 42 22 26 39 31 43 59 43 
18 35 45 30 18 62 14 28 49 39 
34 64 26 37 64 32 10 30 24 
61 9 43 29 46 38 50 31 
63 26 74 34 74 94 82 
42 38 43 29 41 22 
64 9 47 67 57 
70 67 75 56 
42 62 54 
20 18 
19 
