32 5
45 35 72 58 35 42 68 37 65 39 51 48 36 30 20 24 53 72 45 67 75 60 34 70 24 74 44 39 27 76 35 
67 76 80 55 74 59 38 77 38 52 81 31 75 63 23 24 50 75 85 49 19 37 59 57 58 44 21 52 77 58 
49 25 17 7 56 36 38 37 86 14 41 35 22 54 62 69 10 34 74 75 69 59 55 65 79 51 61 55 14 
29 37 47 23 41 12 39 117 51 46 84 69 79 55 42 42 24 48 71 98 25 96 32 109 55 99 6 38 
26 21 45 42 16 42 109 23 49 61 48 73 66 63 16 8 69 82 90 48 80 56 101 60 86 35 24 
21 39 19 30 20 84 29 25 48 33 47 45 51 20 33 56 60 65 42 59 48 76 36 63 42 3 
57 41 36 42 93 7 47 39 28 62 67 72 5 30 77 81 76 60 61 68 86 57 68 54 18 
31 31 29 106 63 34 87 72 67 36 19 54 44 25 50 87 2 92 10 97 40 93 20 42 
39 2 77 48 7 59 44 38 26 36 40 47 40 41 58 33 60 37 68 18 61 43 22 
38 113 39 46 73 60 76 59 50 31 13 56 75 94 34 89 42 105 56 93 19 30 
78 49 7 61 46 40 25 34 40 46 38 40 59 31 62 35 70 18 63 42 23 
99 72 69 68 38 76 101 97 117 101 71 19 107 38 107 8 67 28 120 85 
54 40 32 68 74 78 9 31 84 88 82 66 65 73 92 64 73 57 25 
61 46 33 20 35 46 54 38 34 53 35 59 38 63 11 59 48 29 
15 53 81 96 44 69 100 89 57 90 31 95 65 67 41 90 46 
44 66 80 33 57 84 76 53 74 33 80 62 53 41 75 31 
41 64 64 81 66 42 19 68 34 70 30 29 29 82 49 
25 66 70 25 16 58 35 72 33 67 13 70 55 49 
69 63 6 36 83 17 94 10 92 35 93 39 54 
25 75 81 79 57 65 64 89 57 72 49 17 
69 86 98 47 89 55 109 65 94 31 32 
34 84 23 96 16 92 37 95 45 60 
56 50 76 46 63 24 71 70 63 
88 29 89 10 48 20 101 66 
93 8 98 40 94 22 45 
97 34 59 10 100 58 
99 40 97 29 51 
58 24 112 77 
58 56 39 
103 63 
44 
