200 5
25 62 68 69 68 68 1 23 3 68 49 38 7 63 30 59 24 27 73 14 40 19 47 32 21 55 63 12 66 33 19 66 63 25 35 52 3 24 49 39 45 57 50 53 61 66 67 56 8 70 42 35 54 34 55 60 39 77 9 25 27 18 66 42 25 46 84 20 64 9 50 22 31 77 68 42 30 24 56 22 59 66 38 14 84 24 28 68 29 26 65 32 61 11 28 59 57 18 78 8 17 71 57 34 65 33 42 43 47 73 14 45 41 87 15 19 61 52 38 52 83 55 61 18 44 32 54 26 62 74 46 43 58 63 42 35 10 17 62 41 13 25 75 14 29 69 17 30 37 6 54 16 97 68 51 12 59 66 38 64 69 54 26 39 29 87 6 30 22 32 72 61 66 64 30 28 69 52 61 69 55 63 33 51 84 22 65 55 43 66 94 60 69 13 63 19 65 24 36 
70 58 75 72 49 25 14 22 47 72 16 27 60 45 52 33 24 75 28 17 14 28 8 36 46 84 28 88 56 27 87 40 1 50 53 26 49 23 64 20 81 33 71 73 77 46 34 17 51 55 10 57 54 38 42 34 79 33 43 10 19 77 62 20 52 87 30 81 29 26 38 23 78 50 47 56 34 31 6 40 84 15 39 85 49 33 47 8 45 81 9 69 24 20 64 75 43 80 17 25 75 80 10 41 58 23 18 61 81 37 60 38 88 39 36 83 35 49 71 81 63 37 10 67 28 73 11 85 72 58 36 33 82 60 31 20 12 56 56 38 15 82 11 47 49 41 42 41 25 74 39 96 77 72 32 83 61 54 44 52 71 1 29 32 87 31 15 8 30 65 85 90 70 24 25 59 49 73 53 32 73 13 39 85 45 68 31 57 74 93 84 52 19 86 38 72 8 11 
47 9 14 68 63 79 63 75 49 67 55 29 90 39 39 46 21 76 87 77 64 71 40 43 41 49 47 48 81 45 79 72 29 23 58 60 83 57 81 56 59 28 7 8 75 73 62 70 21 73 16 38 59 63 40 21 55 38 62 52 8 36 50 18 27 82 28 52 75 83 49 23 66 24 69 39 85 73 65 35 69 61 27 63 90 78 65 84 24 79 2 52 51 10 32 68 24 66 79 14 52 72 83 56 62 84 17 11 52 23 36 32 54 80 47 58 23 34 35 7 80 73 45 92 32 80 53 30 15 41 82 37 31 41 71 72 36 25 54 81 13 68 88 72 53 91 99 68 36 71 42 7 42 50 56 34 27 72 62 23 70 47 91 35 58 84 62 41 41 58 56 7 48 88 48 30 9 61 75 5 84 50 30 74 15 82 22 5 39 58 62 73 50 79 6 77 79 
43 36 25 69 72 67 33 86 44 62 18 97 10 48 41 33 80 68 71 34 53 54 12 85 58 91 77 81 89 41 59 56 26 65 82 55 87 55 95 27 69 54 55 34 38 63 26 52 53 32 68 23 24 28 38 68 59 48 50 55 71 43 38 42 84 74 62 45 90 37 35 22 36 92 49 53 63 26 80 46 76 40 84 90 37 49 94 71 64 44 57 41 36 75 84 36 66 79 39 91 52 45 84 37 60 54 51 68 59 28 41 71 87 89 25 46 74 30 43 43 66 81 87 73 69 94 23 48 25 48 81 66 32 72 67 10 58 70 73 49 63 98 29 72 96 99 73 77 83 44 51 81 62 95 13 58 31 17 65 57 29 89 37 68 72 52 35 10 98 98 41 38 83 1 20 56 15 42 52 69 19 38 89 33 50 55 46 43 97 17 72 93 87 43 66 59 
7 67 71 85 71 74 59 70 62 25 98 37 46 50 13 84 91 83 65 74 47 42 49 56 55 58 88 53 79 76 37 24 66 69 86 66 84 65 59 37 16 13 74 74 69 68 30 76 18 47 58 63 43 12 63 46 66 58 13 45 55 23 18 90 36 60 77 91 52 14 64 28 79 45 87 78 64 42 72 70 18 72 97 77 69 92 32 84 8 59 55 11 41 77 15 72 86 5 61 75 83 66 65 87 26 8 60 32 39 22 62 88 56 59 31 43 26 14 80 78 54 99 41 85 62 23 24 43 83 45 40 44 78 78 34 34 62 87 7 74 96 71 62 99 107 76 45 79 32 8 51 58 65 30 36 71 60 32 75 50 98 26 66 89 67 45 36 67 65 5 51 94 44 30 18 58 76 13 89 50 21 82 10 84 31 5 29 67 60 80 59 87 4 82 83 
60 70 83 69 67 63 65 61 18 98 30 44 47 7 83 87 81 60 71 47 35 55 55 61 60 87 59 73 73 39 19 65 71 81 69 79 70 54 42 21 20 68 68 67 62 31 72 14 50 52 57 38 8 63 47 62 55 20 49 52 21 16 89 42 59 72 91 49 9 57 26 80 44 82 75 58 49 67 70 15 73 96 71 65 92 38 80 12 57 51 9 46 78 10 71 85 3 66 71 77 68 60 83 29 15 61 35 34 19 63 87 61 53 31 48 21 15 74 76 58 97 46 82 67 17 26 38 78 51 44 40 76 76 27 37 63 84 13 72 97 64 63 99 105 75 50 80 29 15 56 58 70 23 39 64 53 37 72 45 96 21 65 86 64 41 29 72 70 7 48 92 37 25 23 51 71 18 85 44 17 83 4 79 33 11 26 72 53 78 64 87 8 79 79 
69 63 66 8 99 33 64 41 93 29 55 43 58 76 53 63 21 42 61 25 102 61 107 87 76 106 17 50 69 45 66 87 37 97 38 108 18 86 75 76 9 18 61 2 67 40 52 79 13 8 35 63 71 68 42 50 76 84 43 55 67 79 93 65 27 86 38 60 3 50 96 56 32 55 9 98 34 80 65 89 82 12 41 93 90 52 66 58 40 58 92 86 61 63 74 63 105 40 21 92 26 44 71 75 73 75 38 66 76 84 105 16 60 90 55 63 21 59 93 77 90 59 109 48 65 32 27 99 80 38 68 61 33 72 74 64 73 58 95 4 77 91 90 71 93 84 69 74 95 66 109 37 71 7 8 83 48 31 82 62 70 61 47 41 35 111 114 63 39 74 25 38 76 10 21 73 56 20 63 90 56 29 71 69 68 111 8 67 108 86 65 57 46 
22 3 68 49 38 8 64 28 60 25 28 74 13 40 19 48 33 23 56 64 14 67 33 18 67 63 25 36 54 5 24 49 39 46 58 51 54 63 68 68 57 8 71 43 35 55 35 56 61 40 78 10 26 27 19 68 43 26 48 86 19 65 11 50 21 32 78 69 43 30 25 56 21 60 67 38 14 85 24 27 69 29 25 66 31 62 13 29 61 58 18 79 8 16 72 57 35 66 33 43 43 49 74 15 46 42 89 15 18 61 53 39 53 84 57 61 18 45 31 55 26 62 75 48 44 58 64 43 36 9 16 63 42 14 24 76 14 28 70 18 29 36 5 55 15 98 70 51 13 60 67 39 65 70 55 26 40 27 89 7 29 23 34 73 61 67 65 31 27 70 53 62 70 55 64 33 52 86 21 67 56 44 68 95 60 70 12 64 18 66 24 36 
19 60 72 30 28 73 32 65 40 35 86 18 19 3 42 21 41 60 86 32 89 56 14 89 53 13 56 64 25 45 33 62 30 80 47 75 80 85 59 47 18 65 61 23 68 56 52 56 46 90 32 47 23 27 85 64 31 62 98 17 86 31 39 26 36 90 64 56 50 41 41 8 54 88 28 35 97 45 19 60 22 34 87 13 78 28 32 74 79 37 91 15 13 85 80 23 54 55 37 26 67 90 37 66 50 100 38 25 84 49 56 74 93 72 50 6 68 14 76 5 85 84 65 49 45 85 64 43 13 7 69 62 37 2 92 11 35 63 40 29 27 18 76 31 108 86 74 34 82 74 59 58 67 76 15 43 18 99 29 7 19 41 78 84 89 80 36 10 73 62 80 68 45 81 12 53 97 37 79 42 63 83 106 83 67 10 86 28 81 6 20 
65 52 35 9 63 30 59 25 26 74 13 36 16 45 29 23 54 66 14 70 36 17 69 60 22 37 53 6 27 46 43 42 61 48 56 63 68 64 53 5 68 44 32 55 37 53 58 38 78 12 28 24 17 68 45 24 48 85 19 67 12 47 22 30 77 66 43 34 25 53 18 57 69 35 17 85 27 26 66 26 27 68 28 63 12 26 60 60 21 79 5 15 72 60 31 62 36 40 40 50 75 17 47 40 88 18 19 64 50 40 55 83 57 58 15 48 29 57 23 65 74 48 42 55 66 45 34 7 13 61 43 17 21 77 11 30 67 21 30 36 5 57 18 97 70 54 15 63 66 40 62 67 57 23 38 27 88 9 26 19 32 71 64 70 65 29 25 68 52 63 67 52 65 30 50 85 24 66 52 45 68 94 63 67 10 67 20 66 21 33 
102 31 65 49 92 37 57 45 65 75 48 61 20 39 64 32 106 62 112 89 74 111 10 48 73 51 66 88 31 99 33 112 19 91 81 83 1 13 60 7 72 37 58 82 16 11 39 70 72 71 41 51 83 88 44 60 75 77 98 66 22 85 39 68 11 55 97 59 26 53 10 104 32 80 73 90 80 4 40 92 96 48 72 59 41 64 96 86 69 62 72 70 109 37 13 94 25 39 76 82 74 79 42 74 77 83 109 18 65 94 63 69 14 57 97 73 94 56 113 56 70 36 20 103 84 42 67 59 40 77 76 61 80 57 94 4 79 89 87 70 97 83 77 80 99 68 113 44 75 3 16 88 46 33 79 70 71 58 46 44 43 115 118 70 41 70 33 44 82 18 16 79 52 25 71 90 63 23 75 76 76 114 16 66 112 85 72 54 42 
79 45 71 63 76 45 58 70 58 89 69 84 78 39 76 19 44 19 16 64 19 102 73 30 60 47 29 94 13 91 9 83 22 43 47 102 95 55 101 34 80 56 20 86 92 63 70 40 31 69 56 47 15 60 49 76 64 28 43 91 60 63 72 98 50 32 44 100 70 92 25 80 37 77 31 72 105 72 55 33 80 51 48 62 56 20 40 73 57 64 63 7 80 105 19 80 90 34 56 35 28 61 81 34 57 13 84 40 16 84 48 101 68 5 79 18 76 12 78 39 67 100 21 20 60 58 66 76 28 35 74 60 63 59 102 31 67 79 54 15 46 91 52 8 39 10 77 28 99 96 27 73 69 73 84 43 79 66 58 84 12 17 56 62 75 87 65 41 95 95 46 82 78 80 44 63 99 31 54 88 12 96 61 15 54 55 73 84 
37 50 61 40 35 23 66 44 23 30 12 8 40 34 88 36 93 65 43 92 25 17 53 46 37 60 16 74 14 89 17 73 71 74 30 18 30 34 55 8 52 60 23 26 27 71 43 48 11 24 74 67 20 49 78 46 83 38 12 54 18 70 34 43 68 36 20 22 24 87 2 51 77 61 49 31 9 61 82 20 65 32 17 59 79 57 71 31 41 68 87 7 27 68 7 17 61 77 47 62 31 79 49 52 88 20 48 75 70 60 22 26 74 44 76 26 91 61 57 27 20 86 64 26 36 28 44 59 48 31 77 26 63 33 51 58 57 39 78 53 85 74 78 41 90 50 56 28 37 72 15 20 49 77 42 29 15 26 52 92 96 65 19 40 45 41 71 38 17 70 24 25 76 59 61 19 58 70 83 91 37 35 92 54 67 24 15 
56 37 53 17 22 66 21 43 25 45 33 14 50 58 5 61 29 26 61 61 27 28 45 3 23 50 37 46 54 46 47 54 59 64 54 10 66 35 36 47 28 51 56 33 70 6 19 26 14 59 36 21 39 77 27 58 3 49 29 27 70 64 35 32 16 56 25 56 60 37 15 77 24 35 66 28 32 59 34 54 6 24 52 51 22 71 13 24 63 53 35 64 31 40 45 40 66 10 38 35 80 12 26 56 48 31 46 76 48 59 22 40 38 48 31 58 67 39 37 57 57 36 29 16 21 56 34 11 30 68 18 36 66 14 37 44 13 48 20 90 61 46 6 56 59 31 62 65 48 27 35 36 80 6 34 22 26 65 57 63 57 26 34 63 46 54 65 54 55 37 47 77 26 58 55 36 59 87 57 65 19 59 26 58 28 38 
93 12 40 38 17 77 74 71 43 57 44 18 68 51 74 65 80 72 55 62 43 12 60 72 65 75 64 79 37 53 36 36 49 51 60 43 37 58 15 55 35 38 26 22 60 48 50 47 36 56 41 23 28 82 56 55 55 86 37 20 39 23 82 40 65 65 40 63 53 69 26 74 89 52 52 89 53 68 26 51 40 18 58 76 21 63 77 21 76 57 59 72 44 68 38 33 59 43 23 28 62 82 73 36 33 58 20 25 57 66 66 87 57 71 78 11 32 24 61 64 51 29 69 67 8 43 62 74 31 62 93 45 62 93 98 69 61 77 35 33 65 55 80 5 44 46 34 48 60 31 89 26 62 75 53 31 12 82 82 22 37 83 19 11 38 33 54 34 73 27 25 81 15 62 40 28 33 82 34 70 76 83 24 68 65 
89 54 56 103 17 50 31 72 53 50 85 81 42 82 49 18 82 85 44 61 82 33 34 66 50 62 69 76 75 88 93 91 79 34 95 69 55 84 55 81 86 69 106 34 52 51 47 93 62 54 76 114 15 86 38 71 7 60 106 94 72 32 53 74 39 84 86 60 29 113 32 15 92 52 8 88 45 90 41 56 89 77 24 108 31 20 100 70 55 86 44 67 58 74 101 38 70 71 117 36 10 76 78 67 72 113 84 82 35 61 25 74 37 75 104 74 72 77 82 64 65 25 33 92 66 36 32 103 35 4 94 37 5 17 24 73 19 127 96 68 40 71 96 63 89 96 78 46 68 17 117 32 37 46 62 102 72 79 93 59 25 98 82 87 96 77 90 43 80 114 19 95 74 69 95 124 71 96 26 78 11 94 38 52 
38 32 29 72 64 64 32 48 44 6 75 48 81 67 74 79 43 53 46 17 56 72 54 77 53 85 25 60 46 47 37 39 55 31 42 48 23 58 23 26 20 34 58 49 42 42 47 61 35 28 40 76 65 52 43 81 30 32 27 25 82 39 53 57 28 71 42 67 38 74 83 40 44 86 62 59 36 48 33 28 65 74 33 58 72 33 81 48 47 74 33 57 44 45 58 49 18 39 61 78 79 24 36 64 30 34 45 59 70 80 64 63 84 21 38 16 49 72 56 24 64 60 4 48 60 67 43 56 89 34 62 88 92 64 67 74 45 44 71 53 85 9 48 34 23 56 51 22 82 36 59 67 46 26 12 88 89 33 30 76 11 10 47 22 42 44 64 15 36 79 26 50 45 39 43 87 23 64 83 79 35 60 55 
12 49 38 50 37 39 35 6 36 52 11 57 32 42 56 56 34 18 28 20 34 51 42 48 54 38 38 40 45 57 49 23 57 22 38 30 25 41 47 20 53 20 13 26 14 45 32 15 23 60 44 48 15 47 46 18 53 54 18 44 1 56 34 47 52 36 29 60 36 51 59 29 49 48 42 38 13 17 35 43 36 54 26 40 47 52 37 60 37 35 49 28 50 20 27 20 63 23 43 53 39 16 40 59 32 55 33 39 53 41 41 56 50 25 24 55 50 29 16 31 33 40 24 22 42 52 28 53 57 24 54 61 30 43 37 73 46 43 14 55 43 21 54 53 38 33 24 52 63 21 45 25 13 50 58 61 40 17 48 49 29 40 53 50 41 46 35 60 41 41 54 24 43 70 57 53 34 56 43 42 38 43 
51 39 41 33 26 25 18 28 65 18 70 44 42 69 44 25 30 29 24 43 39 54 36 67 26 50 49 53 45 36 22 45 32 27 33 38 30 35 12 55 28 26 16 9 53 44 4 28 63 44 60 22 34 49 5 54 42 22 53 14 43 27 35 64 24 37 61 45 50 47 19 53 59 33 44 16 5 39 55 44 56 25 39 50 65 26 47 48 22 38 38 56 29 39 14 64 32 46 66 27 25 52 58 39 43 28 52 50 53 34 69 49 34 16 42 63 41 8 31 29 35 35 31 37 57 24 57 45 33 56 60 32 55 42 73 53 55 23 68 40 33 42 43 49 24 13 50 64 28 39 16 6 45 70 74 45 4 45 42 26 49 43 37 49 38 25 61 48 44 41 35 49 70 70 43 32 69 46 47 31 33 
87 89 84 60 73 52 35 61 60 68 67 91 66 72 76 45 21 70 77 81 76 80 77 54 49 28 26 66 68 71 59 38 74 19 56 52 55 40 5 69 53 65 59 26 55 55 27 12 93 49 64 72 96 51 3 55 31 87 49 82 78 57 55 69 76 10 80 100 69 67 98 44 83 19 62 54 15 53 83 5 75 89 7 73 73 76 75 60 84 36 20 66 42 37 14 69 92 68 53 37 55 14 22 74 79 65 100 53 85 74 11 32 39 78 58 50 43 80 80 25 43 69 88 16 75 102 62 69 103 110 79 57 85 23 21 63 63 77 20 45 63 50 44 74 46 101 15 70 89 67 44 24 79 77 14 50 96 34 25 30 49 71 25 88 44 11 89 8 79 40 17 20 79 50 82 71 92 15 82 80 
37 15 55 36 36 67 75 27 77 43 6 77 68 27 49 66 18 30 50 47 47 66 58 65 76 80 74 62 17 78 56 38 68 46 64 68 51 91 21 39 34 30 80 54 36 61 99 6 76 24 54 10 42 91 76 56 33 38 58 22 67 78 43 21 98 29 14 75 35 17 78 30 76 25 39 74 69 20 92 13 5 85 66 38 70 40 50 43 61 87 26 58 54 101 26 8 71 61 53 64 97 70 65 18 55 20 66 23 71 88 61 55 61 75 54 48 8 16 74 55 25 19 89 18 19 77 28 16 23 7 66 14 111 83 62 26 68 79 51 72 78 67 29 50 15 101 18 24 29 45 84 69 75 78 42 17 81 65 75 79 60 77 30 62 99 19 80 58 57 81 108 68 78 9 73 10 79 22 37 
22 34 16 53 58 101 45 105 72 33 104 39 16 68 68 41 64 17 79 15 97 41 88 90 94 47 35 33 54 72 15 73 71 45 47 49 94 48 60 25 36 94 79 37 69 101 36 98 46 26 45 38 93 55 63 69 51 25 18 45 102 21 54 100 63 35 47 22 53 98 8 85 41 36 80 93 56 94 31 32 90 96 16 39 73 31 9 78 97 53 78 52 102 55 44 99 43 66 88 94 80 35 21 84 27 90 14 101 85 75 50 29 100 77 47 32 23 68 74 53 18 98 25 53 52 57 46 41 37 91 51 109 94 89 49 99 73 71 47 59 88 17 43 34 100 46 13 25 46 76 101 106 86 39 25 69 63 90 60 32 90 7 49 99 57 83 26 74 90 107 100 59 29 102 48 88 15 8 
42 22 38 59 83 29 86 53 13 86 54 13 53 62 22 42 35 59 32 77 47 72 78 82 60 48 15 65 58 24 66 53 52 56 45 88 29 44 22 25 82 61 29 60 96 16 83 28 40 24 34 88 64 54 47 38 43 8 54 85 29 32 95 42 19 61 22 32 84 15 75 25 31 72 76 34 89 12 11 83 76 24 55 52 37 28 64 88 34 63 48 98 35 23 81 49 53 71 92 70 51 5 64 16 73 7 81 82 62 48 46 82 61 41 10 4 67 59 33 5 89 8 33 63 37 28 27 15 73 29 106 84 71 31 79 72 56 58 67 73 15 42 18 97 26 10 18 40 77 81 86 77 34 12 72 60 77 67 46 78 14 52 95 35 77 43 60 81 104 80 67 7 83 26 79 7 21 
21 45 25 90 42 95 70 54 94 17 29 55 41 46 68 22 80 21 93 6 75 68 71 19 10 40 23 56 20 47 64 11 13 24 65 51 52 21 31 71 70 25 47 71 57 83 46 12 65 20 63 22 41 77 40 22 34 12 88 13 60 69 69 61 21 20 72 82 31 61 39 21 54 80 66 64 42 52 63 91 19 21 74 5 26 61 72 54 63 27 71 57 63 91 8 49 78 61 57 17 37 78 56 78 38 95 53 56 22 18 88 67 25 47 39 36 60 56 43 72 37 74 22 59 70 69 50 80 63 77 70 82 48 95 41 58 17 25 73 27 17 61 68 50 41 26 27 42 97 100 60 22 52 34 35 69 26 12 68 36 16 68 69 56 19 59 66 75 96 25 46 95 65 62 36 26 
39 42 88 33 92 62 35 91 32 9 54 51 32 56 16 70 13 87 26 74 74 78 38 26 24 43 57 2 56 59 31 34 32 77 39 47 9 22 78 66 21 53 85 38 84 35 18 46 22 76 43 47 63 37 23 14 33 88 7 46 83 56 41 39 6 53 84 11 69 29 20 63 79 51 77 25 33 73 85 2 33 64 16 13 63 81 43 63 36 86 46 44 87 28 50 75 77 64 29 18 72 35 76 17 90 68 59 33 25 86 64 30 28 20 52 59 44 22 81 18 55 41 48 50 48 32 78 47 93 78 77 38 88 57 57 36 46 73 7 26 40 84 37 20 11 30 60 90 95 69 23 31 53 47 74 47 24 74 16 33 82 53 67 23 59 74 90 89 46 27 91 46 71 15 8 
42 48 9 52 25 41 51 62 36 15 33 18 28 56 35 52 48 44 34 40 44 63 55 23 63 20 42 33 19 47 53 26 55 16 7 30 17 44 26 20 25 63 42 45 12 52 43 24 56 60 21 38 5 61 36 53 48 41 24 63 30 50 66 34 45 46 44 39 13 23 38 39 31 57 26 39 49 46 41 65 31 41 53 26 51 14 25 26 66 17 40 48 45 16 35 63 33 61 35 33 53 37 43 51 55 25 30 60 46 24 22 31 34 45 21 17 43 53 30 49 63 18 51 59 28 38 33 76 46 38 10 50 48 18 60 59 35 36 30 50 67 18 47 28 19 55 52 56 42 23 48 55 34 39 59 55 41 48 41 64 37 44 59 22 44 73 51 59 33 51 39 43 40 46 
77 45 83 66 69 81 37 48 46 20 52 70 47 76 46 85 19 61 49 51 32 33 50 27 43 42 26 57 17 21 16 40 55 47 36 37 51 61 30 29 46 72 67 49 37 77 25 38 23 26 80 37 47 51 22 73 36 64 44 72 77 35 38 82 65 53 40 44 28 32 67 71 39 53 67 38 82 41 41 72 27 51 46 49 56 50 16 45 59 74 80 18 36 66 36 37 39 54 70 75 65 57 85 27 40 12 43 74 56 20 59 55 10 48 58 61 48 51 85 29 60 84 86 60 68 71 51 48 72 50 86 15 48 29 20 58 45 17 77 43 56 61 40 23 18 88 90 38 25 71 13 12 50 19 36 47 58 9 42 76 32 44 46 43 49 88 20 60 84 75 40 55 49 
55 6 32 81 4 107 84 34 58 61 46 104 32 101 19 87 15 33 36 106 101 68 104 34 90 52 29 89 95 67 61 54 40 79 65 36 21 68 47 66 81 13 55 99 77 70 63 100 51 51 51 109 83 96 7 89 54 67 49 89 109 82 73 18 92 43 60 70 49 10 57 64 71 80 54 15 89 111 37 87 101 30 45 49 26 64 71 49 74 8 88 41 12 75 42 107 81 20 95 12 89 13 71 36 70 107 4 23 65 73 79 74 29 50 88 49 76 78 105 47 85 96 69 9 63 81 41 13 52 18 73 31 103 97 19 84 73 90 75 57 93 77 63 80 19 16 48 69 91 85 64 31 96 102 36 95 81 70 62 56 107 31 44 78 20 97 76 10 71 46 86 95 
59 29 31 58 60 29 24 40 9 25 50 37 47 53 43 43 49 54 62 52 14 63 30 36 41 26 48 53 29 64 10 15 25 12 54 33 18 34 72 33 54 4 48 35 23 64 61 29 35 11 56 27 53 56 36 19 71 27 41 64 28 38 55 37 48 4 21 46 47 26 65 17 29 58 51 35 62 31 38 46 35 60 11 34 30 74 14 31 54 45 25 43 71 43 58 26 39 43 44 34 56 62 34 33 56 54 32 25 21 25 50 30 13 34 62 21 41 63 16 43 50 19 45 26 84 56 44 5 55 54 27 59 61 44 29 31 41 75 10 38 22 22 60 57 61 51 22 39 59 40 49 61 52 50 40 43 72 31 53 55 31 54 81 56 61 24 57 31 52 31 39 
34 83 2 113 88 39 64 64 48 108 32 105 16 93 21 39 42 112 106 72 110 40 95 59 33 95 101 72 67 57 45 83 70 42 25 72 53 72 83 19 59 104 79 75 69 106 57 51 56 113 86 101 13 94 56 73 50 91 115 86 74 24 96 49 64 75 56 16 59 70 74 82 60 13 94 117 38 92 105 36 51 52 32 70 77 51 76 6 94 47 17 82 48 112 84 22 97 17 93 9 77 42 75 113 10 28 70 76 83 80 35 52 91 55 80 78 111 49 86 98 72 14 65 87 47 15 55 14 80 36 108 103 25 88 79 92 81 60 96 81 68 86 15 10 54 74 93 92 71 37 102 107 42 99 87 76 63 62 112 36 50 84 16 103 79 5 73 53 90 99 
49 34 88 57 22 53 31 14 79 10 75 24 70 26 44 49 89 81 39 89 29 65 50 10 73 79 51 69 24 18 54 41 49 14 45 42 76 49 36 27 77 45 50 70 86 42 21 30 85 54 79 36 65 22 76 17 57 91 57 42 39 64 49 33 48 52 28 25 71 41 48 61 23 64 91 8 66 75 31 58 19 25 50 80 18 42 28 71 32 22 80 44 87 51 12 63 25 60 28 73 34 55 85 32 17 48 42 50 68 23 19 58 61 47 46 89 15 52 64 38 24 31 90 53 19 24 26 70 21 86 85 30 57 56 58 82 26 63 51 45 77 28 33 54 48 59 78 57 42 84 81 46 66 67 78 30 59 84 26 53 87 27 85 45 30 39 54 57 68 
83 67 26 54 70 22 36 48 53 44 72 59 71 81 86 73 61 19 78 61 37 72 52 64 68 54 95 27 44 34 32 86 60 38 65 103 3 82 29 53 11 44 95 76 60 38 42 56 21 67 84 42 27 102 35 9 74 34 20 84 27 80 29 40 78 75 26 96 16 2 89 72 37 68 46 50 40 67 92 32 64 56 105 32 11 77 61 57 70 100 74 64 17 61 14 72 19 77 91 66 57 59 81 60 50 10 15 77 60 31 15 94 18 20 76 34 15 18 12 72 20 114 88 68 31 74 82 57 71 79 73 28 52 9 105 24 20 29 48 87 75 82 83 44 11 82 68 80 79 59 82 26 63 102 25 84 56 62 85 111 74 79 9 79 14 84 20 34 
112 88 38 62 63 48 107 33 104 17 91 20 37 40 111 105 71 108 38 94 57 32 94 99 71 65 57 44 82 69 40 25 71 51 70 83 17 58 103 79 74 67 104 55 51 55 112 86 100 11 93 56 71 50 91 113 85 74 22 95 47 63 74 54 14 59 68 74 82 58 14 93 115 38 91 105 35 49 51 31 68 75 51 76 6 92 45 16 80 46 111 84 22 97 16 92 11 75 41 74 111 8 27 69 76 82 78 33 52 91 53 79 79 109 49 86 98 71 13 65 85 45 15 55 16 78 35 107 102 23 87 77 92 79 60 96 80 67 85 17 12 52 73 93 90 69 35 101 106 40 98 85 74 63 60 110 35 48 82 17 102 79 7 73 51 89 98 
41 73 56 62 85 21 97 24 111 20 92 85 87 9 7 55 18 73 30 62 82 20 17 41 77 68 70 36 47 87 88 42 63 83 70 100 63 14 78 38 75 20 58 93 58 15 46 15 106 25 76 81 86 72 8 34 85 99 40 76 56 39 69 98 82 76 56 65 76 109 30 4 91 21 29 78 87 71 81 44 82 74 76 109 20 66 95 71 73 3 50 96 65 95 48 113 64 73 38 10 105 84 42 60 52 47 78 72 53 86 50 87 15 76 82 79 64 98 78 85 85 99 65 112 52 76 10 25 90 39 34 71 78 67 49 40 44 51 114 118 75 39 62 41 49 85 27 8 83 43 29 79 84 69 13 77 80 84 114 25 59 113 78 77 47 33 
51 54 26 49 24 64 20 81 34 71 74 78 47 35 17 52 56 11 59 55 39 43 35 81 33 43 11 20 78 62 21 54 88 29 82 30 27 37 25 80 51 48 56 35 31 5 41 85 16 39 87 49 32 48 10 44 82 8 70 24 21 65 76 43 81 17 24 76 80 11 42 58 24 18 62 82 38 61 39 89 39 35 83 36 50 72 82 64 38 9 68 27 73 9 85 73 59 38 34 83 61 33 20 11 57 57 38 13 83 10 46 50 42 41 40 24 74 38 97 79 73 33 83 62 54 45 54 71 2 31 31 88 31 13 9 31 66 85 90 71 25 23 60 51 74 55 33 74 12 40 86 45 70 31 58 75 95 84 54 18 86 38 73 7 11 
31 32 31 69 32 66 39 53 20 26 31 73 66 38 71 7 56 28 12 56 62 33 47 27 9 44 32 31 15 33 20 55 55 30 25 64 55 35 48 67 20 41 17 74 51 62 34 55 32 55 34 63 75 48 55 31 59 29 28 35 30 25 39 50 41 53 40 36 55 77 29 52 67 12 39 23 10 31 59 25 51 36 54 10 22 58 23 73 50 24 67 22 58 40 50 13 36 73 32 11 31 45 49 46 6 25 58 42 45 59 72 24 63 72 42 25 42 69 34 26 23 40 48 3 69 66 20 51 39 64 60 30 62 43 29 55 42 44 33 34 63 57 35 25 65 67 28 63 48 56 45 37 72 7 33 66 42 66 47 39 50 33 55 61 
49 60 62 63 60 68 36 42 29 31 52 50 50 47 25 53 6 43 35 40 19 26 49 35 43 37 31 44 33 11 34 72 48 44 53 75 29 25 43 11 70 29 63 56 42 54 48 57 32 62 79 55 46 78 45 61 20 41 32 13 48 64 26 53 67 22 65 52 60 60 41 63 27 31 47 32 15 35 50 72 62 35 21 47 30 17 57 57 54 79 46 63 67 21 21 19 60 54 40 21 59 58 16 31 50 66 31 53 82 49 50 82 88 58 50 65 44 29 54 43 69 17 32 48 40 39 52 26 79 35 50 67 45 22 24 71 72 19 29 74 27 7 30 38 53 27 66 26 32 70 15 60 29 24 41 71 40 60 66 71 21 60 59 
23 49 38 46 55 48 50 58 63 65 55 8 68 38 35 50 31 53 58 36 73 7 22 26 16 63 39 23 43 81 24 61 6 49 26 29 73 66 38 31 20 56 23 57 63 37 14 80 24 32 67 28 29 62 33 57 8 26 56 54 20 74 10 21 67 55 35 64 31 41 44 44 69 12 41 38 84 13 22 58 50 34 49 80 52 60 20 42 35 51 28 60 71 43 40 57 60 39 32 13 18 59 37 12 27 71 16 33 67 15 33 41 10 51 18 93 65 48 9 57 63 34 63 67 51 26 37 32 84 5 32 21 29 68 59 64 60 28 31 66 49 57 67 54 59 35 49 81 24 62 55 39 63 90 58 67 16 61 22 61 26 37 
73 16 69 35 69 41 57 62 88 78 31 89 39 59 59 22 73 79 54 79 17 24 49 37 62 28 43 50 87 35 51 22 73 31 49 80 86 48 10 33 80 46 79 51 61 10 86 2 43 90 52 27 54 55 61 29 47 62 43 11 81 32 36 72 36 58 88 10 64 67 43 70 14 38 54 90 11 28 42 71 40 37 89 55 83 42 26 50 40 50 41 81 45 58 81 47 31 50 31 40 73 35 12 47 73 38 31 89 10 38 50 26 38 17 101 65 33 20 37 76 32 85 86 44 50 56 44 92 18 53 45 47 83 39 45 65 48 47 83 62 55 86 77 59 57 68 88 15 69 79 38 65 98 38 86 34 44 25 65 48 60 
87 3 103 28 89 87 90 30 19 41 38 72 14 68 75 32 32 43 86 56 63 25 38 90 83 36 65 93 51 99 52 10 59 35 85 39 59 80 52 8 28 30 103 14 63 91 73 52 29 22 68 98 20 81 46 34 75 95 67 86 41 46 84 102 14 21 81 21 8 77 93 60 78 47 93 62 58 104 30 65 91 84 76 18 32 89 44 92 28 106 75 73 43 12 102 80 42 44 34 58 75 61 33 93 34 68 35 65 62 58 48 94 63 99 90 94 55 105 63 72 30 43 88 23 36 51 90 54 29 28 43 65 107 111 81 36 42 56 56 87 45 15 86 23 38 90 69 77 9 75 86 97 106 43 42 107 61 83 28 13 
84 19 80 32 51 56 99 90 47 99 38 73 60 20 83 89 61 77 31 29 63 50 56 21 55 52 84 52 40 35 86 47 59 79 96 52 18 40 94 61 89 38 74 26 84 18 59 101 65 42 44 71 58 41 58 61 31 27 80 48 52 70 20 72 100 6 76 82 39 65 26 33 60 88 24 44 26 81 42 26 89 53 96 58 13 67 29 66 25 82 43 65 94 34 25 58 48 56 78 32 26 63 69 54 46 99 22 54 66 43 27 33 99 60 20 32 21 80 31 96 95 36 65 66 61 91 33 69 59 55 87 22 29 62 58 64 88 67 50 94 90 54 73 77 86 31 68 92 35 61 96 21 95 51 28 41 62 64 75 
100 28 86 85 88 32 20 37 39 69 10 66 72 32 33 41 85 53 60 21 35 88 79 33 63 92 47 96 48 11 56 32 83 40 57 76 49 11 25 31 100 12 60 90 70 49 31 18 64 96 17 79 42 31 73 92 64 84 37 43 82 98 11 24 77 19 5 75 91 57 75 45 92 59 55 101 30 62 88 83 74 20 29 86 41 89 25 103 74 70 41 15 99 77 40 40 31 57 72 58 30 91 31 65 37 61 59 55 45 91 59 98 88 90 51 102 62 69 31 44 86 19 34 48 89 51 26 24 40 64 104 108 79 33 39 56 54 85 45 17 84 20 37 89 65 75 12 72 84 96 103 44 38 104 58 81 24 10 
92 28 49 52 111 104 64 110 43 89 64 29 95 101 72 77 48 41 78 65 52 24 69 57 82 71 31 51 101 66 73 79 107 59 37 53 109 79 101 26 89 45 83 37 79 114 81 61 36 89 58 57 72 63 24 46 80 66 71 70 4 89 114 25 89 99 41 62 43 35 70 87 42 63 11 93 48 22 91 55 110 76 15 86 24 84 6 85 47 76 109 22 28 69 66 74 84 37 43 82 66 72 65 111 40 73 85 62 20 52 97 57 14 48 2 85 37 108 105 33 82 78 80 91 51 87 75 67 92 3 10 63 71 83 96 74 47 104 104 52 91 87 86 50 70 108 39 60 94 2 105 70 10 60 62 82 92 
72 64 67 19 14 43 20 53 26 42 63 5 10 20 59 53 51 24 32 67 68 25 42 65 62 80 47 18 69 20 57 18 37 78 39 28 39 9 85 19 61 63 71 66 22 24 75 78 37 56 40 22 49 77 68 58 45 57 57 89 25 24 74 10 33 58 67 55 60 23 65 58 66 89 2 46 75 55 52 21 42 77 61 75 43 93 47 52 18 24 85 65 22 50 43 29 58 57 48 66 41 77 19 59 74 74 53 78 66 70 65 80 49 93 34 56 16 19 70 32 14 65 62 52 46 29 25 36 95 98 55 21 58 28 29 65 20 17 63 42 10 61 72 50 25 56 60 68 95 19 50 93 68 57 41 32 
21 25 91 85 57 88 19 76 37 19 74 79 51 49 44 28 65 52 25 12 53 31 54 72 11 44 84 70 55 51 84 35 48 37 94 70 80 13 75 46 55 43 80 94 68 68 13 79 30 47 55 35 5 51 52 60 70 42 24 75 96 34 72 87 15 34 39 11 48 59 40 66 19 72 26 6 63 27 92 69 18 85 4 77 25 57 21 54 92 12 11 50 63 68 59 14 40 77 38 64 72 89 38 78 88 59 8 56 70 30 14 41 28 58 17 87 82 5 71 58 81 63 47 81 63 48 65 30 29 35 54 81 70 49 19 81 87 24 83 65 58 56 42 92 15 32 66 30 82 66 23 64 34 74 81 
5 81 78 63 77 19 76 22 34 64 69 44 28 54 36 65 54 5 30 53 21 33 82 21 52 80 82 52 30 72 27 66 39 90 74 71 27 72 59 34 60 90 84 68 82 17 82 10 52 54 17 25 66 31 66 79 21 45 75 89 52 67 87 14 13 50 19 41 38 52 78 40 64 24 27 42 11 85 74 39 93 25 81 46 38 15 46 87 29 26 44 71 73 43 22 52 82 17 69 86 79 51 90 99 68 29 69 48 8 35 49 49 42 25 78 69 16 73 52 91 42 57 85 65 44 48 51 49 14 51 88 55 36 2 68 80 3 86 55 37 71 22 87 19 11 45 51 69 73 43 77 13 78 82 
83 81 68 78 24 80 24 39 67 72 48 25 59 41 69 58 35 57 25 30 87 23 56 83 87 56 27 74 31 70 44 93 79 73 29 76 64 31 65 95 86 72 87 18 86 10 57 58 18 28 71 28 71 84 18 48 79 91 57 70 91 19 9 55 24 44 35 57 83 43 66 28 31 40 14 88 78 43 98 28 86 49 37 19 49 90 32 31 48 75 78 44 27 57 87 13 73 91 80 56 95 104 73 32 74 45 5 39 54 52 42 30 80 70 20 77 55 95 39 62 90 69 48 48 54 52 14 55 93 55 38 6 69 83 4 90 58 34 76 22 90 24 8 42 54 70 78 46 82 12 83 86 
12 59 8 72 36 59 82 17 11 39 71 71 71 40 50 83 88 44 60 76 76 98 65 21 84 39 69 12 56 97 58 24 52 10 104 31 80 74 89 79 3 39 91 96 47 72 59 41 65 96 86 69 61 71 71 109 36 12 93 24 38 76 82 74 79 42 75 76 82 109 18 65 94 64 69 12 56 96 72 94 55 113 57 71 36 19 104 84 42 66 58 41 77 75 60 81 56 93 5 78 88 86 69 97 83 78 81 99 67 113 45 75 3 17 88 45 33 78 71 70 57 45 44 44 115 117 70 40 69 34 45 82 19 15 80 51 25 72 89 64 22 75 76 77 114 17 65 112 84 73 53 40 
48 19 66 24 57 75 16 14 34 73 61 63 29 40 81 81 35 57 79 64 94 55 8 72 31 71 20 51 86 50 15 40 12 99 19 69 77 79 66 13 27 79 92 35 71 49 32 64 91 75 72 49 59 71 101 24 10 84 14 26 71 82 64 74 38 78 67 70 102 15 59 88 68 67 6 44 89 60 89 42 106 60 66 32 10 98 77 35 54 46 43 71 65 47 81 44 81 17 68 76 73 57 91 71 82 80 92 58 105 48 69 11 25 83 33 27 65 74 60 44 33 37 48 107 111 69 32 57 38 43 79 26 3 77 39 24 75 78 64 12 70 75 81 107 25 53 106 72 72 41 28 
63 43 27 53 39 48 53 34 75 15 29 19 13 68 47 19 46 83 22 68 13 42 26 25 75 61 41 38 23 48 14 52 70 30 22 82 32 29 61 21 32 69 24 61 10 22 58 61 26 76 3 17 70 63 26 57 40 35 36 49 73 20 48 37 85 22 24 67 45 39 56 80 55 53 12 51 30 58 20 68 71 48 38 50 68 46 31 9 11 57 44 20 20 75 7 35 62 24 33 38 10 59 23 94 69 56 16 66 62 41 57 62 58 18 33 29 85 13 24 14 28 67 68 73 64 25 25 64 49 62 62 47 64 26 45 82 29 64 47 45 67 92 67 62 10 70 25 65 18 29 
69 42 54 81 15 10 38 64 73 70 44 52 78 86 45 57 69 81 95 67 28 88 40 62 4 53 99 58 33 57 11 101 36 82 67 91 84 11 43 95 92 53 67 61 42 60 94 88 62 65 75 65 107 42 21 94 28 45 73 76 75 77 40 67 78 86 107 18 62 92 56 65 21 61 95 78 92 61 111 50 67 34 27 101 82 41 70 62 34 75 77 65 75 60 97 3 79 93 92 73 95 86 70 76 97 69 111 38 74 7 9 85 50 33 83 63 72 63 49 43 36 114 116 65 41 75 26 40 78 11 22 75 58 23 64 92 58 30 73 71 69 113 9 69 110 88 67 59 47 
59 22 18 55 60 32 40 34 17 48 36 24 19 36 14 47 62 27 32 66 62 37 41 65 16 49 21 76 56 61 32 57 40 47 42 70 75 51 63 26 64 21 33 37 23 24 47 42 47 59 33 39 58 77 37 53 70 6 32 31 7 29 51 33 59 37 53 7 23 51 16 73 55 29 73 22 63 42 44 5 35 74 31 14 31 51 54 41 6 33 63 34 50 67 70 32 71 79 48 25 50 61 27 29 29 43 42 7 68 63 17 55 39 71 53 37 67 47 29 49 45 47 25 35 69 53 31 18 62 68 21 68 46 49 53 30 73 3 26 58 45 63 54 41 58 25 60 64 
58 61 31 34 33 79 42 50 11 25 80 69 23 55 86 40 86 38 16 48 24 77 42 49 66 39 21 16 32 90 6 49 84 59 42 37 8 55 86 11 71 32 22 65 82 54 79 27 35 75 88 1 31 67 16 11 65 83 46 66 37 87 48 46 90 28 52 78 78 66 27 20 75 36 79 18 92 69 61 34 23 89 67 32 31 22 52 62 47 23 83 21 57 40 50 52 50 35 80 49 93 80 80 41 91 58 59 35 45 76 9 27 41 85 40 21 14 32 61 93 97 71 25 33 53 48 76 46 22 76 16 34 83 56 68 20 62 76 91 92 45 29 93 49 73 17 6 
40 42 47 25 22 50 34 48 41 24 41 37 8 30 74 42 45 59 77 34 22 50 12 69 30 69 60 48 48 54 57 29 61 82 62 51 79 38 66 13 43 37 7 42 65 24 56 70 17 60 57 67 58 47 69 22 25 48 28 21 33 50 73 57 42 18 43 30 11 63 61 51 82 41 68 62 22 17 25 66 49 36 26 62 61 21 28 50 70 25 57 83 56 50 84 91 60 45 66 42 22 50 44 64 21 29 55 46 33 57 32 82 33 51 72 49 27 28 66 67 13 33 78 33 13 24 45 59 21 71 33 30 70 11 66 25 18 39 66 46 63 61 73 15 65 64 
66 72 43 58 25 12 50 36 39 8 40 32 65 52 30 25 72 50 43 59 78 32 31 24 81 53 72 32 61 26 65 25 60 85 53 48 32 62 39 30 43 41 23 32 61 41 51 51 26 61 85 18 60 72 21 48 20 15 42 69 20 47 28 64 22 18 70 34 81 51 14 66 20 59 31 62 24 47 80 29 8 40 44 50 58 13 21 58 51 46 53 82 18 58 68 40 20 36 80 43 18 22 30 60 11 79 77 22 55 49 61 72 28 63 47 38 67 32 36 43 42 62 69 47 33 76 75 37 65 59 67 37 49 79 16 43 77 32 77 47 31 44 43 57 65 
5 22 57 57 55 30 37 67 71 30 43 63 67 81 51 21 74 24 55 13 39 83 42 30 44 6 87 25 66 61 75 71 20 30 80 79 43 56 45 27 49 79 73 56 50 62 55 92 30 24 78 15 37 59 66 59 62 25 62 62 71 92 3 48 77 52 53 22 47 80 67 77 49 96 44 54 19 26 87 67 25 55 49 27 60 61 53 65 46 83 16 64 79 80 58 80 71 67 65 82 53 96 32 59 13 14 71 37 17 71 59 57 52 34 28 32 98 101 54 25 63 23 28 65 15 19 63 47 8 59 77 49 27 58 60 65 98 14 55 95 73 56 46 37 
28 60 63 60 34 42 72 77 35 49 66 71 87 57 22 78 30 58 8 44 88 48 29 48 2 92 27 72 64 81 75 14 33 85 85 45 61 50 32 53 85 78 59 55 66 59 98 33 21 84 18 38 65 71 65 68 31 65 68 76 98 8 53 83 54 58 19 51 86 70 83 52 102 47 59 25 24 92 73 31 60 53 30 65 66 57 69 50 87 10 69 83 83 63 86 76 69 69 88 58 102 35 64 8 11 77 41 23 74 61 62 55 39 34 34 104 107 59 31 66 24 33 71 12 17 68 50 14 62 82 53 26 64 65 67 104 11 59 101 78 61 50 39 
45 39 32 24 21 48 48 15 23 52 56 59 33 35 61 10 44 34 17 64 21 45 38 29 65 29 48 51 56 63 42 26 66 58 42 38 28 14 32 57 55 45 38 52 41 69 32 44 57 22 44 37 50 40 40 4 54 43 58 69 21 25 55 47 33 41 40 57 61 55 45 73 37 32 4 42 64 44 4 44 41 23 37 42 48 50 36 69 38 44 68 72 44 58 54 61 47 60 34 73 27 36 36 33 49 34 7 63 52 39 49 27 7 32 76 78 38 10 57 29 15 45 32 36 44 47 15 51 60 34 42 36 43 59 75 33 45 73 59 40 42 40 
72 56 70 63 25 57 59 30 7 97 48 67 77 99 56 2 60 34 89 53 87 83 62 54 73 79 7 82 104 74 72 101 43 88 19 66 59 17 53 86 3 79 93 7 73 78 81 77 65 89 37 17 69 43 41 11 72 96 68 58 40 55 15 24 79 84 66 105 53 90 74 15 34 44 83 57 52 47 84 84 30 45 72 92 13 79 105 67 71 107 114 83 57 88 21 20 63 66 77 25 47 68 55 44 79 51 105 14 74 94 72 49 29 79 77 14 55 100 38 30 30 53 76 25 92 49 9 92 11 84 42 17 18 79 55 86 71 95 15 87 85 
17 32 20 59 33 27 41 79 28 55 6 56 28 33 72 70 38 25 20 63 30 62 57 44 9 79 18 36 73 35 29 57 40 55 12 30 54 48 16 73 17 26 65 47 41 71 24 47 51 40 66 5 37 40 83 6 24 51 54 32 43 79 49 66 27 35 41 45 35 52 71 40 43 64 54 33 35 19 26 60 33 5 34 69 23 33 73 8 36 44 15 45 16 92 62 41 5 50 64 30 68 71 46 33 41 37 83 3 39 28 32 70 52 57 58 32 37 69 50 53 71 60 56 42 53 80 21 61 62 35 60 89 51 71 22 54 23 59 33 44 
38 25 41 19 28 26 63 45 39 16 60 45 32 56 67 24 34 12 69 42 60 41 49 23 63 26 54 73 41 46 40 51 38 19 31 38 32 30 57 32 43 49 38 49 73 25 48 60 22 49 14 19 31 67 16 42 40 52 16 28 65 32 69 41 26 57 29 49 43 57 22 36 68 39 17 29 35 40 50 15 16 49 51 36 50 71 15 53 62 32 31 33 77 44 30 13 42 52 12 67 66 29 43 37 54 68 20 53 36 26 59 44 48 41 30 53 60 39 35 65 63 38 55 48 64 36 45 67 17 43 74 43 66 38 43 40 42 46 54 
13 69 57 12 44 77 37 75 27 23 44 13 68 42 38 57 27 31 15 33 79 11 40 76 50 42 41 3 51 74 18 60 21 11 55 70 46 70 21 32 65 77 10 38 57 16 22 53 72 36 54 28 78 38 42 79 26 41 66 71 55 34 17 64 38 67 21 81 62 50 26 31 77 55 22 26 19 46 50 37 24 73 16 53 43 40 49 50 29 69 42 86 69 68 30 80 51 48 38 44 64 9 19 41 77 31 25 5 21 55 82 86 61 14 34 49 39 65 45 28 65 22 29 75 49 59 29 50 65 83 81 44 25 82 44 62 18 17 
58 44 7 35 71 35 62 15 36 39 13 63 50 29 46 15 44 20 41 66 24 29 70 38 41 52 16 44 62 28 51 8 10 47 57 36 64 16 30 58 63 24 50 44 26 35 42 63 23 41 24 73 26 36 65 34 30 53 67 45 46 20 50 41 54 27 68 58 39 25 44 64 42 18 22 20 44 37 25 29 64 16 47 52 28 46 50 22 55 34 82 59 55 17 66 49 35 47 51 51 19 21 41 73 20 31 11 15 54 68 73 52 12 36 51 36 54 51 40 54 32 33 70 40 52 43 38 56 79 68 51 23 68 37 54 24 29 
35 57 25 30 87 23 56 83 87 56 27 74 31 70 44 93 79 73 29 76 64 31 65 95 86 72 87 18 86 10 57 58 18 28 71 28 71 84 18 48 79 91 57 70 91 19 9 55 24 44 35 57 83 43 66 28 31 40 14 88 78 43 98 28 86 49 37 19 49 90 32 31 48 75 78 44 27 57 87 13 73 91 80 56 95 104 73 32 74 45 5 39 54 52 42 30 80 70 20 77 55 95 39 62 90 69 48 48 54 52 14 55 93 55 38 6 69 83 4 90 58 34 76 22 90 24 8 42 54 70 78 46 82 12 83 86 
47 33 63 60 23 33 79 57 50 58 83 35 36 30 88 61 77 24 68 33 63 31 68 90 60 55 25 70 37 38 49 41 15 39 59 49 59 49 21 68 91 21 67 80 19 44 28 13 46 68 28 54 21 69 24 10 69 33 87 59 10 74 12 67 24 63 24 52 87 21 5 46 52 58 60 13 29 66 48 54 60 87 26 65 76 48 12 43 78 39 11 30 25 61 13 84 81 16 62 54 69 70 36 71 55 43 68 27 29 42 48 70 72 50 29 80 82 33 73 63 66 44 48 86 16 40 75 26 81 55 24 52 41 65 73 
32 67 41 63 21 31 46 6 58 43 26 53 16 41 23 35 67 21 36 65 45 47 46 15 51 63 29 48 15 3 43 59 43 60 22 36 54 67 22 45 49 20 34 41 61 29 42 18 68 32 43 68 27 29 55 62 43 41 25 54 46 56 30 71 53 38 18 40 66 44 12 28 25 38 39 31 33 61 21 54 45 34 53 56 29 58 41 77 57 58 23 70 43 36 41 44 52 20 14 47 67 27 34 12 10 48 72 76 49 5 41 44 30 53 44 35 53 33 26 65 47 48 39 38 53 74 72 44 29 72 44 51 27 29 
38 67 38 37 58 69 31 30 53 6 60 22 68 55 50 43 51 49 37 53 74 63 47 71 35 61 16 36 33 12 37 56 32 49 63 24 53 54 67 49 45 66 16 28 39 21 19 41 42 65 51 43 10 36 39 11 63 55 43 76 35 62 56 31 10 24 65 44 28 23 54 55 27 20 41 64 29 51 75 58 42 77 84 53 39 58 51 25 43 36 57 28 21 57 50 28 52 30 75 42 43 66 44 23 35 60 60 17 30 71 39 17 22 49 59 21 66 35 38 62 19 65 17 21 48 59 50 56 55 65 19 59 61 
105 53 75 83 107 63 8 64 42 96 60 93 90 68 59 81 86 2 89 112 79 79 109 48 95 26 73 66 25 58 94 7 87 101 14 78 85 87 84 72 96 44 21 77 50 49 5 79 103 73 64 47 61 15 31 85 91 72 112 58 97 79 19 41 51 89 62 58 55 92 92 36 52 79 100 17 87 113 72 79 115 121 91 62 96 15 25 69 74 82 31 54 73 60 49 86 58 112 10 82 101 79 56 32 84 82 21 63 108 42 37 35 58 82 30 100 55 5 99 19 90 49 22 12 84 60 94 76 103 21 94 92 
83 30 56 8 47 97 79 62 37 44 59 24 70 84 45 27 104 34 8 77 37 17 85 30 82 31 43 80 75 25 98 18 5 91 71 40 71 45 52 43 68 94 32 65 59 107 32 9 77 64 59 70 102 76 67 20 61 15 72 22 76 93 67 60 62 81 61 53 12 18 79 61 31 18 96 21 17 79 34 12 17 13 72 18 116 89 68 32 73 84 58 74 82 74 31 55 9 107 25 23 32 50 89 74 81 84 46 12 85 71 81 82 62 83 29 66 104 23 85 59 63 87 113 73 82 12 79 12 85 23 37 
55 93 81 64 50 91 42 57 47 103 81 88 6 84 57 54 54 91 101 78 78 5 90 31 58 65 38 8 62 51 71 81 41 27 86 104 43 81 98 22 32 50 20 56 58 50 77 20 80 34 13 63 31 101 80 27 96 11 88 26 59 27 62 102 9 22 58 74 79 63 24 51 88 36 75 83 97 49 88 99 70 13 67 68 28 20 52 30 62 27 95 88 10 81 66 92 62 58 92 73 57 69 32 29 36 63 92 75 55 19 87 95 24 93 73 57 67 44 101 24 31 65 32 88 77 23 75 34 85 91 
51 31 27 67 64 33 31 15 58 27 56 57 39 15 74 23 38 67 30 34 56 37 51 6 24 50 48 22 69 16 27 61 50 37 65 29 41 48 37 63 8 35 34 78 11 28 53 49 28 43 74 46 61 25 38 41 45 33 55 66 37 37 59 54 33 29 19 24 55 31 9 33 65 20 38 67 13 39 47 16 45 21 88 59 43 3 53 58 28 62 65 45 30 35 39 79 6 37 24 26 64 55 60 54 26 37 63 44 51 65 55 53 40 47 75 26 56 57 33 57 85 54 65 22 56 27 55 31 41 
64 29 75 29 52 80 48 10 32 19 98 12 63 81 73 58 21 21 71 92 26 73 44 29 66 90 69 76 43 51 75 99 16 15 80 12 17 71 84 59 73 39 83 62 62 100 19 59 87 73 68 11 36 86 51 87 34 103 65 66 34 8 97 76 35 47 38 48 69 60 39 84 37 73 25 64 68 65 50 89 65 88 82 90 53 102 53 67 20 33 83 25 27 57 80 54 35 27 36 54 104 108 72 30 48 45 47 80 34 6 79 30 28 80 71 68 7 69 77 87 103 33 45 103 65 74 33 19 
52 99 86 65 30 46 67 32 77 81 53 24 106 29 13 85 45 8 83 39 83 34 49 82 73 20 101 24 13 93 67 48 79 41 60 52 68 94 31 64 63 110 30 3 73 71 60 67 106 77 75 28 57 22 70 31 72 97 68 65 71 78 59 57 18 26 84 60 29 26 97 28 9 87 31 8 19 17 69 14 119 90 64 33 68 88 57 82 88 72 39 60 14 110 25 32 39 55 94 69 76 86 52 21 91 75 81 89 70 84 38 72 107 16 88 68 63 88 116 68 88 19 75 6 87 31 46 
55 37 25 58 19 38 27 29 69 20 42 62 50 53 41 16 57 63 31 47 21 3 41 61 49 56 28 42 51 70 23 41 54 17 35 42 59 35 44 14 64 38 49 71 21 30 58 57 42 37 29 58 50 58 34 74 48 38 13 37 68 47 8 34 30 33 40 36 37 59 26 60 40 39 59 62 35 60 47 72 56 61 28 74 38 38 36 38 54 23 8 52 63 33 38 16 8 42 76 79 47 1 46 38 26 52 38 31 52 36 20 61 53 45 36 40 52 70 75 38 34 75 50 49 31 30 
57 34 90 53 85 82 60 57 72 79 7 83 104 72 71 101 46 86 21 65 58 18 55 87 1 79 93 9 75 76 79 78 64 87 39 20 70 45 40 10 72 96 70 56 40 57 12 25 77 83 68 104 55 89 76 12 35 43 81 59 53 46 84 83 28 46 72 91 16 79 105 64 72 107 113 83 59 89 20 22 65 66 79 23 48 65 53 46 78 50 104 12 74 93 71 48 26 81 79 16 54 100 36 29 32 51 74 27 91 47 8 92 11 82 43 19 17 81 53 86 73 95 17 86 84 
49 96 55 35 56 9 96 35 79 62 88 83 15 42 93 88 53 63 58 40 55 90 86 58 63 74 60 104 41 24 91 26 46 69 72 72 73 36 63 75 84 103 16 58 88 52 61 23 59 92 78 88 60 107 45 63 30 29 97 78 37 68 61 30 71 74 65 70 58 95 7 76 92 91 71 91 84 66 71 94 66 108 34 70 9 5 81 49 30 83 59 70 63 47 40 32 110 112 60 38 75 22 36 74 7 24 71 58 19 60 90 54 32 69 66 65 109 5 68 106 86 63 58 47 
58 18 62 49 45 48 45 46 41 51 70 59 41 67 40 55 22 31 27 17 41 53 36 44 58 29 55 48 62 49 39 60 20 34 36 24 13 45 39 61 54 38 10 39 41 17 58 50 44 70 39 56 59 33 15 19 60 48 30 17 50 50 26 22 38 58 35 45 71 54 39 72 79 48 42 54 54 31 45 32 60 28 22 52 46 32 46 24 70 45 40 61 39 17 35 62 63 23 24 66 37 15 28 45 53 27 60 30 42 59 23 60 20 27 51 61 46 51 57 61 25 53 55 
43 87 52 88 56 68 17 96 8 43 98 59 24 61 61 70 38 56 72 49 12 91 38 38 82 38 65 96 14 72 74 52 79 24 47 64 100 21 28 45 80 50 44 99 65 91 48 31 52 46 55 43 91 55 68 89 52 39 60 36 46 83 44 22 51 83 45 28 98 20 36 48 31 44 18 110 74 38 30 39 86 42 94 96 52 57 66 44 102 26 57 53 57 93 40 47 74 57 49 93 72 64 96 86 68 62 78 98 13 79 86 47 74 107 39 96 39 46 24 74 53 67 
57 35 48 51 38 28 60 35 52 61 31 49 47 43 38 13 19 35 42 36 54 27 40 47 50 38 61 36 36 50 27 50 19 26 21 63 22 43 52 40 15 38 59 32 57 34 38 53 39 42 55 51 24 25 56 49 27 17 32 33 41 22 21 42 51 29 53 59 23 54 61 30 41 36 73 45 41 14 54 44 20 55 54 36 34 25 52 64 21 46 26 14 50 56 60 40 18 49 50 30 39 54 51 40 47 36 60 41 41 55 23 43 70 56 54 34 55 42 41 39 44 
36 27 108 19 70 91 80 60 23 28 75 102 28 83 52 38 76 99 75 86 48 54 85 107 21 14 87 22 16 81 94 67 83 49 93 69 66 109 29 68 96 82 79 12 40 95 52 97 36 112 74 76 44 5 107 85 45 52 42 57 79 68 41 94 42 76 30 71 70 66 56 99 70 97 92 99 61 111 62 77 25 39 93 30 38 59 89 61 37 34 46 63 113 117 82 40 50 54 57 90 41 11 89 31 38 89 76 78 3 79 87 96 112 39 49 113 69 84 36 21 
46 84 21 36 89 45 27 53 14 39 82 10 71 23 24 67 75 39 83 13 19 78 78 16 47 55 29 22 62 83 35 61 41 92 36 30 81 41 50 71 85 65 43 4 65 23 72 7 83 76 59 41 39 82 60 35 15 6 60 57 35 9 85 7 41 55 39 36 35 20 73 34 100 80 71 31 81 65 54 50 58 71 7 34 26 91 28 11 11 34 70 82 88 73 28 19 64 53 74 59 38 75 12 44 89 40 72 36 58 76 97 81 58 13 84 33 74 4 15 
93 26 71 66 80 74 13 32 84 86 43 62 50 32 55 86 77 61 54 65 61 98 31 19 84 17 36 65 72 64 69 31 67 67 75 98 8 54 84 56 59 17 50 86 68 84 50 102 49 60 26 22 93 73 31 59 51 32 66 66 55 71 49 86 10 69 82 81 62 87 75 71 71 89 58 102 37 65 7 13 77 39 23 73 63 61 53 38 34 36 104 107 60 31 65 26 34 72 14 15 69 48 15 64 81 54 24 65 66 69 104 13 58 102 77 62 48 37 
89 57 60 53 92 107 82 78 11 93 37 61 69 44 9 62 57 73 83 48 23 89 109 42 86 101 27 38 52 25 61 64 52 78 15 86 39 14 69 37 105 82 25 98 12 91 21 65 33 67 106 4 24 63 76 81 69 28 53 90 42 77 82 102 50 89 100 72 12 67 74 34 18 54 25 68 31 100 94 15 85 71 93 68 60 94 77 61 75 27 23 42 68 94 81 61 25 92 100 30 96 78 63 67 50 106 29 38 71 27 94 79 17 75 40 88 95 
51 79 61 48 32 8 60 84 18 67 32 19 61 80 57 73 31 40 70 88 5 27 68 9 15 62 79 47 64 33 81 50 51 89 22 50 77 72 62 23 25 75 42 77 24 92 64 58 29 20 87 65 28 35 27 46 60 48 29 79 25 62 34 52 57 55 39 79 53 88 76 79 41 91 52 58 29 38 74 14 22 47 79 42 27 15 28 54 93 97 67 21 39 47 43 73 39 17 72 22 28 78 59 63 18 60 72 86 92 38 34 93 53 69 22 12 
86 10 35 81 42 22 59 46 61 21 39 61 49 7 81 22 26 72 45 49 79 19 55 58 45 72 9 40 48 90 7 20 50 63 39 43 87 55 74 32 34 41 46 40 50 79 45 52 72 54 35 44 21 30 69 37 7 37 75 29 27 81 8 31 42 17 45 10 100 67 41 14 47 72 34 77 80 48 40 50 36 91 9 43 36 41 79 48 54 65 41 38 77 58 58 80 68 61 47 62 87 13 68 69 40 66 97 47 80 25 52 18 65 38 50 
89 111 77 78 108 49 94 26 73 65 25 59 93 5 86 100 14 79 83 85 84 70 94 44 22 77 50 47 4 79 103 74 62 47 61 12 31 83 90 73 111 59 96 80 17 41 49 87 63 59 54 91 90 34 52 79 99 18 86 112 69 79 114 120 90 63 95 14 26 69 73 83 29 54 71 58 50 85 57 111 8 81 100 78 55 30 85 83 21 61 107 40 36 36 56 80 31 98 53 3 99 18 88 49 23 11 85 58 93 77 102 22 93 91 
41 91 52 24 57 55 63 30 48 64 45 9 84 32 34 75 38 59 89 12 65 68 46 73 16 41 56 93 13 26 44 72 42 40 92 58 84 42 28 49 42 49 43 84 48 60 81 50 34 52 31 40 75 38 14 46 76 38 29 90 12 36 48 26 41 15 103 68 35 22 39 78 35 86 88 47 50 58 42 95 19 52 46 49 85 40 47 67 49 46 85 65 58 88 78 62 56 70 91 13 72 79 41 68 100 39 88 34 46 23 68 48 60 
79 41 21 93 32 90 38 49 87 83 32 105 25 11 99 79 42 73 53 56 44 76 102 41 73 65 114 40 15 85 68 67 78 109 84 69 24 69 10 80 24 84 100 75 66 64 89 69 59 20 22 86 69 39 19 103 26 19 82 42 11 9 21 80 26 123 97 76 40 81 90 66 77 86 82 34 60 1 114 33 23 37 57 95 82 88 92 52 10 91 77 89 87 64 91 29 71 112 29 93 61 71 95 121 81 86 18 87 18 93 25 39 
40 92 99 47 76 61 43 68 99 87 72 62 72 74 111 37 10 96 26 37 79 85 76 82 45 78 78 83 111 21 67 97 67 73 11 57 99 72 97 55 115 60 74 39 18 106 87 44 67 59 44 79 77 60 84 57 94 8 80 89 86 70 100 84 81 84 102 69 115 48 78 6 20 91 46 36 78 74 72 57 46 47 47 117 120 73 43 70 37 48 85 22 15 83 51 28 75 90 67 21 78 79 80 117 20 66 115 85 76 54 41 
52 78 15 63 24 14 58 73 48 72 22 32 68 80 7 36 59 15 19 57 75 39 57 30 80 41 43 82 26 44 69 73 58 31 17 67 37 70 19 84 64 53 28 29 80 58 24 27 19 47 53 40 23 76 17 54 42 43 50 50 30 72 44 88 72 71 33 83 53 51 37 44 67 7 21 41 79 33 23 6 24 56 85 89 63 17 33 50 42 68 45 26 68 20 30 77 50 61 27 53 68 85 84 44 26 85 45 65 17 14 
81 47 84 38 54 83 70 16 103 30 21 94 62 55 87 36 67 60 67 95 31 63 67 112 29 9 68 77 61 64 109 78 83 35 53 31 67 39 67 100 68 69 78 74 57 62 25 33 88 60 29 35 97 35 4 94 30 12 25 22 66 12 122 90 60 35 63 92 57 89 94 71 46 65 22 113 27 40 46 59 98 64 71 87 57 29 95 78 81 95 77 84 46 77 109 11 90 76 62 89 119 63 94 26 70 7 88 39 54 
90 27 59 64 34 12 64 46 72 83 37 32 85 103 47 80 97 21 27 52 21 54 53 53 80 25 78 33 17 58 27 99 81 31 97 14 89 31 55 25 60 100 14 24 57 75 80 60 25 53 89 31 76 85 94 51 91 101 72 17 69 63 23 25 53 35 59 28 93 85 11 81 65 94 57 60 93 73 56 65 37 34 31 62 93 72 52 15 84 94 19 94 70 52 70 39 100 24 27 60 37 85 78 28 77 30 86 91 
78 32 29 73 84 49 88 23 26 83 88 12 41 65 27 13 70 90 45 69 46 96 46 38 91 40 58 80 88 72 37 13 75 25 81 8 93 79 67 44 32 91 69 40 25 15 63 65 45 13 91 17 48 51 49 42 38 29 82 43 103 86 81 40 90 68 62 46 56 79 9 37 31 94 38 9 17 39 71 92 97 79 32 22 65 57 82 57 32 82 5 45 93 49 77 29 66 83 101 91 56 22 94 41 80 8 7 
51 49 7 34 68 22 65 78 12 54 70 80 57 60 82 18 12 52 24 34 30 54 79 49 56 23 36 33 5 77 71 46 91 34 78 55 28 15 38 80 39 32 39 70 71 33 25 54 80 13 67 88 69 53 91 99 68 38 71 41 9 44 50 58 32 28 69 60 25 69 45 90 33 57 82 61 39 38 60 58 5 46 87 45 27 12 58 73 7 82 47 28 74 12 80 22 5 37 60 60 72 52 78 4 75 77 
18 48 52 28 67 13 27 60 56 31 59 35 34 42 39 63 15 38 29 76 17 31 59 42 28 47 71 45 54 22 43 40 49 30 61 62 37 32 52 58 36 24 18 21 50 34 16 30 65 17 41 60 19 41 48 17 50 26 85 59 48 9 59 54 31 56 59 48 24 29 39 76 12 34 17 21 60 61 66 53 20 36 57 40 52 59 48 53 35 41 73 32 54 51 35 56 82 60 59 21 62 31 55 27 35 
44 61 46 59 25 38 54 70 21 42 52 17 33 43 61 32 44 17 68 35 46 71 24 31 57 61 44 38 26 57 47 58 31 74 52 39 17 37 68 46 11 30 26 36 41 34 34 62 22 57 42 37 55 58 32 60 44 76 58 61 26 73 41 38 38 41 54 20 11 49 66 30 35 13 10 46 75 79 50 3 43 42 29 54 41 32 54 33 23 65 50 48 36 40 54 73 75 41 31 74 47 51 28 28 
40 68 19 62 76 11 59 64 73 60 54 76 22 18 52 28 28 28 54 78 55 49 22 41 28 8 70 68 51 88 39 74 61 22 17 32 73 46 36 33 67 67 26 28 54 76 18 63 87 62 54 89 96 66 43 70 38 16 49 48 63 24 30 61 52 31 64 39 87 30 56 78 56 33 30 65 65 6 40 84 37 20 19 50 66 15 77 40 26 74 7 73 25 11 35 65 52 69 58 77 8 71 71 
53 56 64 74 46 20 81 102 34 77 93 20 37 43 17 54 63 43 69 15 78 31 5 67 32 98 73 18 89 3 82 21 62 26 60 98 7 15 55 67 72 64 20 44 81 41 68 74 95 41 80 91 63 5 58 73 33 12 45 24 64 22 93 87 9 76 64 84 67 51 85 68 53 70 26 24 39 59 85 76 54 23 86 92 28 87 71 62 58 46 97 21 36 70 26 87 70 18 67 38 79 86 
88 26 26 79 47 53 84 21 61 61 51 79 17 47 56 97 14 17 53 70 46 48 95 63 80 35 37 40 50 42 52 86 53 59 76 58 41 51 24 33 76 44 14 39 82 32 21 88 14 27 39 19 49 6 107 74 44 21 48 80 41 83 87 54 44 57 33 98 16 44 41 48 86 49 56 72 48 37 85 66 64 87 74 68 49 69 95 5 75 74 46 73 104 48 87 26 55 14 73 41 54 
80 94 10 76 78 80 79 65 89 40 20 71 46 42 9 74 97 71 57 41 58 12 26 78 84 69 105 56 90 77 13 36 44 82 60 54 48 85 85 29 47 73 93 17 80 107 65 73 108 115 84 60 90 19 23 66 68 80 24 49 66 53 47 79 51 106 11 75 94 72 49 26 82 80 17 55 101 36 30 33 51 75 28 93 48 6 94 12 83 44 20 16 82 53 87 74 97 18 87 85 
14 73 65 27 58 41 37 35 53 77 22 51 40 89 23 21 69 47 42 59 84 59 54 10 53 26 61 18 70 75 51 41 50 70 49 34 5 8 61 47 22 17 79 6 32 64 25 30 34 8 61 22 98 73 59 19 67 65 44 59 64 61 18 36 25 89 14 21 16 32 71 69 75 67 28 22 67 52 66 65 48 67 25 48 86 28 68 48 48 70 95 68 64 7 72 23 68 16 28 
87 71 35 66 46 47 39 65 90 31 62 54 103 31 12 76 59 55 69 98 72 62 15 60 15 71 18 76 89 64 55 57 80 59 48 8 13 75 58 30 13 92 16 22 74 33 17 20 11 71 20 112 86 67 30 73 79 55 69 76 72 26 50 11 103 23 19 27 46 84 75 81 81 41 11 80 66 78 77 57 80 25 61 100 25 82 54 60 84 109 74 76 7 79 15 82 18 32 
66 74 80 69 63 85 30 12 63 36 37 18 65 89 61 56 33 48 21 17 77 79 59 99 46 85 67 18 27 41 81 50 44 43 79 79 30 38 65 87 10 74 99 67 65 101 108 77 50 82 28 14 56 60 70 26 40 67 56 37 74 48 99 21 67 89 67 44 31 72 70 7 51 95 39 28 23 54 74 18 88 47 16 85 7 82 34 10 25 72 56 80 64 89 8 82 82 
87 112 26 87 98 37 58 42 32 67 83 41 64 7 90 45 18 87 51 108 75 12 86 20 83 5 81 43 73 107 18 25 67 66 73 81 33 43 81 61 71 66 108 39 74 86 61 16 53 93 53 10 47 4 81 34 105 102 29 80 75 80 87 50 87 74 64 88 6 9 59 69 83 92 70 43 101 102 48 90 84 82 51 66 106 36 56 90 6 102 69 8 61 58 81 91 
31 66 15 12 64 82 45 65 36 86 48 46 89 27 51 77 77 65 27 20 74 36 78 18 92 68 60 33 23 88 66 31 31 22 51 61 46 23 82 21 57 40 50 52 50 35 80 49 93 79 79 40 90 57 58 34 44 75 9 26 41 84 40 21 13 31 60 92 97 70 24 33 53 47 75 45 22 75 17 33 83 55 67 21 61 75 90 91 44 29 92 49 72 17 7 
94 24 29 82 91 74 85 48 86 77 78 113 24 70 99 75 77 4 51 99 65 99 49 116 68 77 42 9 109 88 46 62 53 51 81 75 54 90 52 88 17 78 83 79 66 102 80 89 89 103 68 116 56 80 14 29 94 40 38 72 82 69 50 43 48 55 118 121 79 43 63 45 53 89 31 10 87 44 33 83 86 73 12 80 85 88 117 29 61 116 80 81 48 34 
70 76 39 66 20 33 56 88 18 38 32 76 39 29 88 52 90 51 17 60 32 59 31 80 42 61 88 38 25 53 41 49 75 31 19 57 69 47 40 94 16 48 60 36 30 27 98 61 24 26 27 77 29 90 90 38 58 61 54 90 27 62 53 50 84 29 35 62 53 57 85 64 50 90 84 54 66 72 86 25 67 86 34 61 95 28 90 44 34 35 62 57 69 
24 59 72 50 61 26 72 52 58 88 12 46 75 63 56 20 32 75 51 75 34 91 55 54 22 20 85 64 22 42 34 37 57 51 38 72 32 69 27 54 65 65 45 77 58 78 69 78 43 91 43 55 22 29 70 22 15 56 70 46 36 21 24 45 93 96 60 18 48 37 35 68 30 14 66 32 18 69 64 56 20 56 65 76 92 29 41 92 60 62 31 22 
76 94 56 77 48 96 58 51 101 35 64 89 87 77 26 26 85 36 90 20 103 79 72 44 20 100 78 43 37 28 61 73 56 25 94 29 61 43 60 54 50 42 91 56 103 91 90 51 101 67 70 37 50 87 17 37 43 94 49 21 24 43 69 103 108 82 36 34 61 58 87 51 22 87 15 42 93 62 79 17 73 87 101 102 50 35 104 54 84 21 7 
27 36 6 34 49 38 64 34 58 12 20 50 14 78 61 29 79 19 69 40 44 5 39 79 27 14 36 57 60 43 7 38 69 30 56 72 74 37 76 85 54 22 55 59 22 27 35 41 43 10 73 67 12 61 44 76 51 42 73 53 34 50 44 44 23 41 75 55 34 13 65 73 16 74 50 47 57 29 79 5 22 56 43 67 59 38 62 22 66 70 
63 32 46 26 65 91 52 66 34 40 32 18 88 84 53 104 38 91 58 31 26 50 91 41 40 51 82 83 42 35 65 92 4 79 99 79 64 102 111 80 42 82 36 5 49 61 61 38 38 79 68 29 81 57 102 30 69 95 73 51 43 63 61 12 58 99 52 38 15 66 84 11 94 57 25 84 18 91 32 7 33 63 68 84 55 90 10 88 89 
32 40 80 3 28 46 57 29 38 78 46 69 32 30 46 40 40 47 69 36 44 68 49 28 36 24 31 60 29 2 39 65 28 36 75 4 39 49 20 40 19 90 58 36 6 45 63 25 71 72 41 38 42 41 81 8 44 32 33 70 47 52 55 33 42 69 49 49 72 64 52 47 54 78 22 58 66 31 57 87 46 72 27 49 26 56 38 49 
37 55 34 60 30 61 14 15 56 20 81 60 23 77 14 68 34 50 11 43 81 24 8 38 54 59 49 4 34 68 36 55 67 78 32 72 81 51 18 51 65 27 21 32 36 49 7 76 71 10 61 47 74 57 39 72 53 36 56 38 39 29 42 72 60 38 17 70 75 21 73 54 53 52 35 81 4 28 62 38 71 57 33 59 28 65 71 
50 43 60 67 24 22 52 43 29 44 43 55 64 52 48 71 34 28 5 46 61 42 6 46 43 21 34 42 51 46 39 71 41 44 70 75 46 55 55 58 43 57 34 71 25 33 38 34 46 37 11 65 49 40 52 30 8 30 73 76 34 13 60 29 12 41 34 39 40 51 17 47 61 31 46 33 39 56 73 34 47 70 60 36 45 44 
83 106 78 63 51 65 11 35 84 93 77 114 63 99 84 18 45 52 88 67 63 56 95 94 35 56 83 102 22 89 116 70 82 118 124 94 67 99 10 30 73 77 87 30 58 72 58 54 88 59 115 5 85 103 81 58 31 89 87 26 64 110 41 38 40 56 81 35 101 55 3 103 22 89 53 27 7 89 58 96 81 106 26 96 93 
26 46 59 32 38 80 48 72 34 29 46 40 42 46 72 38 47 70 49 29 39 24 32 63 30 1 40 67 29 34 78 2 38 48 20 40 17 93 60 36 9 44 66 27 74 75 42 40 45 41 84 8 45 34 36 73 46 51 58 36 42 72 52 51 75 66 54 48 57 80 20 61 68 33 59 90 45 75 27 48 25 58 39 51 
70 68 56 64 102 74 73 26 54 24 66 30 69 93 64 62 69 74 55 54 16 24 81 57 26 26 93 26 11 85 28 11 22 13 65 11 116 86 61 29 65 85 54 80 86 69 37 57 16 107 22 31 37 51 91 66 73 82 49 22 88 71 77 86 68 80 37 69 104 14 84 66 59 85 113 65 86 17 72 3 83 30 45 
90 44 14 82 47 109 79 16 91 15 87 6 77 40 72 108 11 24 67 70 77 78 32 47 86 56 74 72 108 43 80 92 66 12 59 88 48 10 50 10 78 33 105 101 24 83 75 86 82 54 91 76 65 85 11 9 54 70 88 90 68 38 100 103 43 93 84 77 57 61 107 34 51 85 12 101 73 3 67 53 85 94 
46 76 53 52 21 44 78 64 76 46 94 45 53 18 25 85 65 23 52 46 28 58 58 50 66 43 79 18 61 76 76 55 79 68 68 65 81 50 94 33 57 15 17 70 34 15 68 60 54 49 31 26 34 96 99 54 23 60 26 28 65 18 18 63 44 9 60 74 49 26 57 60 67 96 17 52 94 70 57 43 34 
29 49 17 66 50 34 69 29 57 48 41 9 28 67 39 20 23 47 49 36 12 32 58 36 45 65 63 31 68 76 45 32 48 61 30 35 27 49 38 11 61 56 24 49 32 67 52 34 61 41 22 45 51 53 26 28 64 47 25 24 55 61 25 62 39 48 52 29 66 10 28 57 51 56 49 48 55 27 54 58 
69 33 95 69 13 84 2 77 19 63 26 58 95 11 11 53 62 67 64 17 39 76 44 64 69 93 36 75 86 58 2 53 76 36 8 40 22 64 19 91 86 11 72 61 79 69 46 81 64 51 71 24 24 41 56 80 75 54 25 85 89 30 83 69 64 53 48 94 19 38 72 24 86 65 18 61 40 74 82 
36 73 87 79 108 67 92 88 9 45 44 78 72 64 50 89 87 26 57 80 95 29 83 112 59 80 113 118 89 71 96 15 35 77 74 91 20 58 61 47 58 80 51 109 7 81 96 74 52 20 93 91 28 57 104 30 31 44 45 71 39 93 45 9 100 21 79 53 31 13 93 47 91 85 102 29 89 85 
74 66 43 86 31 73 53 30 10 34 76 38 28 34 64 65 32 21 48 74 19 61 82 67 48 85 93 62 35 65 45 14 41 44 55 31 23 66 58 23 63 41 84 37 52 77 55 34 38 57 57 9 41 81 44 25 12 56 69 10 77 44 33 68 15 76 18 11 42 57 58 66 50 73 9 70 72 
47 95 61 95 45 112 66 73 39 6 105 84 42 58 49 49 77 71 50 87 48 84 18 74 79 75 62 98 76 88 86 99 63 111 54 76 13 28 90 36 34 68 80 65 46 38 44 53 113 117 76 38 59 43 50 86 30 5 84 40 30 81 82 71 9 76 82 86 113 28 56 112 76 78 44 30 
63 21 70 8 80 78 59 43 43 80 58 37 11 2 62 56 32 8 85 5 37 59 36 32 32 16 71 30 102 80 69 28 78 67 53 54 62 70 11 37 23 92 25 12 13 35 72 80 85 73 29 16 67 55 73 62 42 74 14 47 90 36 72 40 57 77 99 79 62 9 82 29 75 5 19 
75 16 71 17 73 34 61 94 21 15 54 54 61 70 23 31 69 57 58 57 96 27 64 76 50 13 43 87 48 7 34 16 71 22 93 90 23 68 63 70 80 38 74 61 52 78 18 22 51 56 71 82 60 37 89 89 42 78 72 75 41 58 93 26 50 84 17 90 57 18 51 51 69 78 
86 17 91 99 78 64 56 95 74 58 22 20 84 73 45 13 105 25 29 76 48 21 14 26 86 34 123 99 82 44 88 89 70 71 81 86 29 58 8 114 38 15 34 56 93 89 96 93 50 4 87 76 92 82 57 94 21 68 111 38 93 53 74 97 120 89 81 19 94 27 95 20 31 
79 21 61 25 58 95 9 12 53 64 69 63 17 41 78 42 65 71 93 38 77 88 60 4 56 73 33 10 42 24 62 19 91 86 9 73 61 81 67 48 82 65 51 69 26 25 39 57 82 74 53 23 84 90 28 84 69 62 56 46 95 19 36 70 26 86 67 19 64 38 76 83 
88 83 66 47 40 88 66 42 18 9 67 64 40 5 92 13 40 59 44 34 31 23 79 36 107 87 77 37 86 72 61 53 63 78 12 41 23 98 33 4 18 41 76 88 93 80 34 14 70 60 81 64 40 82 7 50 96 42 79 37 65 84 104 87 63 15 90 34 81 3 15 
83 45 76 111 17 28 71 71 78 83 36 48 86 62 76 71 112 44 79 91 66 17 58 94 54 13 52 5 84 37 109 105 30 85 79 85 88 55 92 78 68 91 5 5 60 73 88 95 73 44 104 106 49 95 88 83 56 67 110 38 57 91 6 105 74 4 66 59 86 96 
39 35 70 67 58 41 80 78 17 50 72 86 28 74 104 52 72 104 109 80 65 87 24 32 71 65 85 12 51 54 41 52 71 42 100 15 72 87 65 43 13 87 86 23 48 95 23 22 40 39 63 35 84 37 15 92 15 71 47 28 21 87 41 82 80 93 25 80 76 
34 74 33 19 31 56 58 38 11 38 67 29 54 73 69 38 76 84 53 28 55 55 21 32 34 47 38 13 67 61 17 58 39 76 47 42 70 50 30 45 49 50 19 37 73 49 28 15 60 68 16 71 45 43 58 24 74 8 20 52 49 61 58 44 63 20 63 67 
41 67 48 8 47 43 19 40 46 50 50 39 73 35 48 72 75 48 60 58 59 47 63 38 77 24 39 33 29 51 36 7 66 50 43 51 29 11 29 79 81 38 13 60 25 13 47 29 34 45 49 11 49 64 34 41 38 43 57 78 29 48 76 62 40 44 41 
105 84 43 54 45 53 78 69 45 90 44 80 24 72 74 70 58 98 72 93 89 98 62 111 58 76 20 34 91 32 35 63 85 62 41 35 44 58 113 116 79 38 54 49 53 88 36 7 86 35 34 85 79 74 3 77 84 91 112 34 52 112 72 81 39 25 
22 62 73 79 70 27 50 87 45 75 79 102 47 85 96 69 9 63 77 37 14 51 21 70 29 100 94 15 83 71 90 71 57 92 75 61 76 23 20 44 66 91 82 61 27 93 99 32 94 78 66 63 52 104 28 40 74 23 94 76 14 72 42 85 93 
42 52 57 56 8 29 66 43 53 62 83 27 67 77 48 13 45 73 35 15 30 29 56 8 80 77 13 61 50 70 65 36 70 53 40 63 31 33 37 45 70 67 45 25 76 78 29 72 59 61 46 43 83 11 36 70 31 77 55 28 53 37 63 71 
40 37 26 35 38 45 51 33 65 41 40 64 68 40 55 50 65 48 57 30 71 31 33 38 37 48 31 8 59 55 35 46 24 3 36 73 75 39 7 53 33 18 45 36 37 44 44 18 53 56 37 43 34 44 62 72 37 41 70 55 41 39 38 
9 67 50 23 15 84 10 27 69 26 24 29 5 64 18 103 77 61 22 68 71 47 64 70 64 21 42 20 94 16 21 21 37 76 70 76 72 34 18 72 58 70 70 52 72 25 54 92 25 73 51 52 75 101 69 70 3 73 18 73 17 30 
63 55 30 9 85 4 35 61 34 30 31 14 70 28 102 79 67 27 76 68 52 56 63 69 13 38 22 93 23 13 14 35 73 78 83 73 30 16 68 55 73 64 44 74 16 48 91 34 73 42 56 76 99 77 63 7 80 26 74 7 21 
47 62 70 40 59 92 37 63 91 95 67 66 76 41 41 70 55 85 5 48 37 26 55 55 26 86 32 61 71 49 29 9 87 88 30 33 79 11 11 45 24 46 41 68 19 32 81 23 54 45 36 39 87 26 68 82 81 33 64 59 
30 64 38 51 64 76 29 68 78 47 20 47 66 30 23 28 37 48 3 73 69 14 57 43 70 58 36 68 49 33 55 39 41 30 39 69 59 37 20 68 72 24 69 52 54 49 35 77 3 30 63 39 69 53 35 55 30 61 67 
38 68 28 34 76 3 38 47 19 41 17 92 60 37 8 45 65 27 72 74 43 38 44 40 84 7 44 33 35 72 47 52 58 35 41 71 51 51 74 65 54 47 56 80 20 61 67 33 59 89 46 74 26 50 24 58 38 49 
93 13 35 64 42 29 26 20 78 33 110 88 76 36 84 75 61 58 68 78 16 44 18 101 31 5 21 43 79 86 91 82 37 9 74 63 82 68 45 83 11 54 99 38 81 42 65 85 107 85 68 12 88 29 83 6 20 
80 102 77 67 105 113 82 46 85 32 8 52 63 65 36 41 77 66 33 82 57 104 26 71 96 74 51 41 67 65 12 58 101 50 37 19 64 83 14 95 57 21 87 16 91 35 8 29 67 66 86 59 92 10 89 89 
37 59 31 33 35 13 66 28 98 75 64 24 73 64 48 54 60 65 12 34 26 88 20 17 11 31 69 75 80 68 26 20 64 51 69 61 42 70 19 45 86 34 68 42 52 72 95 74 60 9 77 28 70 10 22 
96 35 9 21 25 70 17 126 94 65 39 67 96 61 91 97 75 48 68 21 117 31 40 48 62 101 68 75 91 60 29 99 82 85 97 79 88 46 80 113 15 94 77 67 93 123 67 97 28 74 10 92 40 55 
79 91 90 72 96 85 73 78 98 68 112 41 75 5 12 86 48 33 82 66 72 61 48 44 39 114 117 67 41 73 29 42 80 14 20 77 56 24 67 91 60 27 74 73 72 114 12 68 111 87 69 57 45 
39 50 22 38 18 92 59 34 10 42 66 26 75 76 40 42 46 43 84 11 47 36 37 73 43 49 57 38 44 73 53 50 76 68 53 51 58 80 20 61 70 32 58 89 42 76 30 46 26 58 42 53 
12 24 76 21 127 98 71 41 75 95 65 86 94 80 43 67 12 118 33 33 44 62 101 76 83 94 58 21 97 82 89 94 74 92 39 78 115 23 96 71 71 96 124 75 94 24 82 13 95 35 49 
30 87 33 133 106 83 49 87 100 75 85 94 90 42 69 9 123 42 29 46 66 104 88 95 101 61 16 99 87 98 95 71 100 35 80 121 35 102 67 80 104 130 87 94 27 94 25 102 33 45 
60 14 103 75 56 18 63 71 44 67 72 61 26 43 22 94 12 26 24 38 77 65 71 71 35 22 74 58 67 72 56 69 30 55 91 20 72 56 49 73 100 64 72 8 68 15 72 21 35 
55 77 37 7 42 20 66 22 94 89 13 74 64 81 71 48 83 67 53 73 22 21 43 59 82 78 56 27 88 92 32 85 72 66 54 50 97 22 40 74 22 89 67 15 63 42 77 85 
109 77 50 22 54 80 44 80 85 59 40 55 27 100 15 38 37 47 86 56 62 74 46 31 84 66 68 85 70 71 43 67 97 6 77 70 50 76 106 55 85 21 61 8 75 35 49 
40 84 87 97 35 68 75 61 64 95 66 123 9 94 111 89 66 34 99 97 36 72 118 44 46 50 59 86 45 108 60 12 113 31 94 63 37 3 99 61 105 91 115 36 104 100 
44 56 57 38 33 77 67 25 77 54 97 34 64 91 69 48 44 59 57 10 55 95 52 36 10 66 82 6 91 56 29 79 18 89 27 5 37 59 67 80 51 85 8 84 86 
40 14 71 23 96 92 19 73 65 77 77 44 81 66 55 78 16 18 49 60 78 82 60 33 91 93 38 83 74 72 49 56 97 25 46 81 16 92 64 13 58 48 74 84 
50 58 25 64 66 42 33 36 41 78 7 40 26 27 64 52 57 53 27 40 63 44 48 66 57 51 43 48 74 26 55 60 30 55 84 51 66 25 53 29 54 34 44 
85 38 109 106 33 83 79 82 91 53 89 77 68 92 2 8 63 73 85 96 75 47 105 106 52 93 88 86 52 70 109 40 60 94 2 106 71 9 62 62 84 94 
49 42 30 54 60 31 90 27 65 76 54 33 7 88 88 28 38 84 13 13 43 28 51 39 73 25 27 85 20 59 45 33 33 87 30 72 82 85 30 69 64 
72 68 17 54 42 67 60 32 65 46 31 56 40 42 32 37 65 59 37 23 67 70 26 66 51 56 46 37 75 5 32 65 39 68 50 36 52 32 58 64 
14 85 43 30 76 68 67 55 43 41 41 111 114 67 37 68 31 41 79 16 15 76 50 22 69 86 61 22 72 73 74 111 14 63 109 82 69 52 39 
78 52 30 85 54 71 66 49 40 27 108 110 57 39 77 17 33 70 2 28 67 61 18 55 91 50 36 67 62 60 108 70 104 87 59 61 51 
71 56 83 58 49 82 63 46 61 35 33 30 52 82 66 45 14 77 85 19 83 62 53 60 37 90 13 27 61 35 78 67 27 67 29 75 81 
29 33 86 31 15 8 30 64 85 90 70 23 25 58 49 73 52 31 73 13 38 85 46 68 30 57 74 93 84 52 20 86 39 71 9 10 
60 57 41 44 23 10 35 81 84 45 9 53 30 20 52 30 29 51 42 12 56 61 41 35 42 50 64 81 30 42 79 58 47 38 34 
114 34 22 37 57 95 83 90 92 52 9 90 77 90 86 63 92 28 71 112 31 93 60 72 95 121 82 85 18 88 20 94 24 38 
85 102 79 57 27 93 91 28 63 109 37 37 44 52 78 39 99 52 5 104 23 86 55 31 6 93 54 96 85 106 29 95 91 
36 26 32 71 55 60 60 32 34 69 51 56 71 59 58 39 53 82 20 63 60 38 63 91 54 71 19 57 21 61 30 42 
22 45 79 91 96 84 38 13 73 64 85 67 41 86 6 53 100 44 83 38 69 88 108 90 66 18 93 35 86 7 16 
22 58 79 83 62 16 30 53 42 65 50 32 65 21 34 78 44 60 33 49 66 86 78 49 20 79 39 64 15 18 
39 70 73 39 7 52 36 20 44 39 38 44 43 21 55 53 38 44 32 44 64 70 40 38 68 52 41 38 38 
95 95 34 43 89 10 20 50 25 51 46 76 26 28 91 26 60 52 39 33 94 27 77 89 91 36 73 67 
7 65 75 86 99 77 49 107 108 54 94 91 88 53 72 111 42 62 96 1 108 73 10 63 64 85 96 
63 78 92 99 78 47 109 111 52 100 93 86 60 71 115 43 60 94 8 110 79 6 70 62 91 101 
46 89 41 25 16 55 72 12 83 45 24 78 8 79 27 5 33 65 57 74 57 82 2 77 77 
46 39 25 51 39 33 51 37 21 61 52 44 38 38 51 69 74 39 34 73 50 48 31 31 
83 72 88 78 54 89 19 64 107 36 89 51 70 92 116 85 77 15 90 25 90 16 29 
21 56 15 42 53 70 19 38 90 34 50 56 47 43 98 17 73 93 88 43 67 60 
37 31 46 34 62 19 35 71 21 54 34 31 44 76 33 59 72 72 28 57 55 
69 81 5 86 56 39 70 24 88 18 13 47 49 70 73 41 76 15 78 82 
30 66 62 18 53 91 48 38 66 61 58 107 2 70 103 88 57 62 52 
80 36 27 78 76 67 8 71 77 84 107 28 51 106 70 74 39 25 
86 54 34 73 20 86 21 8 42 54 67 74 46 79 10 79 82 
50 98 49 81 32 70 87 106 93 61 22 96 40 85 8 10 
51 73 40 35 50 51 58 90 18 54 87 70 48 47 40 
100 19 86 51 26 9 88 55 93 80 103 24 93 90 
81 76 52 79 110 52 91 27 59 10 78 41 55 
75 32 13 28 72 50 75 65 84 10 76 75 
76 85 93 111 36 50 111 69 81 36 22 
27 60 42 67 55 37 57 27 62 67 
34 62 62 77 54 83 3 81 82 
96 60 102 88 112 33 101 98 
108 72 10 62 64 85 95 
70 104 87 59 61 51 
76 19 76 14 28 
69 56 88 97 
82 33 48 
78 79 
14 
