120 4
56 30 79 53 32 80 24 32 56 68 82 49 53 24 29 55 26 47 24 68 21 46 46 79 23 82 7 21 32 55 53 61 48 17 11 58 99 44 74 50 76 60 68 54 78 68 67 71 50 45 84 73 69 19 44 79 84 63 68 24 29 10 30 53 43 95 39 39 61 26 33 52 44 79 22 75 57 73 22 27 39 20 19 29 39 68 62 36 21 60 71 55 80 51 15 20 58 32 76 90 72 26 28 35 73 87 36 28 30 67 65 52 38 65 5 90 80 8 51 
48 38 57 24 52 78 68 50 15 32 65 6 48 27 39 72 17 64 47 76 12 33 24 76 26 63 70 58 26 36 45 10 69 67 55 55 12 20 13 23 57 66 47 25 92 61 44 21 44 32 41 67 73 20 47 41 31 42 32 57 63 37 55 74 54 30 47 5 63 62 81 19 30 47 23 67 25 40 37 75 75 63 78 74 28 35 29 70 41 39 42 48 68 41 69 56 26 54 45 27 29 66 33 29 54 49 29 28 30 41 10 21 35 54 52 29 61 62 
83 75 34 91 39 20 74 64 80 74 43 6 33 68 27 50 53 81 39 45 22 68 36 74 33 28 9 33 65 75 38 31 36 78 102 36 59 51 60 80 89 71 62 97 86 82 31 63 81 47 90 35 29 88 87 70 79 26 8 30 11 74 72 100 19 9 53 16 14 81 30 78 8 58 81 55 13 43 69 48 49 34 69 47 38 47 28 33 79 27 89 76 30 28 78 39 89 92 74 29 19 15 75 96 5 23 23 45 38 40 27 74 33 97 77 38 75 
49 50 19 104 101 39 25 14 61 45 81 52 30 102 34 75 24 101 38 72 40 102 31 87 99 93 64 30 29 48 96 91 42 20 47 47 32 49 43 49 37 52 83 42 18 60 42 18 78 49 98 58 12 4 16 18 60 91 89 72 47 76 16 67 84 37 95 97 80 57 13 80 52 57 56 73 52 80 93 77 107 78 64 73 43 99 79 12 81 12 63 64 98 43 48 25 11 11 56 98 69 9 16 85 61 60 67 79 49 56 16 76 14 16 81 56 
45 37 74 84 10 57 60 12 61 70 44 20 80 41 36 26 71 46 77 76 75 71 58 75 82 77 22 20 59 70 61 7 65 55 77 44 80 7 14 12 83 35 14 32 71 13 64 96 15 70 65 41 53 35 31 50 79 63 67 2 29 59 68 81 60 78 84 31 64 57 68 81 9 83 62 32 34 58 40 82 32 85 87 31 75 90 37 88 41 14 45 74 6 39 30 60 50 47 81 68 49 46 79 54 56 86 93 63 59 33 48 52 60 50 7 
56 55 51 41 35 50 48 22 31 3 34 52 16 41 46 53 14 31 48 54 49 40 49 43 33 31 41 18 47 44 46 70 13 43 18 45 48 57 38 48 75 53 47 26 31 51 53 58 50 20 53 54 36 44 9 41 41 24 43 53 67 23 38 29 45 47 62 19 47 30 45 53 45 22 15 53 51 39 57 53 43 43 14 49 45 44 43 54 51 17 48 46 5 55 60 41 6 48 24 43 61 37 11 12 44 48 22 13 39 30 62 48 37 47 
104 106 28 41 33 50 58 87 57 25 105 41 70 12 101 47 83 58 103 50 87 101 100 78 27 20 60 97 90 30 29 58 64 42 67 30 33 28 69 69 27 8 73 37 37 93 33 99 69 7 20 21 12 65 97 90 80 36 66 22 77 93 51 100 103 68 68 32 86 69 44 73 78 53 71 90 73 109 70 79 87 44 101 93 13 94 6 51 66 100 31 52 8 26 27 61 103 78 25 9 93 67 68 82 93 62 66 17 75 15 35 79 44 
27 78 91 106 67 74 35 53 78 16 71 39 92 3 70 61 101 3 104 16 12 35 72 77 84 69 9 13 80 124 66 94 74 96 81 88 77 98 81 88 95 68 68 107 87 89 5 63 103 108 87 92 46 33 14 46 74 56 119 56 48 83 25 32 65 63 103 35 94 76 92 39 51 51 20 34 12 52 86 77 61 12 73 95 66 104 68 39 11 80 56 99 114 96 49 23 52 97 111 44 49 50 84 78 72 58 89 28 114 103 24 70 
85 83 99 81 63 19 49 82 10 67 55 95 28 63 41 88 23 94 30 15 11 53 79 88 57 21 30 89 120 55 80 68 81 90 99 83 82 100 97 97 51 74 100 65 100 24 49 104 105 87 94 41 11 25 30 84 74 118 39 26 72 6 7 84 49 96 21 78 89 75 28 54 70 43 50 17 71 67 56 61 15 51 95 44 105 83 40 16 88 54 104 110 92 44 4 35 93 112 22 40 41 64 56 59 46 90 37 113 96 38 83 
48 50 22 54 69 41 11 83 34 42 16 75 40 73 67 78 62 62 77 81 72 14 10 53 73 65 5 55 50 69 37 72 7 16 3 74 45 12 22 65 11 54 90 17 74 60 31 43 25 21 48 78 66 65 8 38 49 65 79 53 79 84 41 59 48 67 73 18 75 61 31 42 63 45 85 41 78 82 27 77 86 27 84 32 24 45 76 5 36 22 50 40 45 82 65 39 37 78 52 53 80 87 57 54 23 51 42 50 54 17 
16 66 21 63 38 36 86 22 72 40 89 21 49 19 89 15 75 84 74 40 34 40 26 83 80 53 39 27 23 18 25 55 63 44 28 93 56 35 37 45 16 53 63 86 36 35 27 24 33 45 72 76 53 55 78 39 45 63 12 78 78 85 35 14 62 28 66 32 55 45 80 86 72 92 80 39 48 36 84 55 29 57 36 69 52 83 53 36 45 29 14 42 81 49 16 41 64 43 42 42 54 25 36 27 65 39 13 72 63 
71 38 79 53 40 102 34 82 37 103 36 65 26 104 17 89 99 90 56 39 41 43 97 93 54 23 43 35 31 37 56 62 48 39 96 55 31 53 52 3 67 63 100 52 26 14 25 31 60 89 91 69 58 86 25 62 79 29 94 94 90 51 3 78 40 69 45 71 56 89 98 83 108 88 53 63 47 99 70 25 74 27 74 66 99 55 49 40 14 11 56 97 65 11 30 81 59 58 56 69 42 53 27 79 26 3 85 67 
67 68 46 31 75 48 27 38 64 53 79 85 68 81 52 69 79 81 32 32 65 64 54 19 77 60 85 52 88 19 22 24 90 27 25 44 75 21 75 101 23 64 69 53 65 46 43 50 76 57 67 14 17 71 71 81 68 75 81 19 68 69 66 89 8 90 61 33 22 49 32 76 20 91 92 36 69 94 49 91 53 2 43 68 18 43 42 72 61 49 77 70 60 59 79 56 58 91 96 69 62 45 44 64 71 43 5 
43 25 43 67 20 63 52 73 14 27 26 72 31 60 65 53 20 40 49 5 65 64 59 61 9 21 17 23 61 70 50 25 94 65 50 15 47 38 36 71 69 14 53 48 37 47 29 52 60 32 59 75 61 24 41 9 57 57 83 13 36 42 23 70 23 36 37 75 73 62 73 75 24 29 31 65 35 45 36 54 70 39 65 59 26 60 51 34 27 61 27 36 60 43 25 24 25 35 4 16 41 52 59 35 59 65 
30 64 24 47 47 77 34 44 26 69 32 74 27 24 12 37 61 71 38 26 30 73 101 36 61 49 62 75 84 66 64 91 81 78 33 58 80 52 85 30 30 85 85 68 75 22 9 24 11 69 65 98 21 15 53 14 15 75 30 77 2 61 75 58 8 38 62 42 43 31 63 51 42 43 24 38 76 32 86 70 25 24 73 35 86 90 72 26 18 17 74 93 12 20 21 49 43 40 27 71 27 94 77 32 69 
34 50 18 38 47 50 17 33 51 51 52 37 46 42 35 31 41 21 44 41 45 72 16 46 21 48 47 57 38 51 73 53 48 29 30 54 55 58 47 22 55 56 37 45 8 40 38 24 42 51 68 24 38 32 43 46 60 21 49 28 48 51 48 21 13 51 48 36 55 50 46 45 14 46 47 46 44 55 49 14 46 45 5 55 62 44 4 46 24 45 63 37 11 12 46 50 25 15 40 27 64 50 34 46 
80 23 46 13 75 30 64 56 78 50 61 76 76 62 3 7 43 72 65 16 49 40 57 26 60 18 27 8 63 56 21 17 56 12 43 80 28 73 51 26 34 15 14 41 74 65 58 18 46 43 57 72 41 75 79 50 50 37 62 62 29 64 55 27 49 65 48 84 48 68 72 20 76 76 18 76 26 33 41 75 17 29 21 41 29 38 78 58 29 33 71 45 46 69 78 47 46 14 50 37 40 54 26 
68 49 94 17 66 49 94 12 98 23 6 20 61 78 87 62 12 22 85 122 59 86 70 87 87 95 81 88 92 93 96 58 71 103 74 96 14 54 104 106 87 93 42 19 18 36 80 67 119 45 35 77 11 17 76 55 99 25 85 84 82 31 52 62 33 44 7 63 74 65 61 6 60 95 53 105 77 39 7 85 54 102 112 94 45 8 41 95 112 31 43 44 72 65 64 51 90 32 114 99 32 78 
50 34 68 6 42 38 69 37 55 65 59 38 20 30 19 63 59 39 53 17 37 4 39 41 50 30 42 75 45 33 32 27 36 56 51 66 28 38 38 20 30 26 57 56 39 38 58 50 35 51 20 61 63 65 27 31 46 40 50 42 38 23 59 64 50 73 58 44 48 14 65 53 29 53 39 51 31 64 39 14 42 43 25 22 64 37 26 46 52 26 26 46 54 23 24 24 44 47 32 50 45 
58 36 52 65 87 40 87 26 43 57 71 45 50 59 37 27 43 94 55 84 54 86 44 49 42 89 44 50 62 65 33 85 91 50 36 59 72 80 59 60 37 53 31 50 36 18 89 57 62 68 50 57 28 59 79 45 86 36 86 43 27 15 21 5 49 15 84 81 36 43 80 64 76 72 29 27 42 42 37 64 86 71 38 51 55 72 79 59 43 45 83 84 63 52 59 20 83 80 17 31 
89 40 76 58 92 51 75 89 90 72 16 7 53 86 78 19 39 51 62 35 65 20 25 16 68 59 18 6 66 24 41 89 25 87 62 15 27 16 6 55 87 78 71 24 55 32 69 84 48 89 93 57 61 35 75 67 34 71 68 41 59 78 61 98 58 75 82 34 89 86 12 87 15 40 55 89 20 42 8 34 28 51 92 70 27 21 84 58 58 78 87 56 58 12 64 25 38 67 33 
68 60 99 5 102 14 12 35 71 74 81 67 8 10 77 121 64 93 72 94 78 85 74 96 78 85 92 67 65 105 86 86 4 62 101 105 85 89 44 33 12 45 71 53 117 55 48 81 26 33 62 62 100 34 93 73 91 38 48 48 17 31 14 49 85 76 58 12 73 92 66 101 65 37 12 77 54 96 112 94 47 24 51 95 108 44 47 49 83 78 71 56 87 25 111 101 21 67 
36 35 68 35 54 63 55 32 26 36 13 61 58 45 57 11 32 5 35 47 56 36 38 80 51 39 26 33 37 50 57 64 22 43 41 26 36 23 53 55 34 44 62 54 29 46 16 58 59 69 21 33 42 35 55 37 35 25 63 64 52 71 62 38 42 17 63 46 34 47 44 56 31 62 45 15 48 46 28 20 61 31 30 51 47 23 22 39 48 17 18 30 44 51 33 50 50 
48 58 55 51 50 30 12 61 71 23 52 55 77 89 25 39 41 39 80 89 69 40 105 85 75 12 63 65 26 90 56 14 79 75 62 72 29 30 49 16 75 82 88 8 16 36 38 35 91 15 63 26 37 85 33 24 46 80 66 62 56 80 25 16 46 50 14 70 11 80 82 38 50 78 37 84 78 61 30 41 10 63 86 19 23 21 23 18 23 18 66 48 86 62 54 79 
99 10 87 92 78 37 53 59 32 92 91 72 49 35 10 34 11 74 82 64 13 111 75 54 37 64 24 42 82 96 39 51 40 43 52 55 77 87 58 74 96 51 48 64 19 84 82 103 38 26 68 14 85 19 62 60 97 99 87 100 97 29 41 52 92 49 47 54 52 88 65 92 73 50 63 40 31 53 87 52 32 56 67 52 50 33 46 29 43 46 78 52 24 85 81 
102 16 8 31 69 76 84 67 6 13 80 122 63 92 72 93 82 89 77 95 83 89 95 65 67 106 83 90 4 61 103 107 87 92 44 29 13 43 75 58 118 53 45 81 21 29 67 61 101 32 92 77 89 36 50 53 22 35 9 54 83 74 60 8 70 94 63 104 69 38 8 80 55 99 113 95 47 20 49 96 111 41 46 48 81 75 70 56 89 27 113 102 25 71 
89 96 84 45 48 53 36 96 93 66 39 38 19 33 21 68 76 59 23 107 69 46 43 60 14 52 76 99 44 43 31 36 45 58 83 90 63 69 93 41 54 71 21 89 88 100 44 17 73 24 80 29 67 60 96 100 87 104 95 38 50 51 96 58 39 62 44 84 66 96 67 50 55 30 23 55 92 58 24 47 73 55 54 42 56 34 47 40 79 43 14 86 77 
17 33 61 60 67 55 11 4 64 107 51 81 58 83 65 73 60 85 70 72 78 56 51 91 78 74 12 51 86 91 71 75 31 30 5 35 58 44 102 45 43 68 25 33 53 51 86 26 82 61 80 27 34 40 15 21 24 40 74 68 44 17 65 78 59 87 54 23 16 63 40 83 97 80 34 26 41 81 94 39 35 37 73 70 59 45 72 11 97 87 9 55 
23 61 74 82 60 6 16 80 118 57 85 67 86 81 89 76 88 86 88 92 57 66 100 75 90 9 53 100 103 83 89 39 21 12 35 74 61 115 45 36 75 13 20 70 54 96 24 84 78 82 29 48 56 27 38 8 57 75 66 56 61 91 55 101 71 34 1 80 50 97 109 90 42 12 41 92 108 32 40 42 73 66 63 49 85 26 110 97 26 72 
42 74 83 48 28 35 85 112 46 69 60 70 87 96 79 71 101 93 91 41 70 91 54 97 31 39 97 97 80 88 34 3 29 21 81 75 110 29 15 63 9 4 85 39 87 14 68 87 64 21 50 72 48 52 27 72 56 45 56 23 40 88 33 98 82 37 23 85 47 98 102 83 38 12 25 85 105 11 32 32 53 45 49 37 83 37 106 87 40 81 
59 68 18 63 64 76 80 21 27 36 28 79 88 68 28 108 83 70 6 63 55 19 89 67 12 73 67 57 67 34 42 59 26 75 86 80 16 28 27 50 47 95 13 54 37 25 85 21 33 48 85 75 69 67 85 14 10 46 61 15 65 17 74 84 44 61 77 38 79 70 53 34 53 20 55 80 31 28 26 12 15 16 19 61 55 78 53 62 80 
10 40 70 63 19 49 37 55 23 58 21 30 10 60 58 24 18 53 13 42 77 31 72 48 27 34 14 15 39 71 63 55 20 47 43 54 69 38 73 77 51 47 36 59 59 32 61 52 25 50 64 47 82 49 65 69 18 74 73 19 72 27 35 39 73 19 26 24 41 28 35 76 55 28 34 68 42 43 66 74 43 43 13 48 38 38 53 28 
50 78 71 13 46 47 62 32 65 15 22 8 68 55 16 12 62 17 44 86 23 80 57 22 33 16 11 49 81 71 65 18 48 39 64 79 46 82 86 51 56 38 69 67 28 69 62 34 52 70 53 90 50 73 78 27 82 83 17 82 22 34 48 81 14 36 15 40 30 45 85 65 30 28 78 52 53 75 84 53 53 13 56 33 41 60 27 
60 59 58 65 4 26 18 28 60 70 50 30 91 65 52 13 45 43 37 71 64 9 55 51 39 49 24 46 55 27 57 71 64 19 36 15 52 52 80 8 40 37 27 68 26 30 33 72 68 57 68 71 26 28 29 60 33 47 34 56 67 34 60 59 22 61 55 37 22 56 22 39 62 38 20 18 27 34 4 11 43 47 62 40 54 63 
10 75 116 57 85 66 87 77 84 71 88 80 83 88 59 62 99 78 85 4 54 97 100 80 85 38 25 7 37 70 55 112 47 40 74 18 26 64 54 94 26 85 72 83 30 44 50 21 32 12 51 77 68 53 6 65 88 58 97 65 31 5 75 48 93 106 88 41 17 43 90 104 36 40 41 75 69 63 49 82 21 107 95 20 67 
67 111 55 85 62 87 68 75 63 89 70 75 82 60 54 95 81 76 9 55 90 95 74 79 35 32 6 39 61 45 106 48 45 72 26 34 54 55 90 29 86 63 84 31 38 40 12 22 22 41 78 71 48 16 69 82 63 91 56 27 15 66 44 86 101 84 38 26 45 85 98 41 39 41 77 73 63 49 76 15 101 91 11 57 
58 55 74 42 77 2 11 8 79 41 8 25 70 15 58 95 12 76 65 34 46 29 24 52 82 68 69 6 36 51 69 83 58 82 87 38 64 52 71 78 15 80 65 35 41 64 47 88 40 83 87 31 80 90 30 89 34 21 48 79 1 40 22 53 44 49 85 70 43 39 82 56 57 85 92 62 59 27 53 44 54 55 14 
66 58 51 60 59 62 54 62 98 56 33 77 61 25 90 62 118 75 24 15 36 35 79 110 109 91 63 94 7 85 102 52 114 116 96 74 25 99 63 73 68 92 72 98 113 97 127 97 76 87 63 118 94 30 97 24 79 84 118 59 67 37 10 28 76 118 87 27 20 103 80 79 80 93 65 75 35 96 14 26 101 72 
30 16 32 57 66 46 34 87 61 50 15 41 44 41 67 60 11 54 51 37 47 20 45 51 25 53 67 64 19 36 17 50 50 75 10 41 35 31 64 31 28 29 67 64 53 65 67 30 32 24 57 36 45 36 55 63 30 57 55 18 59 55 37 18 54 21 39 61 37 17 15 31 37 8 9 41 43 61 41 50 59 
33 2 76 84 65 5 112 78 59 28 64 33 32 85 89 31 58 48 46 56 50 68 80 49 75 94 60 40 55 16 75 73 102 31 34 61 5 86 10 55 57 95 94 83 92 95 19 31 50 85 39 52 44 59 88 60 84 74 46 68 49 37 48 79 44 38 63 58 46 44 22 36 22 36 50 73 60 32 80 82 
36 44 53 33 38 79 47 34 31 31 33 54 54 68 27 38 36 21 31 28 58 59 39 42 62 49 35 52 16 63 64 69 26 28 47 37 53 38 40 27 63 67 54 76 63 41 46 18 67 51 29 52 39 54 34 67 42 18 43 41 23 25 66 37 24 45 52 28 28 43 52 20 24 25 47 46 29 54 49 
79 87 68 2 115 81 61 29 67 35 31 88 91 32 60 50 49 59 52 69 82 51 78 97 62 41 56 19 76 74 105 32 36 62 3 89 8 57 60 98 96 85 93 97 18 30 53 86 38 55 43 61 90 62 86 77 49 71 51 39 50 80 45 41 66 59 48 46 21 35 24 38 53 75 62 34 82 85 
9 10 82 40 6 26 73 17 59 98 10 77 67 35 47 31 25 54 84 70 71 7 36 52 72 85 60 84 89 37 66 53 73 80 14 83 67 37 41 65 48 89 40 85 89 33 81 93 31 91 35 20 50 80 2 42 23 54 46 51 87 72 45 39 84 58 59 87 94 64 61 29 55 45 56 57 14 
20 90 36 6 31 82 26 66 107 1 84 76 38 52 39 31 63 93 77 80 15 39 55 81 94 69 92 98 37 75 60 82 89 14 92 76 46 44 71 54 97 43 95 98 43 89 102 37 101 38 22 59 88 11 52 25 58 53 60 95 81 51 42 93 67 69 96 104 73 71 36 63 48 63 64 18 
71 48 15 21 62 9 51 87 21 72 56 30 41 22 19 45 76 64 62 10 39 48 61 76 49 77 81 43 55 45 64 70 21 72 58 28 43 62 45 84 42 75 78 24 76 82 25 81 31 26 42 75 9 33 22 48 37 42 80 62 36 37 75 49 50 76 84 53 51 21 49 41 47 52 19 
117 84 64 30 70 37 30 91 92 34 63 53 52 62 54 70 84 52 80 100 64 42 56 22 78 75 107 34 38 63 3 92 7 58 62 101 98 88 95 100 17 30 55 88 38 57 43 64 93 64 87 80 51 74 53 42 52 81 46 44 68 59 50 48 21 35 26 40 56 77 65 36 84 88 
42 65 101 47 99 128 36 79 95 74 87 71 65 76 98 75 92 38 25 91 96 105 95 94 101 16 94 93 89 116 26 117 85 59 30 61 49 92 29 118 118 63 86 120 71 116 74 24 67 85 40 70 61 94 85 75 96 95 85 78 102 81 83 118 123 96 88 68 64 84 96 61 30 
24 77 23 59 101 7 84 72 32 45 32 24 60 90 76 77 13 42 49 77 91 63 91 96 42 71 53 79 83 18 86 73 43 47 72 54 96 46 89 93 39 88 97 30 96 32 25 56 87 8 48 19 52 46 57 93 77 45 36 90 64 65 91 99 68 66 29 62 42 56 63 20 
65 29 35 86 31 90 61 9 21 13 3 56 88 81 71 30 60 27 68 84 45 91 94 63 60 30 77 63 40 67 70 44 64 82 65 100 63 73 79 35 92 85 7 86 9 46 57 91 26 43 9 28 23 52 94 70 21 16 84 58 59 75 85 54 57 9 67 20 32 71 39 
57 53 26 83 63 6 68 63 52 62 28 40 55 22 69 80 76 12 27 24 47 45 89 7 51 33 27 79 24 29 42 79 70 63 65 79 18 16 39 57 20 60 21 69 78 38 57 71 32 74 66 49 28 51 16 51 75 30 22 20 17 21 11 13 56 50 74 50 57 74 
55 82 27 63 51 38 47 27 26 37 67 55 54 12 34 55 55 68 48 68 72 39 50 49 56 68 22 70 50 20 37 53 36 74 36 71 73 17 66 76 31 75 38 23 33 65 15 26 31 54 41 34 70 55 41 45 67 41 42 72 79 49 45 26 40 49 51 43 17 
65 66 102 52 30 17 28 34 61 89 93 70 61 89 27 62 80 28 95 95 94 52 6 79 38 73 43 72 59 92 100 85 109 91 51 62 49 100 69 28 73 31 77 68 100 59 51 44 16 14 58 98 65 14 33 81 60 59 55 68 42 53 30 81 29 4 87 70 
108 82 32 87 80 73 83 53 55 75 42 94 106 92 34 39 41 63 58 115 33 66 52 28 105 22 50 68 105 93 88 81 105 14 10 65 75 14 80 21 88 104 64 75 96 58 96 81 67 53 66 37 69 94 43 48 45 11 9 33 39 77 74 92 64 80 100 
85 77 39 52 39 31 64 94 78 81 16 39 55 82 95 69 93 99 38 76 60 83 90 14 92 77 47 45 72 55 98 43 96 99 44 90 103 38 102 38 23 60 89 12 53 25 58 53 61 96 82 52 42 94 68 70 97 105 74 72 36 64 48 63 65 18 
58 99 103 82 87 41 29 9 41 70 54 114 51 44 78 22 29 63 58 97 30 89 72 87 34 46 49 18 31 13 50 81 72 55 9 69 90 62 99 65 34 8 76 51 95 109 91 44 21 47 92 106 40 43 45 79 73 67 53 84 23 109 98 20 67 
64 61 48 58 21 38 50 18 63 73 74 9 27 24 44 43 82 1 50 29 31 73 29 24 36 73 64 57 61 73 24 22 34 53 25 56 25 65 72 32 53 65 25 70 65 47 21 48 13 49 72 29 16 14 24 27 10 7 52 44 72 49 51 67 
13 17 11 63 95 89 77 39 70 17 73 90 46 98 101 72 63 25 83 63 49 67 76 52 74 91 74 108 73 73 82 43 100 88 8 89 1 55 65 99 35 50 14 19 21 59 101 75 19 8 90 64 65 76 88 57 62 14 75 11 28 80 48 
21 22 64 95 93 76 51 80 13 70 88 39 99 101 84 60 14 84 53 61 58 77 57 84 98 81 111 83 66 75 47 103 82 16 84 14 67 68 102 47 52 28 7 13 60 102 73 12 16 89 65 64 69 81 52 60 20 80 12 16 85 60 
10 45 77 73 59 33 61 31 56 72 32 80 83 65 47 22 66 51 44 55 59 36 64 77 60 92 63 60 66 26 83 72 8 73 18 48 48 82 30 33 22 27 14 42 84 57 14 25 73 47 47 62 72 41 45 4 59 27 25 64 41 
53 85 78 68 29 59 29 65 81 42 88 91 62 57 29 73 61 39 65 66 41 63 80 62 97 61 70 77 32 89 82 6 83 12 45 54 88 25 40 12 29 22 49 91 67 20 19 81 55 56 72 83 51 54 6 64 22 31 68 38 
32 31 17 48 53 76 20 31 37 35 38 62 21 57 20 51 56 50 13 17 51 44 35 47 51 46 43 21 39 43 54 40 64 53 10 38 52 13 63 70 51 3 38 19 53 71 30 5 7 46 47 28 14 48 23 72 57 30 50 
26 19 78 72 108 28 16 61 8 5 82 38 86 11 67 84 64 18 47 68 45 49 26 69 56 46 53 21 41 86 34 96 78 34 21 82 45 95 100 82 35 11 24 83 103 12 30 30 53 46 48 36 80 33 104 86 37 78 
33 62 49 105 43 39 68 20 28 59 50 88 23 81 66 79 26 37 45 19 26 19 45 73 65 46 12 62 81 56 90 59 25 11 68 41 86 100 82 34 21 39 83 97 35 34 36 71 67 58 44 75 14 100 89 14 60 
65 68 89 10 14 42 25 25 77 19 66 11 49 74 46 8 34 65 50 47 42 66 40 32 38 35 30 68 25 78 70 24 35 69 29 79 81 62 20 29 6 64 85 13 13 12 38 34 29 16 63 32 85 66 38 68 
30 57 67 79 58 77 83 33 62 55 67 79 11 81 61 31 35 58 40 82 34 83 85 29 74 89 35 87 39 16 44 74 5 38 29 58 47 46 80 67 47 45 78 53 54 84 91 61 57 31 48 50 58 50 9 
87 73 80 78 69 76 9 73 83 63 97 24 98 60 38 5 36 23 67 4 97 96 44 61 96 64 93 70 16 43 60 35 49 59 87 75 52 70 71 75 75 77 58 60 97 100 76 66 60 38 81 85 35 22 
83 101 52 112 113 89 73 26 96 65 66 70 89 68 92 108 91 123 90 78 88 58 115 94 24 97 17 72 80 114 52 64 30 11 26 73 115 86 25 13 102 77 77 81 94 65 73 30 91 7 28 96 66 
17 33 35 33 82 10 59 21 39 76 36 17 37 72 59 54 52 72 30 23 38 45 23 64 20 74 73 30 45 70 29 77 74 56 21 39 4 58 81 19 15 13 28 27 20 11 59 40 80 59 47 70 
51 24 19 90 28 77 16 53 87 49 19 48 77 58 58 42 77 41 30 52 36 25 81 18 91 83 37 37 83 43 93 92 74 34 27 14 76 98 4 27 26 38 30 37 27 76 42 98 76 48 81 
67 67 85 23 26 52 20 70 23 45 41 79 80 68 83 79 27 36 34 75 42 39 45 47 71 46 74 58 31 55 42 26 34 71 37 28 53 53 34 33 30 42 13 26 36 59 51 25 66 65 
7 78 45 91 15 74 83 71 22 48 65 39 45 18 65 63 54 55 13 49 89 42 99 77 34 13 82 48 97 104 86 38 3 31 87 106 20 34 35 61 54 55 41 83 31 107 91 33 77 
86 44 92 17 72 89 68 24 52 72 47 52 23 73 60 49 59 20 44 92 37 101 83 39 21 87 51 101 106 87 41 8 30 89 109 15 36 36 57 49 54 41 86 37 110 91 40 83 
82 87 73 105 24 106 70 46 14 45 33 76 13 106 105 51 70 106 68 102 72 17 53 69 37 57 60 91 79 61 80 81 79 77 87 68 70 106 109 84 75 64 48 83 90 45 24 
49 30 31 72 29 24 35 72 64 56 61 72 25 23 33 54 26 55 26 64 71 32 53 64 25 69 64 46 21 48 14 48 71 29 16 14 24 28 10 6 51 44 71 48 51 67 
75 39 67 44 68 53 86 95 80 105 85 52 62 43 96 69 23 72 26 71 63 96 53 46 38 15 8 53 94 63 8 30 78 56 55 55 68 40 50 24 76 26 2 82 64 
60 73 57 7 36 61 41 41 31 61 51 42 41 24 39 74 33 84 68 23 24 71 33 84 89 70 24 19 17 72 91 13 19 19 49 44 39 26 69 25 92 75 31 67 
90 5 55 60 98 95 85 92 98 15 27 53 84 35 57 41 64 91 61 84 79 49 73 54 42 49 78 43 43 68 56 47 45 18 32 23 37 55 74 65 37 81 86 
92 68 39 30 58 41 85 29 94 96 39 78 98 45 96 49 8 50 77 14 47 36 68 59 54 85 75 58 53 85 62 63 95 101 72 67 42 52 59 69 52 6 
53 60 98 93 84 89 98 10 22 54 82 30 61 36 68 93 60 81 81 49 77 59 46 48 75 40 48 73 52 45 43 13 27 22 35 59 72 70 42 80 87 
30 58 42 39 37 58 47 40 34 29 38 67 33 77 64 18 29 65 26 77 82 63 17 26 13 65 84 17 12 12 45 42 33 19 62 24 85 68 30 62 
38 41 27 56 38 59 58 9 48 60 43 57 53 36 13 47 35 11 49 63 46 15 51 36 47 60 47 22 24 59 63 38 29 38 23 62 55 28 33 
31 19 62 1 97 95 45 56 95 68 91 74 21 41 55 40 49 64 91 78 51 66 70 78 80 74 57 59 97 99 76 66 63 35 85 88 31 27 
17 31 32 89 83 51 27 80 84 75 92 50 34 26 64 50 85 105 88 46 39 56 89 99 54 48 50 88 85 72 58 78 21 102 96 14 53 
44 20 81 78 36 38 77 67 72 75 33 24 37 46 37 67 88 72 36 46 52 73 81 55 40 42 81 81 62 50 61 15 85 81 12 36 
63 81 72 65 8 67 100 60 109 78 43 9 87 59 106 117 99 51 15 48 100 116 38 48 50 79 72 71 57 94 34 119 105 32 79 
97 95 44 57 95 67 91 73 20 41 56 39 49 63 90 77 51 66 70 77 79 74 57 59 97 99 76 65 62 35 84 87 32 26 
12 55 75 20 66 26 74 94 57 75 84 48 82 67 53 46 67 34 55 80 44 41 39 3 17 21 31 64 68 78 50 75 89 
56 66 7 74 13 83 94 53 66 87 48 89 77 62 43 57 26 64 89 34 37 35 9 6 25 29 70 63 87 60 70 90 
56 59 34 57 44 38 22 56 32 9 42 53 36 18 58 38 37 51 51 25 26 55 61 33 27 29 33 53 45 38 34 
61 91 55 101 71 34 1 80 50 97 109 90 42 12 41 92 108 32 40 42 73 66 63 49 85 26 110 97 26 72 
80 7 89 96 53 61 91 51 94 84 68 45 52 25 70 95 29 38 36 16 5 31 31 76 62 93 67 69 93 
81 9 51 56 90 31 41 16 23 16 50 92 66 14 17 81 55 56 69 80 49 53 5 67 19 25 72 44 
90 94 49 55 89 49 95 87 70 42 45 21 72 96 22 34 33 23 12 32 30 77 57 95 70 63 90 
55 66 100 35 51 13 20 22 60 102 76 20 7 91 65 65 77 89 58 63 15 76 10 29 80 48 
46 70 20 46 43 74 63 51 79 72 62 60 81 59 60 94 99 72 65 47 46 66 73 45 7 
34 48 17 63 75 57 12 37 28 58 73 35 16 18 56 57 38 25 51 13 75 64 20 44 
79 50 96 108 90 42 12 41 91 107 32 40 41 73 66 63 49 85 25 109 96 25 71 
41 23 54 45 49 85 70 44 40 82 56 57 85 93 62 59 28 53 45 55 55 13 
50 58 40 9 51 29 41 58 42 16 17 48 53 26 19 35 29 60 47 36 42 
34 32 60 100 78 31 17 92 66 67 85 95 63 66 18 71 23 41 75 37 
18 66 108 77 16 19 93 70 69 70 83 55 64 27 86 14 17 92 67 
48 89 59 2 27 75 51 51 56 68 38 46 17 69 25 10 75 56 
42 21 49 67 33 7 8 45 48 26 14 45 25 69 54 32 48 
34 91 109 23 38 38 64 57 58 45 87 33 111 94 34 79 
61 83 15 13 12 32 29 24 13 61 37 83 62 43 70 
25 77 53 52 58 70 40 48 16 70 23 11 76 56 
98 72 73 83 95 64 70 22 83 6 32 87 53 
26 25 41 34 39 28 76 39 98 78 44 79 
2 40 41 24 10 50 27 73 56 34 56 
38 39 22 8 50 29 73 55 36 57 
13 23 31 66 68 81 53 74 90 
31 34 76 66 93 66 73 95 
14 45 51 63 39 58 67 
48 37 70 50 44 61 
61 24 27 66 40 
86 77 7 46 
28 91 59 
83 66 
46 
