23 4
78 15 66 62 8 69 38 18 25 44 74 93 9 75 18 30 74 88 17 41 74 22 
63 75 62 71 68 45 78 90 38 73 59 83 107 77 57 66 59 95 51 57 57 
58 52 9 59 24 20 31 30 64 80 21 74 19 23 63 75 32 29 62 8 
12 66 9 43 49 52 46 9 41 75 33 48 77 15 35 77 34 23 51 
61 7 33 48 53 36 13 34 72 45 47 69 11 28 76 25 15 44 
68 34 22 31 39 73 89 12 79 22 22 72 85 24 38 72 18 
41 54 58 43 6 32 78 42 53 76 6 26 82 32 14 51 
33 44 7 46 56 46 68 32 36 43 52 55 9 40 16 
12 41 58 81 27 57 1 42 59 75 28 32 61 21 
52 61 87 33 52 13 53 64 82 28 42 68 33 
49 54 51 74 40 37 44 50 61 14 39 22 
32 83 39 57 82 7 26 86 38 17 57 
101 72 80 91 26 6 108 51 19 71 
84 27 29 83 97 13 50 83 30 
57 96 47 66 80 59 56 70 
42 58 74 29 31 60 20 
79 87 43 44 76 27 
20 87 35 9 55 
103 46 13 67 
57 89 39 
33 20 
54 
