50 2
93 10 90 94 68 75 67 22 80 52 53 78 21 66 90 13 48 63 88 90 83 55 68 55 70 65 79 41 64 94 60 75 84 57 44 46 94 58 52 98 95 81 65 99 19 53 70 34 65 
88 10 1 84 71 29 74 76 53 39 15 72 65 67 80 59 30 14 71 59 57 54 72 27 79 78 59 30 21 36 37 15 55 61 61 54 46 69 16 25 32 30 18 110 64 76 61 38 
87 89 74 79 61 14 84 53 49 74 19 69 93 9 39 58 82 93 86 58 70 45 67 70 84 42 61 91 58 74 80 48 46 37 95 50 42 95 93 80 59 96 29 43 75 33 64 
9 75 62 33 73 66 46 37 14 69 56 57 78 61 30 23 61 49 50 45 77 21 70 68 54 26 11 31 28 7 59 55 64 43 50 73 9 15 22 33 11 106 68 67 58 31 
84 71 30 74 76 53 40 15 72 65 67 81 60 31 15 71 59 58 54 73 28 79 78 60 30 20 36 37 15 56 61 62 53 47 70 15 24 31 31 17 110 65 76 62 38 
15 79 70 16 36 60 72 58 19 31 66 86 69 90 29 31 29 30 102 57 5 14 40 58 69 53 47 69 91 35 86 45 85 97 76 66 53 76 76 70 94 8 48 46 
71 72 6 32 54 61 61 10 17 70 84 62 79 15 16 24 18 101 47 13 7 39 50 55 45 34 56 87 34 84 29 80 96 62 52 40 69 62 80 92 7 49 36 
46 77 43 20 19 47 62 74 54 29 9 20 77 65 50 53 44 27 74 79 44 22 42 26 41 29 26 47 31 66 17 40 42 45 41 3 44 86 35 73 41 35 
78 43 35 59 11 61 84 9 27 43 67 85 76 49 60 36 54 65 78 32 47 78 44 62 66 35 37 25 85 36 32 80 79 67 44 82 41 32 69 23 52 
38 60 67 67 17 15 76 90 68 85 12 18 30 24 107 52 16 2 46 56 59 51 39 61 94 41 90 30 87 102 66 56 44 75 66 84 99 10 55 42 
23 39 34 21 41 44 52 33 56 43 33 7 17 69 25 31 38 11 24 45 18 23 39 55 9 52 42 49 64 51 45 30 40 52 64 60 32 20 15 
24 32 44 60 41 31 11 37 63 51 31 36 49 19 55 61 24 12 42 11 30 30 33 27 33 55 26 44 45 44 34 17 46 70 40 55 22 21 
57 53 61 65 47 16 17 64 52 45 43 63 15 67 68 45 15 23 21 28 10 45 46 49 50 36 59 23 26 25 19 25 95 54 65 46 26 
51 74 10 34 42 67 75 67 39 51 47 49 54 67 23 43 73 39 55 62 42 27 33 76 41 42 76 74 61 45 78 38 41 58 14 45 
24 60 73 52 71 24 18 13 11 90 38 14 17 29 40 50 35 28 50 77 24 73 31 70 85 57 48 34 59 57 73 81 11 38 27 
84 92 65 78 4 9 35 24 109 48 30 17 51 53 48 50 33 53 94 47 93 16 86 104 55 44 36 72 54 96 100 23 61 39 
36 50 75 84 77 49 61 44 59 62 76 33 53 82 49 65 72 44 37 34 86 45 41 86 84 71 52 87 32 41 67 24 55 
32 48 94 83 59 67 17 49 81 90 46 42 70 43 62 57 8 50 2 87 13 12 70 73 65 28 72 68 8 83 38 53 
26 68 56 40 43 48 18 64 69 35 12 38 16 33 25 31 38 34 58 22 44 39 41 34 7 41 80 39 63 33 26 
81 69 62 61 60 32 85 86 60 32 35 38 45 25 43 62 51 66 35 57 31 39 42 22 33 106 52 83 59 43 
12 36 26 111 51 28 14 52 55 52 52 36 57 96 48 94 20 89 106 59 48 39 75 58 95 102 21 62 42 
28 16 100 39 29 20 44 43 41 40 24 45 85 40 84 13 77 95 48 38 27 63 48 91 91 23 53 30 
12 76 30 23 31 16 30 47 24 24 43 63 12 60 38 57 71 53 46 31 47 54 65 68 24 25 19 
85 28 25 25 28 31 39 27 17 39 70 24 68 25 63 80 46 38 23 50 47 77 76 22 37 17 
66 97 107 62 59 86 60 80 73 18 67 16 105 27 5 86 89 82 44 88 74 9 100 53 70 
52 54 33 7 23 10 14 14 49 33 51 39 40 62 27 25 15 25 29 85 57 50 36 11 
15 35 53 64 48 42 64 86 30 81 42 80 92 71 62 48 71 72 68 89 6 44 41 
46 57 61 52 41 63 94 41 91 32 87 102 68 58 46 76 68 83 99 9 55 43 
29 55 23 34 47 51 5 45 53 46 57 60 55 41 41 61 53 54 38 9 25 
30 6 20 19 43 31 44 45 34 55 33 32 22 19 34 80 50 52 31 13 
33 23 13 68 54 72 33 59 82 7 4 16 42 7 108 77 60 60 29 
19 24 44 25 44 44 36 55 37 34 23 23 39 75 51 47 26 10 
22 63 32 64 25 55 75 29 22 7 40 30 87 70 39 41 10 
55 47 59 41 46 69 14 16 17 29 16 99 64 61 50 24 
56 10 88 9 14 68 71 65 26 70 76 9 87 44 55 
50 50 50 62 60 54 39 44 61 55 59 33 14 24 
88 15 11 72 75 66 31 74 65 8 83 37 54 
80 100 40 29 24 64 39 103 95 36 62 34 
23 59 62 56 17 61 77 18 81 40 46 
82 85 77 40 84 71 5 95 48 66 
10 22 42 2 113 77 67 64 35 
15 45 10 109 80 58 61 29 
40 23 94 73 45 47 15 
44 83 35 71 38 33 
114 79 67 66 36 
72 74 48 79 
92 46 61 
47 39 
31 
