30 6
1 67 51 67 71 43 51 51 32 94 32 81 15 15 78 40 21 48 58 33 69 38 94 99 44 80 93 8 56 
67 50 67 70 43 51 50 32 93 31 80 15 15 77 40 21 47 58 33 69 37 93 98 43 79 92 7 56 
70 29 93 102 17 21 93 77 54 18 73 78 88 100 85 49 21 94 21 90 43 67 59 66 48 65 25 
48 24 51 64 49 47 46 23 72 40 47 26 50 49 21 77 48 56 36 69 58 12 34 63 43 77 
69 92 36 21 84 48 42 25 67 74 61 90 79 29 47 85 9 77 26 39 39 37 26 62 50 
55 89 73 56 48 47 94 57 62 15 56 62 44 101 57 78 43 85 66 36 42 77 63 102 
89 82 11 96 49 112 30 28 68 3 22 63 99 10 97 15 116 109 53 85 112 40 97 
17 79 83 45 34 59 64 86 87 70 45 12 80 31 78 57 76 52 70 60 50 14 
73 65 33 30 54 60 69 80 66 29 29 74 19 69 45 60 38 52 47 47 31 
93 41 103 19 17 68 8 11 56 88 1 89 13 109 105 47 81 106 29 86 
62 68 85 92 33 96 95 46 94 95 56 82 49 20 50 14 39 86 97 
62 25 33 49 48 37 16 57 43 47 36 68 67 13 48 65 24 57 
85 90 85 110 96 52 39 104 16 98 26 55 63 60 34 77 43 
7 65 27 12 42 69 20 71 22 93 93 35 71 91 10 67 
71 25 6 49 72 18 77 24 100 100 42 79 98 13 70 
68 72 41 99 69 70 55 73 51 36 29 65 69 100 
19 62 96 7 95 14 115 108 52 84 111 37 94 
54 78 12 83 21 105 104 46 82 102 19 76 
57 58 36 49 53 51 10 32 49 40 58 
89 40 89 64 86 65 82 69 59 4 
90 14 111 106 49 83 107 30 88 
83 26 46 47 46 29 65 43 
102 94 38 70 97 32 88 
31 63 45 9 88 67 
57 24 21 91 89 
36 58 36 65 
36 72 84 
87 72 
57 
