24 5
73 62 65 58 72 49 80 32 54 49 16 75 47 35 56 23 88 67 7 34 31 40 53 
29 12 58 22 51 42 82 26 56 88 53 29 61 24 85 55 14 66 80 82 75 71 
33 30 47 62 20 60 40 67 78 26 18 65 8 67 33 37 55 81 81 79 43 
60 14 38 50 78 14 44 78 59 25 49 25 79 63 4 57 68 70 63 71 
74 79 32 41 63 84 74 20 37 77 34 52 34 64 54 87 86 89 15 
35 63 89 17 40 84 73 38 50 40 89 76 10 65 69 72 62 85 
82 76 24 5 55 86 44 16 53 71 95 37 44 34 37 27 84 
72 59 87 96 14 38 86 29 80 13 53 74 101 101 100 47 
72 78 42 61 53 65 59 12 76 81 33 66 63 72 29 
30 66 66 26 35 31 72 72 14 47 54 56 49 71 
54 91 50 14 58 72 100 43 45 31 34 23 88 
91 62 39 72 30 105 80 22 29 25 38 67 
41 87 34 72 14 63 70 100 100 101 35 
47 10 56 51 29 40 62 63 61 46 
57 58 98 49 32 19 22 14 78 
64 42 30 50 73 73 71 47 
86 82 26 56 53 62 41 
67 83 112 112 112 49 
60 68 70 63 75 
34 32 39 51 
4 9 85 
13 83 
89 
