30 4
40 65 75 79 52 105 42 63 73 58 99 45 4 57 28 62 76 77 89 92 53 66 79 101 69 74 25 39 83 
35 53 61 39 80 55 27 40 75 74 10 36 22 57 50 39 38 84 83 67 26 39 81 29 34 58 60 63 
21 30 24 45 55 11 8 72 38 25 63 14 68 29 17 25 60 55 63 32 32 47 25 31 72 65 31 
8 23 30 51 33 24 63 24 43 73 35 69 17 35 44 39 34 55 54 52 27 47 52 74 61 10 
26 28 50 42 33 59 23 51 77 43 70 17 44 53 31 25 52 63 61 22 55 61 75 61 4 
53 31 31 32 47 47 30 50 29 47 12 42 48 45 45 38 50 55 49 46 53 51 41 30 
79 55 42 86 6 70 103 59 99 45 50 58 47 38 80 74 66 12 65 68 104 89 24 
60 63 20 73 51 43 56 21 34 72 77 50 55 12 75 83 71 73 80 27 10 55 
13 78 48 18 59 5 71 38 13 17 71 67 69 21 23 58 14 21 74 69 42 
79 36 30 70 18 76 35 11 20 64 58 70 32 28 46 23 28 80 73 33 
82 71 60 75 32 46 89 96 47 54 8 95 101 76 92 99 37 19 63 
63 97 52 93 39 44 52 46 37 75 68 61 13 59 62 98 84 18 
41 12 57 41 31 32 75 73 62 24 35 70 25 31 59 58 53 
54 31 61 73 74 90 92 54 62 75 99 65 71 29 41 81 
66 38 19 22 71 68 66 21 26 61 17 23 69 65 45 
53 84 88 71 76 28 81 91 91 81 88 5 13 74 
46 54 34 33 38 59 61 38 53 60 58 44 21 
8 75 69 80 24 17 55 15 18 87 81 43 
84 78 87 18 8 64 9 10 91 86 52 
9 44 92 92 35 85 91 77 59 32 
50 88 87 26 81 86 82 64 26 
86 93 70 83 90 34 15 56 
14 78 9 10 83 82 64 
72 10 4 94 91 61 
69 73 97 81 18 
6 84 81 56 
90 88 61 
18 80 
65 
