100 5
32 78 40 64 23 82 11 78 40 36 80 47 54 30 28 89 85 81 42 45 60 34 57 34 49 59 39 59 40 55 56 29 37 36 26 23 80 89 51 47 20 84 83 11 80 75 92 83 75 75 57 89 78 6 68 36 66 55 78 90 72 51 32 90 64 28 81 73 45 85 58 74 40 31 76 102 59 29 47 46 48 59 56 47 73 95 47 110 46 88 41 31 33 28 34 6 47 46 56 
82 51 82 31 60 41 73 39 52 49 68 68 7 45 66 85 84 52 13 28 13 66 3 31 48 66 55 45 35 72 19 60 36 32 14 73 80 61 41 20 72 52 28 74 58 90 52 66 47 35 71 49 28 73 58 50 79 55 84 47 33 24 73 36 46 56 46 13 67 83 69 67 8 53 92 75 17 73 60 17 54 47 33 57 80 73 103 52 77 46 16 22 33 49 26 60 43 41 
38 35 99 64 72 22 43 43 94 45 29 88 50 69 12 3 36 84 86 69 21 85 58 40 60 29 39 59 33 97 51 46 102 70 29 33 26 42 67 40 95 87 26 52 21 93 33 82 61 57 84 82 10 50 47 52 66 27 68 57 102 54 78 51 70 76 90 54 56 24 60 90 65 43 30 96 57 33 96 31 40 52 51 49 57 43 32 40 38 66 59 104 45 78 32 39 50 
31 62 64 34 43 16 7 80 22 17 55 12 71 46 41 2 57 65 40 17 54 38 33 31 27 9 43 22 62 20 17 65 37 46 55 11 23 32 54 82 50 46 53 54 81 44 70 46 65 73 44 28 18 44 34 62 54 60 39 66 64 62 13 66 65 62 61 39 40 31 57 60 69 24 61 33 9 68 28 31 32 51 66 34 74 9 57 8 35 30 67 7 41 9 19 38 
87 88 54 53 47 30 110 17 15 85 38 95 47 38 31 89 96 72 24 85 69 58 31 47 39 73 9 91 27 48 90 67 59 66 25 52 62 70 112 75 58 77 56 110 60 99 76 85 102 70 30 28 68 18 88 61 87 69 95 83 92 37 92 94 93 82 21 53 31 87 87 78 7 90 25 22 99 49 56 62 74 81 26 78 34 71 38 67 62 92 33 67 23 48 66 
91 34 96 58 59 79 70 77 25 50 97 105 102 63 44 59 41 79 31 59 74 62 77 60 64 79 14 60 54 3 33 97 105 73 63 33 99 83 12 98 87 112 83 91 78 65 100 80 17 89 59 78 78 86 108 78 61 14 102 67 51 88 78 40 97 81 92 63 25 84 119 82 16 70 69 40 77 71 59 85 109 70 128 67 103 61 40 45 5 56 21 70 63 68 
85 42 49 70 36 86 74 67 71 7 58 64 63 51 41 49 64 61 33 30 95 41 55 27 81 80 84 51 93 60 37 38 64 41 62 27 35 84 39 12 56 33 31 24 25 13 25 82 61 82 20 98 5 45 13 31 84 17 29 73 7 19 57 13 103 40 95 68 7 43 81 77 97 70 62 39 33 36 14 27 98 56 56 31 56 51 49 93 69 77 68 44 27 
75 39 29 87 36 45 40 21 92 80 74 36 54 67 40 50 43 52 59 28 57 36 58 46 41 26 35 37 30 78 86 45 46 25 83 90 22 78 77 88 89 74 81 60 90 84 17 62 26 67 44 81 87 76 54 44 90 70 20 84 78 55 86 47 72 29 42 79 100 50 40 36 39 58 57 56 49 75 94 36 107 41 87 37 36 36 39 26 17 40 44 58 
38 49 75 59 43 80 55 47 15 21 40 72 70 60 32 76 44 25 72 19 38 43 49 91 61 42 99 64 6 13 35 33 62 17 75 86 4 31 16 73 11 62 45 34 65 81 23 59 29 68 45 11 48 43 96 31 61 56 49 56 79 32 72 4 72 82 44 26 47 89 71 43 85 19 26 40 30 27 72 31 34 17 38 58 52 101 50 77 41 33 35 
22 64 39 32 45 22 56 47 44 16 43 49 27 27 42 22 20 46 19 7 26 38 55 35 4 61 27 39 48 22 8 25 43 65 48 40 39 53 64 34 53 29 52 56 43 33 33 29 51 46 49 43 22 59 52 45 24 50 49 49 48 56 34 47 47 44 62 39 53 49 25 55 18 17 15 37 55 50 70 13 48 8 23 17 63 21 39 24 5 21 
85 17 17 55 8 77 52 46 9 60 69 42 21 55 43 40 24 34 15 49 21 61 13 21 62 37 53 62 16 29 32 61 87 47 53 60 60 86 51 75 52 72 78 41 33 11 50 29 68 61 66 44 65 71 67 8 72 71 64 68 34 46 25 57 67 75 24 60 26 10 69 35 37 37 58 73 27 80 16 64 14 38 33 64 3 38 11 26 44 
103 95 54 82 37 91 95 80 35 20 47 88 48 42 54 107 66 71 37 102 65 97 63 80 57 71 74 85 58 62 63 4 78 73 45 91 5 64 13 34 50 11 77 89 95 47 115 32 81 27 41 68 54 18 84 29 19 39 49 120 72 107 54 32 80 103 63 111 89 40 64 55 48 46 64 112 93 76 67 72 51 53 80 83 74 88 62 45 
16 70 23 93 56 48 23 77 86 60 27 71 61 55 15 47 32 66 12 75 10 39 73 54 64 72 24 46 48 73 105 58 63 75 65 103 63 93 69 86 96 53 37 11 66 12 85 69 83 62 79 85 84 21 89 88 81 82 17 57 14 72 83 85 16 74 12 16 86 48 53 55 73 85 13 87 29 75 31 55 51 75 20 51 18 42 61 
72 26 80 40 32 16 74 81 57 11 71 53 44 31 33 24 58 7 78 22 33 80 54 48 56 10 37 49 58 97 64 47 62 49 95 48 84 60 72 87 59 21 21 54 25 73 53 72 54 83 70 77 26 78 79 79 68 30 41 30 74 72 69 7 77 28 8 85 35 41 47 60 69 29 71 19 60 23 52 47 82 20 56 8 33 50 
47 73 91 90 56 19 34 20 70 6 38 55 67 62 49 42 76 12 61 41 26 18 80 87 65 47 23 79 58 24 81 65 96 58 73 53 42 78 55 25 78 60 58 80 62 91 54 40 17 80 42 49 63 53 16 74 85 76 68 2 60 99 79 10 74 64 18 60 53 40 64 88 74 110 57 84 50 22 28 26 52 24 64 48 48 
78 59 53 15 54 64 37 29 48 41 42 25 37 17 47 29 53 15 20 54 30 58 67 24 30 25 64 84 38 58 61 67 83 54 73 50 74 76 33 41 13 51 34 68 66 64 42 57 74 64 2 72 69 57 70 39 51 25 49 66 80 32 52 29 18 62 38 39 36 59 76 30 86 21 68 17 32 29 55 5 30 19 27 43 
62 68 69 56 45 56 70 67 40 37 102 47 62 34 88 86 91 58 99 66 41 40 70 48 69 30 35 91 43 18 59 33 36 26 32 14 27 88 67 89 27 105 11 48 18 38 90 18 33 80 10 22 62 15 110 45 102 74 13 44 87 83 104 76 67 45 40 43 20 28 105 57 63 33 62 58 56 99 76 84 75 51 34 
9 44 85 85 71 30 88 58 39 71 29 45 58 45 102 61 51 108 74 21 23 35 44 72 31 91 94 18 47 9 89 26 78 60 49 80 89 19 60 44 64 60 16 64 56 107 45 76 60 64 72 92 47 68 19 71 93 60 31 42 100 68 43 98 31 39 52 45 39 69 31 38 30 44 69 63 110 53 85 41 42 49 
38 85 87 71 24 87 59 41 63 30 41 60 37 99 54 48 105 72 27 31 29 43 69 38 95 90 25 52 18 93 32 82 62 56 84 85 12 53 47 55 65 25 68 58 104 53 78 54 69 76 92 53 59 23 63 92 65 41 33 98 60 36 98 32 41 53 50 47 61 40 34 38 40 68 61 106 48 81 35 41 51 
57 65 41 15 55 38 32 33 25 8 43 22 63 22 17 67 38 44 53 9 22 33 52 82 51 44 52 52 80 42 70 45 63 72 46 26 20 42 35 61 52 59 38 68 62 62 16 65 65 62 59 40 37 33 58 59 66 24 62 34 8 68 26 29 31 49 64 35 72 7 55 7 36 31 68 9 42 8 18 37 
15 17 70 13 27 46 77 55 50 29 80 30 69 40 45 24 70 76 65 42 30 67 39 42 71 50 88 39 63 34 28 63 36 42 76 67 45 88 45 81 37 29 34 65 24 56 46 35 7 60 93 67 78 19 43 87 82 28 83 66 13 54 45 32 50 74 84 99 56 72 50 21 26 45 57 39 66 45 37 
27 75 28 28 46 89 57 56 27 87 45 80 47 60 37 67 72 71 45 43 62 24 57 69 44 87 24 60 20 25 54 21 56 79 78 41 98 35 78 27 29 48 57 12 66 35 22 19 52 103 66 89 34 34 81 89 43 94 74 22 55 46 35 44 67 94 94 62 66 57 32 35 60 66 53 73 49 36 
54 16 18 35 61 42 33 22 62 32 53 24 43 11 59 66 49 27 15 58 50 35 60 45 76 49 52 41 24 59 43 33 60 51 37 71 44 70 38 20 37 60 30 39 47 39 22 55 76 55 62 22 42 79 65 30 67 49 28 40 33 20 44 68 67 89 40 63 34 5 10 44 40 29 49 29 27 
69 47 34 41 23 21 50 18 79 31 30 82 52 37 45 5 30 48 47 89 67 36 52 39 87 37 76 53 61 79 62 11 29 44 36 64 42 64 47 83 60 70 30 68 71 76 58 41 30 40 72 62 58 16 77 39 12 82 25 32 40 50 58 40 60 14 49 20 50 44 84 24 58 10 26 42 
33 51 69 58 48 36 75 18 62 39 32 17 75 82 64 44 23 74 52 29 76 59 93 52 68 47 37 72 49 30 76 61 53 82 56 86 48 35 22 75 36 49 57 47 11 69 86 72 70 6 54 94 78 16 76 63 15 57 49 36 58 82 76 105 55 79 49 19 25 32 52 27 63 45 43 
18 66 29 29 6 60 50 56 22 61 27 42 49 43 17 29 41 43 52 44 27 61 42 35 32 8 41 34 49 50 54 19 73 29 54 23 2 55 42 23 43 32 27 34 37 78 40 67 39 27 61 61 48 70 47 40 27 18 6 26 50 71 72 34 46 30 18 16 62 42 44 46 21 10 
65 12 25 19 51 67 54 23 76 41 24 31 33 12 40 25 55 65 25 19 42 53 17 42 21 32 45 60 34 51 10 67 29 35 29 17 72 32 37 44 34 36 53 28 72 21 65 57 28 44 50 65 66 39 59 9 3 15 17 36 67 54 25 29 25 33 28 78 39 56 37 15 10 
58 39 72 27 69 11 45 65 53 77 85 37 54 47 85 109 50 76 85 80 108 75 98 75 96 101 45 52 13 75 16 93 83 89 68 72 96 89 23 97 94 80 92 19 70 1 69 91 98 31 68 8 29 84 59 62 61 82 97 8 101 40 88 39 56 53 67 25 44 31 50 68 
20 30 40 72 47 23 80 45 21 29 23 14 43 27 67 67 21 29 34 65 17 54 32 39 57 62 22 45 21 58 41 30 41 28 77 38 49 39 45 48 62 35 63 15 58 63 39 43 40 71 58 30 68 2 11 23 27 39 59 50 18 30 20 39 33 82 34 58 28 14 21 
34 30 58 28 9 63 31 41 50 16 14 27 47 73 49 41 45 52 72 37 61 37 57 64 43 29 26 35 44 53 50 51 30 63 57 53 19 57 56 55 53 49 35 40 51 51 64 32 56 42 17 61 21 22 23 43 59 42 70 7 51 1 29 23 65 14 39 16 10 29 
64 54 62 27 66 32 41 47 47 20 35 38 39 57 43 23 60 37 34 26 2 36 29 54 52 59 16 78 23 52 17 4 59 38 19 49 26 22 36 32 83 39 73 43 21 58 65 52 76 51 42 28 19 11 22 46 76 69 38 43 35 24 22 67 47 50 50 25 9 
82 20 39 82 58 55 62 17 44 53 65 104 66 53 70 54 102 55 91 67 79 94 61 27 20 61 19 81 59 79 60 86 78 84 28 85 86 84 76 23 48 26 78 79 75 4 81 23 13 90 42 48 53 67 76 24 76 26 66 30 58 53 84 24 58 14 39 58 
65 50 15 27 91 99 73 58 30 91 69 20 92 77 107 69 84 65 55 90 66 23 88 64 70 84 74 102 67 52 5 92 54 54 76 65 26 87 87 87 70 11 72 111 85 2 76 70 25 71 65 52 76 100 77 121 65 96 59 33 39 15 58 24 71 59 60 
34 63 45 66 74 26 43 39 74 100 48 65 74 70 98 64 88 64 85 91 43 42 2 64 19 82 72 79 57 69 85 79 13 86 84 72 81 23 59 11 63 80 87 25 64 14 18 77 48 51 50 71 86 14 91 29 77 28 48 44 65 14 41 20 39 57 
57 23 44 52 25 11 20 47 65 43 44 42 57 64 38 54 30 55 56 39 37 32 32 51 48 54 44 23 55 55 45 22 52 49 46 51 56 38 45 43 46 66 41 49 48 26 52 23 20 16 40 59 49 74 16 52 10 20 14 59 20 34 25 9 23 
35 100 108 76 66 36 101 84 15 101 89 114 84 94 79 67 102 81 20 92 62 81 81 87 111 80 64 13 104 68 54 89 79 41 99 84 95 66 26 86 121 86 17 73 72 40 79 74 62 88 111 73 130 70 106 64 43 48 2 59 24 73 66 71 
65 72 47 31 5 66 60 25 65 54 80 60 58 52 34 68 54 22 61 43 46 64 55 75 49 29 32 69 41 32 58 50 27 64 69 60 53 20 53 86 61 25 59 46 32 44 38 26 53 76 59 95 39 70 32 8 12 36 34 18 46 31 35 
8 40 34 63 11 70 87 2 26 20 68 7 58 42 28 60 83 29 64 25 74 40 11 44 41 96 25 57 60 43 52 77 26 78 7 77 81 39 22 53 89 76 48 83 21 26 39 25 21 77 30 37 11 41 58 52 101 54 78 46 34 33 
48 42 72 11 73 96 9 29 18 71 14 61 48 26 63 91 36 72 30 81 42 7 47 47 104 23 61 68 45 55 83 25 85 15 85 88 42 13 60 97 84 56 89 29 33 46 28 16 85 22 46 7 49 65 60 109 62 87 54 43 39 
26 42 48 86 61 39 52 44 85 38 74 50 62 77 56 17 25 43 35 63 45 62 43 78 61 67 24 67 68 71 58 39 33 37 67 61 61 17 72 36 8 77 25 31 37 50 60 37 65 9 51 15 45 39 78 18 52 6 22 40 
29 36 60 53 34 31 49 58 28 47 23 44 50 49 34 41 21 58 38 44 36 17 63 44 40 32 42 42 48 40 63 29 54 49 37 55 44 56 56 31 54 13 9 10 29 48 57 64 17 41 15 25 18 67 28 44 29 4 14 
65 65 24 64 56 78 64 58 56 37 69 59 20 57 38 46 59 58 74 52 31 35 70 45 26 61 54 33 65 63 58 48 25 56 85 56 29 53 41 38 43 38 27 54 76 53 94 35 70 28 11 13 38 29 15 41 29 36 
62 90 13 18 29 60 10 50 38 17 52 85 40 72 21 83 31 18 36 38 96 14 50 66 34 44 74 15 88 17 85 80 31 20 63 89 85 56 79 26 27 39 17 12 85 32 45 5 47 58 53 102 61 81 54 38 31 
81 72 44 90 2 64 13 36 48 10 81 89 97 47 117 31 80 26 43 72 52 20 86 28 18 43 48 122 72 110 58 31 78 104 67 114 90 44 65 56 50 45 62 114 91 77 66 74 54 56 84 85 77 89 64 46 
88 79 101 81 82 75 59 93 77 5 77 47 70 66 80 97 73 54 22 94 64 38 82 74 40 89 69 82 51 25 78 109 70 20 58 57 42 66 62 51 78 100 58 118 55 94 49 33 37 17 44 9 58 53 60 
28 18 70 9 60 44 30 62 83 27 63 27 72 42 10 46 42 97 27 59 59 45 54 78 28 77 6 76 82 41 22 51 90 75 47 84 21 27 40 27 23 76 29 37 13 41 59 53 102 53 79 45 35 34 
46 42 20 32 22 13 34 76 49 71 10 87 13 36 18 25 82 15 32 63 17 26 58 9 92 28 85 66 13 37 69 75 86 59 63 27 22 28 2 23 87 49 45 22 45 46 42 90 59 71 57 34 19 
88 27 78 62 45 80 96 28 69 45 73 59 11 64 59 112 42 77 68 63 72 95 44 77 21 80 98 59 24 51 105 77 52 101 35 43 56 45 34 78 22 46 26 51 74 68 116 61 91 50 48 51 
62 11 34 46 8 80 88 96 45 115 29 78 25 41 72 50 19 85 26 17 43 46 120 70 109 58 29 76 103 67 112 89 44 63 55 48 43 60 113 89 76 64 72 53 54 84 84 77 88 62 44 
51 35 25 53 77 31 62 18 73 33 18 37 34 89 22 50 56 37 45 70 21 78 8 75 74 33 27 53 82 74 46 76 16 19 32 18 22 75 36 35 13 37 51 46 95 51 73 44 29 25 
24 38 2 73 76 86 34 105 19 68 14 31 68 42 11 75 17 6 39 37 110 59 99 53 19 67 92 62 102 78 42 52 43 38 33 52 103 80 65 54 62 45 45 79 74 70 77 51 33 
35 26 56 55 62 17 81 21 53 15 7 59 37 17 52 24 19 35 32 86 41 75 43 19 59 68 53 78 54 41 30 21 14 21 45 79 70 41 43 38 26 24 68 50 52 53 27 11 
39 89 56 83 23 97 19 34 26 39 95 4 42 76 20 33 70 4 102 33 97 79 20 30 78 88 97 69 74 37 35 42 15 14 98 43 56 19 57 60 56 103 71 85 67 47 32 
75 79 89 37 108 21 70 16 33 70 43 13 78 18 8 41 38 113 61 102 55 21 69 94 64 105 81 44 55 46 41 35 53 106 82 68 56 65 47 48 81 76 72 80 54 36 
72 42 67 61 77 93 71 51 26 91 62 33 80 72 41 86 64 77 46 26 75 105 65 23 53 52 44 62 58 47 74 96 53 113 50 90 44 30 33 22 39 4 52 48 56 
41 43 46 62 32 63 49 92 54 72 41 66 71 82 53 50 23 51 80 61 48 24 86 49 24 88 24 33 44 47 51 50 49 22 41 28 57 50 94 35 68 22 31 43 
61 21 80 70 77 55 68 82 77 11 84 82 71 79 25 57 13 62 78 86 24 63 16 17 76 46 49 48 69 84 17 90 27 75 26 46 42 64 12 40 18 37 55 
77 19 36 20 17 75 24 32 53 24 28 53 19 82 25 75 59 18 42 60 68 77 49 58 19 13 19 8 30 78 53 36 26 35 38 33 82 49 62 48 24 10 
97 78 95 74 87 96 96 32 101 100 92 93 5 67 15 82 95 94 22 83 8 28 97 60 65 67 84 95 8 95 41 85 43 66 63 83 32 59 29 54 73 
49 7 27 79 22 23 70 4 13 52 17 102 42 93 63 2 48 80 72 95 69 56 38 32 32 15 32 96 61 55 35 54 47 45 88 67 73 67 42 24 
54 52 107 30 67 68 52 62 88 33 82 15 82 92 49 16 56 100 81 53 94 31 37 50 35 23 82 20 45 15 50 69 63 112 62 88 51 44 44 
22 71 30 15 67 9 8 44 24 100 45 90 55 6 55 79 65 92 67 48 39 31 28 19 39 93 67 53 40 51 41 39 81 64 67 65 40 22 
57 40 23 45 30 26 36 35 79 38 68 41 25 59 61 50 71 47 42 26 17 7 24 47 72 70 34 43 31 21 18 65 43 46 46 21 8 
97 58 58 80 69 29 92 91 92 73 16 77 116 89 7 80 75 28 76 70 57 81 105 80 126 70 101 64 38 44 12 62 28 75 64 65 
45 76 24 36 72 5 100 30 96 81 23 26 76 90 96 68 77 36 35 43 16 10 97 39 55 15 57 61 57 105 71 86 66 47 34 
66 23 11 29 40 101 57 89 42 22 70 84 52 93 70 33 47 38 30 33 55 94 82 57 55 54 34 35 69 65 59 69 44 28 
74 71 59 72 37 53 23 50 68 82 31 53 27 18 64 40 41 38 61 78 28 88 22 70 19 34 31 56 6 30 20 29 46 
12 53 20 106 46 97 64 5 50 84 74 99 73 57 43 36 36 19 34 100 63 59 38 58 50 48 90 71 76 71 47 28 
41 31 105 53 95 53 13 62 86 63 98 73 44 46 38 33 27 46 99 75 60 48 57 42 42 80 69 68 72 46 28 
67 96 74 80 15 50 94 86 24 86 71 6 60 52 39 57 81 86 106 62 79 56 26 32 41 61 39 71 51 44 
98 30 93 76 18 30 74 85 93 65 72 33 31 38 11 15 94 43 52 18 53 56 52 100 67 81 63 43 29 
71 18 86 100 98 26 87 11 33 101 64 69 72 89 99 11 99 46 90 48 71 67 86 36 63 34 59 78 
70 77 41 29 46 85 69 41 80 15 22 35 26 28 70 35 31 18 34 53 47 96 47 73 39 29 30 
70 91 98 31 69 7 29 85 59 62 61 83 97 7 101 40 88 39 57 54 68 26 45 31 50 68 
61 101 81 9 76 66 17 62 55 42 65 89 76 111 59 85 52 24 30 26 54 25 66 50 49 
49 79 70 93 67 55 37 30 30 14 33 94 61 53 35 52 45 43 86 65 71 65 41 22 
72 109 97 69 100 43 47 59 37 16 98 13 60 15 63 78 73 122 76 100 67 56 51 
84 26 15 92 42 48 54 67 74 27 73 26 64 31 60 55 88 27 62 15 40 58 
76 69 24 69 63 50 74 98 76 119 64 94 57 31 37 17 57 24 69 57 58 
28 91 60 64 64 84 96 1 99 41 87 41 62 58 75 28 52 30 52 71 
77 31 36 40 56 68 29 73 13 59 16 45 39 74 13 48 2 26 45 
66 58 45 63 86 91 112 68 84 62 32 38 40 66 42 76 57 50 
9 21 25 38 61 51 19 29 21 38 32 81 35 57 30 13 19 
13 20 38 65 56 23 32 22 31 26 75 36 53 35 12 10 
26 49 65 69 27 44 24 19 14 63 36 43 39 14 9 
24 85 49 43 22 43 45 41 89 57 70 55 32 17 
97 29 57 9 59 68 63 112 73 92 66 50 40 
100 42 88 42 62 59 75 29 52 31 53 72 
65 27 70 88 82 132 81 109 71 64 62 
48 6 36 30 72 16 46 12 13 31 
50 63 58 107 64 85 57 42 36 
30 24 66 14 40 15 11 29 
6 44 35 26 44 26 27 
49 31 29 39 20 23 
61 26 75 68 72 
35 13 25 42 
49 44 52 
25 43 
18 
