100 2
13 77 56 104 72 73 100 34 38 34 33 28 57 68 19 51 65 81 18 49 82 66 53 84 87 87 94 88 52 43 61 31 60 99 54 61 70 48 77 90 43 67 93 114 69 9 39 105 83 87 83 77 46 50 92 111 111 72 8 63 51 25 61 79 75 85 86 61 40 61 47 89 49 73 61 93 32 84 100 63 88 74 113 84 60 83 13 31 45 82 22 24 52 27 100 58 57 55 76 
69 59 107 64 85 106 31 39 34 44 32 58 70 24 59 61 75 21 50 93 59 50 95 84 96 98 91 62 53 61 24 68 103 51 54 62 58 78 86 39 78 93 116 78 4 46 107 91 97 82 84 47 47 98 114 114 66 22 68 51 20 57 91 69 90 95 68 50 72 39 88 47 71 73 90 27 91 107 55 89 85 116 91 61 79 26 42 58 93 29 34 52 32 106 49 63 66 88 
55 78 7 116 97 45 51 50 87 62 49 55 66 75 25 16 63 50 111 16 35 115 36 109 85 72 87 81 44 46 84 87 32 18 7 85 57 33 37 101 52 81 91 73 68 80 98 112 46 91 50 37 93 87 87 15 83 69 45 52 27 120 15 78 107 79 82 106 30 51 39 36 107 38 46 93 98 14 59 106 86 93 51 28 88 83 100 113 69 76 45 63 95 20 73 97 120 
48 48 63 50 31 20 25 44 28 5 11 37 22 29 46 38 9 56 38 21 60 39 54 41 32 35 31 11 40 29 45 23 38 53 33 20 44 28 46 39 57 36 60 22 48 44 57 30 37 12 21 44 55 54 40 56 14 11 39 27 66 42 32 53 24 35 54 43 34 19 25 55 45 36 40 51 49 31 51 57 40 5 40 60 41 52 58 35 39 11 29 50 48 19 45 66 
73 85 30 77 68 72 86 76 48 36 85 59 57 62 86 56 67 67 60 71 42 59 21 17 68 70 46 85 57 18 61 70 81 69 28 46 71 69 26 10 55 108 67 2 49 64 32 48 59 62 33 9 9 63 104 43 55 87 58 85 63 25 58 52 75 82 83 27 61 44 84 42 82 42 31 81 19 69 9 41 45 50 107 84 89 71 83 85 55 77 28 83 52 76 87 
109 91 39 44 43 80 55 42 48 60 68 18 14 57 43 104 9 28 108 32 102 79 66 80 74 37 41 77 81 25 12 8 78 51 30 31 94 48 77 84 68 61 75 91 105 41 85 43 30 86 82 82 10 77 62 38 47 20 113 10 72 100 72 75 99 25 46 32 30 100 36 40 86 92 11 54 99 81 86 44 24 82 76 93 106 62 70 38 56 89 17 66 90 113 
60 78 67 70 40 60 68 68 63 41 92 109 68 66 21 100 81 18 100 29 64 69 29 36 74 84 33 68 84 98 113 32 72 106 82 17 94 95 30 82 49 84 36 26 88 37 66 79 53 86 85 102 66 51 70 78 89 6 105 60 30 39 37 12 96 90 77 87 12 105 81 43 59 108 82 16 90 44 67 102 64 43 28 17 58 51 71 60 62 105 44 20 3 
82 69 74 74 73 54 44 82 48 72 83 85 60 40 83 70 44 65 32 12 25 53 58 56 90 42 12 72 84 98 55 40 71 78 47 52 38 35 106 60 28 24 36 52 26 62 71 8 27 26 81 97 38 61 89 72 59 82 19 31 39 63 61 93 50 69 61 63 67 86 18 1 96 40 44 32 18 51 72 98 73 72 44 78 77 61 74 2 97 43 57 61 
13 8 43 18 29 41 21 41 31 47 18 22 79 32 19 82 53 80 72 63 50 41 31 8 51 76 20 27 39 46 49 55 9 65 62 86 61 33 29 78 72 82 51 65 19 16 74 85 85 38 39 44 21 10 27 83 41 63 79 49 41 66 18 57 16 39 68 59 4 70 82 33 58 72 87 70 32 49 44 39 57 80 24 31 22 19 81 28 43 57 82 
5 35 12 19 31 19 28 31 49 19 11 66 36 18 69 50 67 60 52 38 30 23 21 38 65 20 32 47 35 39 54 14 53 55 77 48 40 17 68 59 69 45 52 8 15 62 75 75 40 39 31 13 19 27 72 43 52 66 36 31 55 29 51 13 35 57 56 17 57 70 41 50 60 77 57 22 48 44 32 48 67 20 26 14 13 69 38 30 46 70 
37 12 24 35 18 32 32 49 16 15 70 35 19 74 52 72 65 57 42 33 27 16 43 70 21 31 45 38 43 55 12 57 59 81 52 36 21 73 64 73 48 57 13 16 67 80 79 40 37 36 17 14 28 75 43 57 70 41 33 59 25 54 14 38 60 58 12 62 75 39 54 64 81 62 27 49 42 33 50 72 19 26 17 13 74 35 35 50 74 
25 48 54 24 27 66 84 28 41 50 72 53 51 83 55 70 68 21 15 54 46 31 75 56 68 82 18 62 87 49 35 83 96 40 42 22 86 53 55 74 48 39 51 65 91 90 76 26 42 45 40 62 46 79 62 55 35 10 28 61 78 48 68 28 89 44 56 74 76 74 41 94 56 49 82 26 3 14 49 19 12 46 24 74 72 34 22 43 
29 40 9 27 43 61 11 21 63 47 30 66 62 66 66 60 33 24 34 23 37 71 32 43 57 29 48 66 24 49 66 86 47 32 14 77 59 67 56 52 18 27 65 83 82 52 28 35 24 18 39 66 55 57 65 36 23 48 36 61 25 47 49 68 20 58 74 51 60 56 85 59 32 60 32 21 38 64 8 14 25 1 73 46 31 40 64 
11 38 27 24 40 39 8 61 33 16 65 35 59 43 34 40 36 6 38 35 47 18 32 48 39 19 39 24 52 37 57 42 60 26 49 49 62 26 42 11 17 48 56 55 34 58 20 7 38 21 72 36 35 58 30 39 59 39 31 15 20 61 41 34 45 55 44 30 57 57 45 3 35 62 45 57 64 37 41 7 30 53 43 24 50 72 
49 30 29 43 50 19 58 39 26 62 32 54 33 22 42 41 12 49 34 36 28 40 55 42 8 37 35 51 29 46 39 71 33 37 43 58 20 37 22 27 38 44 44 39 68 17 19 50 28 71 40 25 53 29 45 61 49 24 26 20 62 37 45 38 45 52 20 55 46 38 8 34 72 52 62 60 47 50 18 41 43 53 25 52 71 
34 50 67 4 30 69 52 37 71 70 72 75 69 38 29 43 22 43 80 39 48 60 34 58 73 29 54 75 95 53 24 21 86 66 73 65 60 27 34 74 92 91 58 19 44 33 16 46 69 61 66 71 44 26 51 38 70 32 55 52 76 21 66 82 54 69 61 94 67 41 67 24 21 38 69 5 12 34 8 82 49 39 43 67 
51 68 37 25 37 59 40 41 61 39 43 41 13 11 34 48 10 48 43 57 73 12 37 66 42 25 59 69 20 58 13 59 32 40 50 25 25 39 40 64 63 61 48 15 29 45 48 45 64 35 38 9 16 31 57 54 36 47 33 67 44 32 49 68 48 31 67 32 27 62 50 25 32 39 30 28 30 27 49 65 6 22 44 
18 48 26 85 10 13 89 23 83 61 49 63 58 18 36 59 64 11 12 25 61 33 25 21 76 35 63 66 64 46 59 72 86 26 66 27 16 68 66 66 10 69 43 21 41 4 96 13 54 82 54 60 82 27 32 18 13 84 29 34 68 74 24 37 81 66 67 25 18 74 63 78 88 51 57 21 44 71 25 48 73 95 
65 44 101 15 31 105 20 98 71 58 81 76 34 50 76 72 28 20 21 79 43 17 38 93 36 65 82 78 64 64 87 101 30 81 45 33 80 71 71 9 86 59 39 56 21 113 6 65 96 70 78 100 37 35 36 23 101 22 49 81 84 25 43 97 70 80 41 12 91 81 96 103 68 75 38 61 81 30 65 91 112 
30 73 50 35 75 69 76 77 70 42 33 43 18 47 82 37 45 57 38 58 72 27 58 75 96 57 21 24 87 70 77 64 63 28 32 77 94 93 56 21 47 33 12 44 73 59 68 75 47 30 55 34 70 31 55 56 75 17 69 85 50 70 65 96 70 42 65 26 25 43 73 9 16 34 10 84 45 42 47 71 
62 33 14 65 42 61 50 41 37 31 13 30 34 54 17 32 47 35 28 46 19 51 45 65 42 51 19 57 52 64 34 45 2 13 53 64 63 36 50 23 4 30 23 70 39 41 60 30 34 56 34 40 11 27 58 48 26 49 60 43 39 56 66 49 11 40 54 38 52 64 29 34 5 22 59 41 24 47 70 
94 76 4 89 8 45 53 31 40 66 86 27 49 79 93 109 35 60 94 80 15 80 76 19 91 50 65 17 5 76 21 63 76 34 67 66 96 76 41 65 82 83 19 97 43 9 31 43 26 95 76 73 78 27 93 82 24 39 105 67 8 71 25 59 92 76 51 42 4 64 59 66 63 42 103 37 28 21 
19 98 29 93 71 59 71 65 28 35 68 74 16 5 15 69 43 29 23 84 43 72 75 63 52 68 82 96 34 76 34 21 78 76 75 6 71 53 29 41 11 104 9 64 91 63 66 90 21 40 23 23 91 33 34 78 84 14 47 90 75 77 35 21 76 68 84 97 54 61 29 48 81 17 57 81 103 
80 34 75 59 48 52 46 14 26 49 62 2 17 33 49 32 36 11 66 42 67 57 53 33 61 65 78 31 58 15 3 64 68 68 22 56 36 10 30 9 85 25 51 74 45 47 71 23 38 5 20 72 40 23 61 71 28 40 71 69 61 19 30 61 50 65 78 38 44 10 31 69 27 39 61 84 
93 12 49 57 33 42 70 89 31 53 83 97 113 37 64 99 83 17 85 80 23 93 52 70 21 8 80 25 66 79 38 71 70 100 78 46 69 84 87 15 102 48 13 35 45 25 99 81 77 82 26 97 85 29 43 108 72 10 75 30 63 97 77 53 42 2 66 61 70 66 46 106 41 29 18 
84 53 40 74 71 29 60 67 54 33 34 41 73 29 5 44 83 16 45 71 87 61 44 73 88 13 68 44 37 63 51 51 23 90 49 38 63 26 103 22 49 83 61 74 93 50 15 38 15 94 6 57 67 67 42 25 87 50 66 34 8 94 80 92 92 70 76 37 63 63 46 57 84 103 
38 47 34 43 64 87 29 41 78 92 108 38 55 90 80 21 75 69 19 95 52 58 11 4 71 17 62 75 26 59 58 93 81 39 65 84 81 27 95 37 1 31 47 33 95 71 72 75 35 88 83 18 31 104 62 15 63 19 57 89 81 56 48 12 67 63 65 66 34 102 37 34 30 
13 51 55 45 81 39 5 61 73 86 53 28 59 68 48 40 31 35 99 54 20 28 42 40 27 53 60 12 22 21 69 92 30 51 80 61 64 70 8 37 35 60 62 82 38 59 49 64 56 77 21 13 85 28 48 26 20 40 60 94 69 71 49 72 72 51 67 10 86 37 57 66 
51 53 33 72 40 15 49 61 74 52 16 46 58 53 28 27 39 92 50 17 36 51 27 32 44 50 23 23 22 56 87 26 41 72 49 70 57 9 46 34 58 66 71 25 48 36 68 43 67 29 26 73 15 54 25 28 30 47 90 67 72 57 66 68 41 60 23 74 34 59 72 
9 46 56 11 55 55 69 84 4 49 79 53 16 71 79 18 60 20 68 31 35 63 26 37 50 44 72 71 74 47 27 42 51 60 33 76 44 34 16 12 18 67 66 48 60 20 80 52 34 53 79 60 23 75 35 40 75 47 21 20 31 33 28 42 32 54 76 18 9 32 
42 47 16 60 48 62 77 5 48 76 45 25 70 81 26 51 12 70 39 44 61 33 31 44 50 75 74 68 39 27 36 42 54 42 71 47 42 19 5 25 59 65 41 57 26 77 44 41 58 72 59 32 78 41 36 71 40 14 21 40 24 19 37 24 59 68 18 16 40 
39 41 48 16 28 44 45 18 33 24 58 32 54 47 63 32 47 54 67 21 47 15 16 50 55 54 29 63 25 10 41 17 78 31 37 63 36 45 65 37 27 15 14 67 35 35 49 57 41 27 62 56 49 7 28 67 51 63 69 42 47 9 35 55 41 30 56 78 
58 85 27 30 40 52 57 61 15 72 69 94 68 27 36 87 80 89 58 73 28 24 83 94 93 41 37 52 30 6 33 89 44 72 86 57 46 72 16 65 24 47 73 65 4 78 91 32 67 79 95 78 41 54 42 43 61 87 26 34 30 23 89 27 51 63 87 
44 52 66 82 13 40 72 52 17 62 68 10 67 23 57 23 30 55 17 35 48 33 61 60 70 55 18 38 55 56 37 72 32 28 6 21 26 67 57 45 54 28 72 54 24 42 77 50 22 64 25 34 69 56 31 31 29 39 36 39 37 43 75 10 19 36 
64 76 89 57 31 59 72 53 40 27 39 104 59 17 32 45 42 31 57 64 15 18 17 71 96 35 55 85 64 68 72 13 40 40 65 67 86 38 62 51 69 56 81 25 13 88 29 52 22 24 44 61 99 74 76 53 76 77 55 71 9 89 42 62 70 
14 30 52 33 35 11 68 42 68 60 54 36 62 68 80 31 61 17 5 66 70 69 20 58 38 13 30 7 88 23 53 76 48 50 73 21 38 7 19 75 39 24 64 73 26 41 74 70 64 21 28 63 52 68 81 40 46 13 33 71 25 41 64 87 
15 66 45 34 18 83 47 75 74 58 49 71 82 95 38 75 31 18 79 79 78 12 66 52 28 36 12 102 14 65 91 62 63 87 16 44 21 25 89 38 29 78 85 12 50 88 79 77 35 26 71 64 81 95 50 57 27 44 83 13 56 78 101 
82 58 38 33 99 56 85 90 66 65 83 97 111 49 91 47 34 94 90 90 18 77 68 43 46 26 118 18 79 106 78 78 103 23 54 36 38 104 44 40 93 99 7 62 104 89 93 50 32 82 79 96 111 63 71 43 58 97 13 72 94 117 
49 78 49 20 71 80 21 56 17 69 35 39 62 30 34 48 47 74 73 72 43 27 39 47 58 37 74 45 38 17 8 21 64 66 45 59 22 79 49 37 55 76 60 27 77 38 38 74 43 18 20 35 29 24 40 29 56 73 18 12 35 
34 42 55 22 37 42 79 41 29 44 59 15 39 31 34 36 36 36 41 77 22 27 58 33 75 42 21 54 33 52 66 55 17 33 21 68 33 53 38 41 57 11 58 38 37 16 33 80 60 69 63 56 59 26 49 38 58 31 58 75 
46 89 20 49 76 89 65 49 79 94 19 73 48 40 69 55 55 22 93 54 42 66 28 108 20 54 89 66 79 98 50 21 41 19 100 5 59 72 72 41 30 92 54 72 39 7 98 84 97 98 74 80 41 67 69 46 62 89 109 
68 53 79 61 42 32 72 71 82 43 64 17 8 72 79 79 29 48 42 17 19 18 86 32 59 79 49 46 70 15 49 9 31 72 50 12 68 79 26 51 74 80 68 27 39 53 46 63 81 31 39 17 25 77 23 43 61 85 
77 79 14 76 36 68 22 20 71 21 51 65 39 71 70 87 61 34 55 67 73 20 89 44 20 22 28 14 83 73 62 71 16 88 68 28 46 94 65 7 74 29 51 85 61 36 27 15 49 44 55 49 48 91 27 13 20 
29 63 95 61 28 63 79 10 59 47 45 51 35 35 38 95 44 42 72 37 96 37 37 73 56 74 88 62 5 45 22 90 16 66 56 53 57 13 79 34 56 35 24 99 81 91 84 74 78 41 67 50 60 53 80 97 
65 117 77 11 59 73 37 58 68 70 42 10 11 67 114 54 64 95 65 95 67 35 67 62 86 92 89 31 70 50 94 44 90 52 39 86 27 79 7 51 54 53 117 94 100 80 93 95 63 86 36 89 62 86 97 
77 33 54 13 21 58 8 44 56 26 57 56 76 65 22 46 65 63 32 78 30 18 12 30 27 76 59 54 59 29 75 64 16 35 85 51 16 61 17 40 74 65 40 37 21 49 45 47 47 36 84 18 22 33 
45 109 90 95 84 84 48 50 98 115 114 69 18 68 53 23 60 88 72 90 94 68 48 70 43 90 49 73 70 93 30 90 106 59 90 83 117 91 62 82 22 40 55 91 28 32 54 32 106 53 63 64 85 
67 45 53 52 38 18 31 52 73 72 56 37 24 24 32 42 54 59 46 51 22 14 38 47 56 28 46 39 67 32 45 61 59 53 43 75 45 27 60 40 19 32 50 17 18 25 14 61 56 17 29 53 
48 62 34 47 60 63 32 7 7 65 104 43 56 88 60 84 65 24 57 51 75 81 84 29 63 45 83 44 83 41 30 83 21 68 8 40 46 52 107 84 89 69 83 85 56 77 26 85 52 75 86 
15 60 7 53 65 17 50 49 83 78 29 55 77 71 36 84 26 10 23 43 37 86 60 63 64 38 77 76 7 23 94 50 20 54 8 47 77 79 53 49 21 62 59 55 59 25 93 29 34 38 
75 20 65 77 30 63 62 96 81 42 67 85 84 24 98 41 5 33 47 32 98 75 75 78 33 92 85 22 35 106 66 13 67 23 60 92 81 56 47 8 68 63 67 67 38 105 39 33 26 
55 37 34 50 41 41 31 84 37 31 61 27 90 31 35 70 49 65 81 52 6 35 12 83 17 55 53 54 49 13 74 41 53 25 19 88 71 82 79 64 68 30 57 51 51 45 73 91 
46 58 18 49 48 76 72 22 48 70 64 37 78 23 15 16 38 35 79 55 56 58 37 72 69 7 26 87 46 21 53 8 40 72 73 48 46 24 55 53 48 52 27 86 22 31 39 
13 55 67 66 37 47 25 6 27 23 70 40 44 61 31 33 56 32 42 10 29 57 50 24 51 63 42 42 57 68 51 14 42 51 36 51 64 26 32 7 19 61 40 25 46 70 
65 71 70 25 53 36 10 26 12 84 28 52 74 44 45 69 22 41 2 23 70 43 20 62 72 29 43 70 72 61 20 33 58 47 63 78 35 41 10 28 70 27 38 60 83 
33 32 77 89 30 55 81 67 53 78 14 25 30 55 53 87 48 63 57 55 66 79 10 8 91 38 37 37 9 45 69 90 65 64 38 70 69 55 66 9 91 34 49 55 
1 72 110 49 63 94 67 86 72 28 58 56 80 84 91 36 70 53 86 50 90 43 29 90 28 70 4 42 53 59 113 89 93 71 89 91 63 84 25 92 57 79 88 
72 109 48 63 94 67 85 72 27 57 55 79 83 91 36 69 52 85 51 89 42 28 90 28 69 5 41 52 59 112 89 92 70 89 90 62 83 24 92 56 78 87 
77 54 32 47 13 106 3 62 92 65 70 93 28 36 27 20 94 27 40 77 82 19 44 91 71 77 36 15 82 73 88 98 60 66 31 53 80 23 59 84 106 
61 53 30 65 72 80 83 81 58 34 54 53 90 51 75 54 96 37 80 97 70 88 68 113 80 60 86 5 25 38 76 21 20 54 27 97 64 54 48 69 
25 50 41 54 56 22 38 12 31 44 57 39 33 37 46 54 48 26 38 64 33 38 52 26 18 51 63 40 47 44 41 41 25 36 38 63 9 36 54 
31 18 74 34 42 63 34 38 60 32 37 8 23 62 44 26 51 62 39 37 60 65 51 10 36 57 42 56 67 32 38 1 25 60 37 28 51 74 
37 84 50 71 83 54 41 66 23 67 26 50 67 69 7 75 89 39 68 74 96 75 41 59 35 37 55 82 20 28 31 18 88 34 48 58 82 
93 16 53 80 52 56 79 24 34 14 15 81 32 30 66 73 24 38 78 68 66 23 21 70 59 74 85 47 53 17 40 71 25 46 70 92 
109 61 28 42 43 18 101 92 81 91 18 108 86 43 58 113 83 16 90 44 71 105 70 49 34 15 64 57 75 65 61 110 47 26 3 
63 94 67 73 95 31 36 30 21 97 26 43 79 83 20 44 94 71 78 38 14 85 75 91 100 62 69 34 56 80 25 61 86 108 
36 27 52 57 74 34 50 42 59 52 68 19 20 77 24 44 31 18 32 54 85 61 64 47 63 63 42 58 18 78 29 51 62 
29 46 33 94 70 71 73 35 87 82 17 30 102 60 15 62 17 56 87 81 55 48 13 66 62 64 65 33 101 36 34 31 
24 32 64 51 42 48 34 66 53 22 39 73 44 26 59 22 29 63 59 34 37 33 39 38 34 36 39 72 6 25 42 
25 59 69 43 60 26 80 43 45 63 72 64 35 83 46 40 74 35 10 18 43 21 16 39 22 64 69 23 17 41 
85 83 66 79 2 98 69 42 60 97 76 18 88 43 59 94 52 30 16 24 46 39 61 48 62 94 36 9 15 
58 24 39 86 55 17 83 94 16 63 89 92 83 42 43 59 58 75 97 42 50 32 37 92 10 58 76 100 
41 18 85 17 61 53 51 55 10 75 35 52 30 23 94 75 86 80 69 73 36 62 48 57 48 75 93 
24 68 44 20 59 70 31 42 67 71 59 18 35 56 45 60 75 33 39 8 26 68 30 35 57 80 
81 21 43 58 62 37 24 75 53 57 20 14 80 65 78 81 55 61 22 48 59 39 43 70 91 
100 70 44 62 99 78 19 90 45 60 96 52 31 16 25 47 40 63 49 64 95 37 10 15 
63 70 69 46 27 91 49 70 40 12 101 86 98 96 76 82 43 69 66 51 62 89 108 
74 87 33 63 75 91 74 37 52 42 41 58 83 24 32 26 20 85 28 47 60 84 
18 90 43 27 47 1 43 71 81 55 53 28 62 60 51 59 20 89 27 39 45 
97 41 43 33 17 52 73 99 73 72 43 78 77 62 74 3 98 43 57 61 
61 99 90 89 47 34 75 72 89 107 57 65 38 51 95 6 67 88 112 
67 29 43 28 32 92 71 80 71 67 70 36 61 38 63 42 69 84 
74 28 55 90 67 43 33 8 56 51 61 56 46 97 32 19 18 
46 54 58 115 92 96 75 92 93 64 86 29 92 60 83 92 
42 71 81 56 54 29 62 60 51 59 19 89 27 39 46 
35 64 46 57 62 39 43 10 33 50 46 23 50 71 
91 78 92 95 68 74 35 61 70 39 58 85 106 
25 36 75 24 22 58 31 99 69 56 47 67 
17 51 16 8 43 20 74 68 32 24 46 
40 34 26 57 38 73 85 38 14 31 
64 59 68 64 46 105 39 27 18 
7 33 7 78 52 35 38 62 
39 13 77 60 34 32 55 
26 60 37 28 52 75 
74 47 31 39 63 
96 43 59 63 
65 85 109 
27 47 
24 
