200 3
100 91 24 12 82 62 53 107 41 41 51 36 68 55 109 98 98 23 47 60 17 40 55 66 107 31 79 91 82 48 65 44 51 64 84 49 78 47 38 87 25 84 77 87 82 56 95 7 10 88 61 63 30 47 83 57 3 45 47 38 67 27 44 78 93 28 53 39 48 100 75 50 84 38 85 109 32 78 71 89 23 66 112 61 77 58 17 85 58 55 99 83 88 67 63 98 49 49 44 82 50 27 26 83 96 79 73 89 90 73 49 43 30 37 89 91 43 65 43 104 80 51 49 80 79 89 14 82 88 14 99 66 40 55 56 68 28 74 69 64 94 96 36 52 76 106 54 65 46 72 47 30 90 13 43 46 36 41 96 83 79 47 100 52 82 38 71 13 28 30 102 39 65 91 66 61 32 59 14 20 57 76 72 46 94 85 21 87 79 14 97 93 35 95 85 62 46 85 73 
8 86 103 63 46 72 9 63 58 55 64 84 98 14 29 38 102 85 40 86 96 45 86 13 95 40 10 29 89 64 55 54 50 24 61 45 84 107 83 116 72 91 14 90 65 48 94 98 67 93 67 112 76 16 43 100 84 55 65 65 77 95 24 56 72 66 98 70 88 51 53 77 81 29 14 119 23 39 90 83 94 21 58 79 52 88 98 74 55 82 47 13 36 37 47 102 69 74 78 77 98 75 18 4 25 100 15 79 60 86 75 70 67 50 60 57 42 73 19 88 71 68 97 25 50 92 60 49 101 53 63 72 45 63 32 119 39 36 56 97 50 85 48 50 30 46 45 55 52 81 72 99 100 85 61 65 103 32 83 22 94 97 61 19 62 37 89 75 69 7 60 89 12 50 63 67 79 101 106 61 66 28 55 43 21 88 38 99 86 75 76 66 59 94 55 68 95 88 
78 94 58 39 65 16 55 50 46 55 78 91 21 29 37 94 77 31 77 89 36 80 19 87 35 5 24 81 58 47 46 43 19 53 40 76 99 79 107 68 86 7 85 58 46 86 89 64 86 61 104 68 8 34 92 76 47 57 59 68 88 17 54 64 59 90 62 85 46 44 72 73 25 21 111 15 33 85 75 87 27 51 74 45 79 93 67 47 79 43 6 28 28 46 95 61 67 73 70 89 67 11 4 19 94 10 75 55 79 67 61 58 48 57 48 34 65 22 83 64 60 92 18 48 84 55 46 92 52 57 64 36 56 23 111 33 29 49 93 48 77 39 45 32 38 38 47 47 73 63 94 91 78 53 56 96 31 78 14 86 93 53 11 53 30 80 67 61 13 52 82 7 43 56 59 73 92 97 54 61 19 47 42 16 79 35 94 78 72 73 58 56 89 49 60 90 83 
18 58 43 60 92 41 32 49 24 44 34 93 78 77 15 23 49 27 20 42 42 91 13 58 76 64 25 41 32 33 63 67 50 57 23 25 63 29 60 53 76 58 60 73 25 16 64 38 39 26 55 71 43 22 21 31 38 43 32 23 68 70 17 29 20 24 76 53 46 59 48 66 93 33 67 51 65 33 43 95 63 53 38 8 62 34 54 75 61 73 59 51 76 30 54 20 58 59 12 15 68 82 62 50 73 66 49 25 19 23 37 67 67 30 47 50 87 56 58 54 57 69 67 10 58 66 16 76 42 46 41 32 56 33 54 62 42 70 73 12 42 54 86 40 45 30 50 23 15 67 15 19 46 32 24 76 59 64 25 76 54 70 26 52 26 31 23 87 27 41 79 65 64 25 35 16 19 60 52 59 39 72 68 34 66 56 21 73 69 21 71 61 40 23 61 49 
76 61 64 109 49 46 58 38 59 44 111 97 96 11 39 64 27 29 58 57 108 21 77 93 82 39 59 47 51 72 85 57 76 39 26 79 14 78 68 91 73 66 92 18 5 82 51 57 17 58 87 60 8 37 48 46 61 36 33 83 88 30 48 28 43 92 72 57 77 49 85 111 21 82 70 80 34 56 113 70 70 56 14 76 52 62 92 80 90 72 66 95 38 59 38 75 61 16 27 85 98 80 62 90 83 68 40 37 34 44 86 86 46 65 54 105 71 62 59 71 84 86 10 77 85 3 95 61 50 57 51 71 18 72 75 61 85 92 29 56 73 105 56 64 47 69 40 31 81 3 35 54 42 29 95 75 81 37 91 61 85 41 71 24 36 34 104 42 55 95 74 70 36 52 3 7 67 70 75 51 91 86 32 85 69 22 91 87 36 90 75 59 42 76 64 
31 92 63 71 57 71 53 26 46 60 37 30 69 39 53 77 53 50 29 58 58 23 53 34 42 17 50 37 79 39 77 18 39 64 20 83 9 29 62 27 88 20 80 74 7 38 19 75 91 56 45 80 41 44 70 15 75 50 63 13 57 29 55 34 28 13 66 14 89 34 60 83 60 29 27 80 37 57 84 17 29 65 35 25 75 23 16 52 64 52 24 53 86 38 15 94 63 59 48 60 40 40 48 17 9 39 39 61 71 14 9 51 32 86 50 25 90 85 35 65 14 68 3 15 73 21 16 82 46 26 54 86 27 68 20 34 19 48 56 14 43 46 29 45 14 37 54 36 73 43 74 64 59 34 20 47 47 35 80 59 52 32 79 73 60 59 52 32 64 80 89 59 27 73 74 85 6 51 61 23 42 83 25 37 73 18 16 52 14 31 22 36 32 28 
61 51 41 27 40 27 41 52 50 36 36 58 38 23 53 50 19 43 48 50 17 35 21 42 21 21 10 48 24 46 18 37 61 48 72 39 50 39 51 57 35 58 57 38 48 24 67 61 33 14 61 37 16 41 23 48 49 36 36 33 19 52 23 58 18 35 42 60 23 50 74 34 8 54 54 50 52 53 40 6 46 59 29 44 54 23 33 34 22 38 56 55 28 42 64 53 36 28 42 21 57 31 47 22 40 28 35 41 31 36 22 4 55 44 49 59 54 56 38 31 51 29 29 58 40 21 52 15 17 25 76 11 38 13 62 36 39 25 18 44 15 3 17 16 34 31 61 58 39 43 35 57 34 46 25 47 64 49 35 25 9 55 46 34 46 25 45 42 50 58 33 35 58 62 53 29 24 31 33 26 58 25 58 50 49 47 27 39 55 11 22 56 47 
81 22 36 21 43 94 92 86 86 91 71 78 41 37 80 42 93 84 73 75 68 71 81 79 42 55 22 70 15 78 77 84 107 78 99 104 58 107 7 94 46 59 99 94 79 81 6 58 47 56 76 48 23 81 28 82 48 97 45 69 80 67 119 79 25 101 16 74 86 85 50 66 112 30 97 92 14 98 63 54 113 80 18 115 84 65 37 43 96 90 6 67 101 5 71 46 63 69 64 106 69 107 83 81 67 38 24 91 97 42 61 10 86 104 2 7 110 47 91 57 90 90 64 100 79 14 46 70 45 81 69 36 72 119 96 69 36 80 93 45 64 48 77 75 48 117 63 76 18 31 84 86 104 59 84 123 12 54 43 64 40 28 39 78 41 94 60 23 10 38 85 64 71 11 89 50 30 91 69 32 82 109 42 110 108 45 100 111 70 64 112 100 
71 66 63 71 86 102 6 27 35 108 89 47 94 101 52 88 5 101 41 16 31 93 67 62 59 59 26 70 46 88 112 83 122 72 92 23 90 74 46 102 104 67 95 70 118 85 24 49 107 88 61 73 67 85 99 33 55 79 70 103 74 86 52 61 77 90 30 6 125 32 43 90 91 96 13 67 79 57 94 98 77 64 80 47 19 45 44 44 106 78 79 78 86 103 82 24 12 30 102 19 79 61 90 79 77 75 50 59 64 46 82 14 88 80 77 98 34 50 99 60 49 107 51 65 81 52 67 40 125 42 45 59 97 48 90 55 51 25 53 49 62 54 85 78 99 106 90 70 72 108 30 83 28 98 96 70 27 69 41 97 83 76 5 67 91 21 59 72 74 82 107 112 70 67 35 63 42 24 96 38 100 94 73 75 73 57 94 59 73 95 90 
14 10 21 72 71 75 71 74 54 57 25 25 60 23 71 73 54 56 56 55 60 57 20 33 23 55 9 59 56 66 85 63 78 82 49 85 20 75 34 43 78 72 58 64 20 47 28 43 54 27 3 59 14 62 39 77 24 47 60 45 97 59 10 80 20 58 75 69 40 47 90 20 76 80 22 76 42 37 91 58 13 94 64 53 27 28 78 70 15 46 79 23 53 26 50 59 49 84 56 86 62 59 45 18 4 72 77 20 41 14 72 82 19 15 88 39 72 40 69 70 48 81 57 11 26 48 32 67 50 29 51 97 77 49 18 60 78 25 44 26 57 54 27 95 47 54 5 9 65 70 82 45 63 101 13 44 21 45 28 13 18 67 19 72 52 25 23 16 63 48 55 19 68 36 10 72 54 25 64 87 27 89 87 23 80 89 49 42 90 78 
17 9 58 59 68 60 63 48 44 18 28 50 13 58 66 45 44 49 44 48 43 6 19 31 45 21 46 43 57 71 60 63 68 45 71 33 62 36 40 64 59 43 58 34 42 17 42 42 13 13 45 21 51 37 64 16 33 51 32 83 45 14 66 32 47 68 64 36 35 76 27 63 72 32 62 28 31 78 44 23 79 51 46 26 21 65 59 29 33 65 37 45 18 42 54 39 71 48 72 48 47 32 12 13 58 63 6 29 28 64 68 33 29 74 38 58 35 55 57 44 68 43 25 15 33 26 63 38 30 37 83 64 38 10 46 68 14 30 12 43 41 17 81 43 42 17 8 56 59 68 38 51 87 25 40 8 34 31 19 11 61 6 59 49 33 35 9 49 44 50 31 53 30 7 60 45 31 52 74 28 75 72 12 66 75 34 28 76 64 
26 75 77 67 65 70 63 62 19 35 67 20 75 65 62 53 48 50 66 58 22 34 14 49 7 56 61 74 87 73 78 85 40 88 17 72 44 53 78 77 60 73 23 39 25 53 60 28 13 60 24 68 30 75 32 50 68 49 98 58 4 81 26 53 67 79 31 44 92 30 80 72 15 78 42 46 94 61 5 94 62 45 18 22 74 76 16 50 80 25 61 34 43 51 43 88 49 86 62 64 50 26 14 69 76 23 39 19 66 85 20 15 91 30 69 49 69 68 57 78 58 17 24 50 25 76 47 19 51 99 74 55 15 58 72 24 42 28 56 59 34 98 56 60 6 17 73 65 84 39 69 103 9 35 25 42 38 23 26 59 24 76 43 16 18 24 66 57 64 14 68 30 10 69 48 34 60 91 37 89 87 29 78 92 49 46 92 81 
51 50 72 62 63 39 36 25 26 41 19 50 70 36 44 54 46 39 38 8 17 40 48 29 45 35 48 65 52 59 61 52 65 41 62 31 33 60 51 38 50 40 48 21 36 33 11 19 40 22 42 44 61 8 27 42 24 78 43 23 60 36 49 72 56 43 35 70 27 55 76 41 56 25 24 70 37 31 75 50 51 35 27 65 50 36 25 59 43 36 11 47 60 42 63 52 66 44 38 24 8 19 57 60 7 29 34 67 62 40 36 67 45 57 28 52 56 37 67 38 30 19 28 32 56 38 38 33 77 63 29 18 44 70 17 30 10 40 33 8 75 36 34 25 12 47 60 62 42 42 81 33 47 2 35 28 20 7 66 3 51 56 42 44 6 42 37 42 39 49 36 16 60 48 31 52 66 24 71 68 3 64 68 31 21 69 57 
21 83 62 56 50 20 62 69 32 57 3 82 39 44 73 55 21 20 52 41 86 60 79 39 20 41 20 63 21 10 80 14 91 47 68 58 28 12 17 54 91 74 54 65 23 46 70 19 70 28 77 39 51 25 34 26 33 33 71 18 87 55 83 61 75 45 21 74 10 82 90 11 35 52 19 13 80 33 39 72 75 63 50 29 87 27 16 94 44 51 67 80 59 16 68 24 24 19 27 56 70 40 35 52 45 85 74 12 91 87 16 79 40 53 28 41 56 47 21 81 54 25 66 65 45 79 29 26 46 31 61 34 68 53 41 47 31 21 47 24 57 24 76 63 36 59 16 65 24 32 83 76 50 48 69 69 55 81 52 6 83 88 93 56 9 56 56 89 20 65 64 49 62 76 48 16 64 33 29 48 39 17 30 29 18 6 
100 80 75 33 15 70 61 15 64 17 98 23 60 87 70 11 35 55 48 90 75 80 57 16 22 40 44 43 26 91 32 91 67 58 45 49 9 31 35 88 86 62 52 17 51 69 35 66 11 87 60 47 32 16 30 52 51 73 40 82 72 100 41 85 58 39 67 13 100 92 33 46 41 32 25 82 53 58 86 82 71 70 8 86 27 38 92 28 46 80 94 73 18 83 45 42 13 27 53 68 60 56 54 57 83 91 30 90 86 27 89 60 41 48 60 42 68 36 78 61 35 75 46 60 86 42 42 66 22 66 52 87 60 53 51 48 19 44 37 42 16 76 62 17 77 36 77 8 49 84 87 51 61 60 65 53 97 53 15 95 92 94 54 20 42 39 90 40 75 66 68 77 68 66 24 55 54 50 48 60 33 43 33 33 23 
23 31 108 88 50 96 100 55 86 2 101 39 18 30 92 65 64 60 64 26 74 44 87 111 79 123 68 89 28 87 79 42 104 106 63 94 68 118 89 28 51 109 87 62 77 65 88 99 38 51 81 69 102 74 82 50 65 73 94 28 125 36 42 86 94 94 7 72 76 56 96 95 75 68 76 44 22 49 47 40 105 82 79 74 91 103 84 25 17 30 99 20 75 59 89 79 79 78 46 55 66 46 86 10 85 85 81 95 39 46 100 57 45 108 46 63 85 53 66 43 126 41 50 57 93 44 90 58 49 19 55 49 63 52 84 80 95 108 89 73 75 108 26 79 30 97 92 74 32 70 41 99 86 78 8 69 89 26 64 77 77 80 108 113 75 64 38 66 38 24 99 35 97 96 69 71 74 53 91 57 73 92 87 
8 93 69 46 88 82 48 65 22 84 20 24 16 73 45 55 46 67 16 72 23 68 94 56 108 45 67 36 64 80 19 94 93 40 73 48 102 88 32 43 97 69 51 72 44 81 80 42 28 69 51 84 56 59 29 62 50 91 13 23 109 39 27 63 87 72 20 74 54 40 83 72 55 68 53 22 25 50 43 17 86 82 61 52 91 88 72 24 28 22 77 20 52 38 70 62 70 73 23 32 56 32 84 13 63 85 81 72 44 23 87 34 22 94 24 43 82 45 48 41 111 24 52 38 70 21 73 53 28 8 46 33 52 32 65 67 72 94 71 71 68 89 3 57 27 77 69 74 36 60 27 90 79 69 24 59 68 36 67 79 67 60 94 98 76 42 36 61 15 18 92 13 75 86 46 48 63 30 68 39 56 69 65 
91 65 50 89 79 51 59 30 82 19 32 19 69 41 57 47 72 21 77 20 65 91 49 106 38 60 43 57 85 11 95 93 32 68 44 100 93 39 46 97 66 52 75 40 84 77 49 20 70 49 81 54 51 25 66 43 94 17 31 107 46 28 55 90 67 27 80 47 40 82 65 51 73 45 17 33 56 47 9 82 86 59 45 95 86 73 31 37 27 71 27 44 33 66 60 71 76 16 24 58 34 88 21 56 90 85 65 51 16 86 28 15 94 15 39 85 48 45 46 109 25 59 36 62 13 71 56 24 12 49 33 53 28 62 68 65 93 68 75 71 86 6 50 33 74 61 79 44 61 29 92 82 70 32 61 62 44 73 85 69 55 94 97 81 36 41 64 7 24 94 11 68 87 38 40 64 22 61 37 55 62 59 
30 64 35 18 58 47 106 11 72 92 79 29 52 47 48 77 82 63 71 30 15 70 14 69 58 91 63 73 86 28 13 74 41 50 10 65 86 59 19 28 47 51 54 43 22 84 81 31 42 17 37 83 66 60 68 57 81 108 17 83 66 70 42 45 110 76 61 52 17 65 43 67 83 74 89 74 67 89 26 66 32 66 69 6 29 84 98 78 51 89 74 61 31 31 37 50 79 78 46 62 61 102 61 69 66 60 85 79 14 69 79 9 89 54 57 57 46 72 18 69 78 55 74 86 21 58 67 101 56 60 46 63 31 31 70 10 26 59 45 17 90 66 80 26 81 67 86 41 68 32 43 37 103 43 45 95 79 77 39 43 9 6 73 62 74 54 85 84 41 80 58 29 82 78 37 83 65 54 36 65 54 
55 50 13 49 18 86 19 49 74 57 4 25 40 33 75 62 65 45 1 25 40 43 39 29 77 35 77 58 48 38 44 15 21 36 75 71 47 44 2 36 55 26 53 11 72 53 33 18 16 15 53 40 58 38 69 59 88 43 71 45 41 55 19 88 77 31 32 31 38 14 68 53 48 72 67 56 62 17 72 12 36 78 24 33 66 81 59 27 70 44 33 2 12 39 54 52 49 39 43 69 80 32 76 72 33 74 52 33 41 51 36 60 26 65 46 21 60 46 47 71 30 47 58 11 51 41 77 45 39 36 37 4 30 43 36 4 61 47 20 66 36 63 8 53 70 72 36 47 50 52 39 84 38 17 81 77 80 40 13 36 36 75 33 61 51 59 64 57 55 32 45 52 48 33 54 37 30 18 38 26 
46 63 6 64 48 60 34 31 30 59 44 17 22 25 30 26 38 54 72 71 77 62 72 27 74 35 53 54 58 60 67 46 75 42 23 8 60 53 19 26 46 37 63 19 56 33 38 64 40 81 40 16 65 45 33 50 81 18 25 77 44 70 55 31 63 27 49 81 49 23 77 43 28 12 3 55 71 36 43 65 45 61 36 25 36 24 77 31 70 45 57 43 30 27 50 57 18 21 38 47 71 39 35 78 20 50 53 51 49 62 59 43 36 9 37 7 81 28 16 35 85 55 51 8 40 53 10 24 19 38 51 33 84 61 54 25 25 70 45 69 20 63 87 28 21 23 23 49 35 29 43 21 65 31 27 36 27 55 62 67 32 52 12 15 49 29 48 40 79 46 71 70 27 59 78 34 37 79 68 
47 41 68 94 39 70 77 72 52 61 32 43 47 73 32 71 49 49 87 41 82 79 73 84 39 88 9 22 84 65 60 44 31 69 45 19 47 37 22 63 10 50 63 87 20 49 47 45 100 69 34 83 22 74 96 48 63 61 90 7 70 100 44 77 51 20 88 57 38 98 76 74 51 49 91 57 32 42 81 34 36 18 70 82 67 77 76 89 68 52 42 18 20 83 85 31 55 27 92 81 35 32 84 63 83 21 77 82 27 93 62 23 43 51 53 44 64 53 58 96 89 39 38 70 95 42 56 36 66 48 23 93 26 46 29 21 50 86 83 66 53 102 35 67 28 61 3 11 19 89 28 67 76 49 44 20 60 27 34 40 72 58 30 86 73 7 78 83 5 94 91 26 89 87 56 42 87 75 
57 29 98 8 62 85 70 11 38 47 43 81 74 69 59 14 11 52 31 52 39 88 45 80 72 43 30 57 22 35 22 75 82 56 36 13 44 57 39 52 4 82 67 35 31 2 26 65 54 64 50 68 72 100 29 80 58 52 53 26 101 81 43 44 27 46 28 72 65 62 83 74 65 76 10 74 21 48 79 13 34 78 92 71 33 82 56 47 13 21 41 56 66 63 46 54 70 92 43 78 74 41 83 66 26 55 65 26 74 40 66 54 34 69 33 59 78 43 56 72 12 58 55 90 53 51 43 51 17 33 51 27 11 65 50 7 79 48 74 8 62 73 82 42 59 46 52 41 96 44 27 91 83 83 43 26 26 24 79 47 71 57 73 76 54 69 39 41 65 60 38 68 46 43 28 47 36 
58 52 54 33 36 32 53 39 10 16 29 32 26 36 48 66 67 71 58 68 33 69 37 52 49 53 58 61 41 69 42 29 5 55 47 13 24 41 33 57 25 55 27 33 58 34 78 38 16 61 43 35 55 75 24 24 73 40 64 58 33 59 23 43 76 44 24 74 42 33 18 8 55 65 36 37 61 45 55 30 29 41 26 72 34 67 42 51 37 25 25 49 55 12 19 37 51 67 40 35 73 26 49 47 49 48 56 58 39 34 4 32 13 75 27 22 32 80 54 44 5 38 55 4 22 13 36 45 27 80 55 48 24 20 63 47 65 24 57 84 29 27 17 22 44 32 24 48 15 60 37 30 38 22 50 56 61 34 48 17 13 49 32 44 41 74 41 68 67 21 58 73 30 31 74 64 
85 36 47 76 57 18 22 52 42 87 62 79 42 18 38 23 60 25 11 82 16 91 50 67 56 31 8 19 51 90 76 55 63 21 47 70 21 70 25 79 43 50 25 31 26 36 36 71 22 86 58 86 57 77 47 23 73 7 85 90 15 37 50 20 14 80 36 42 74 76 64 53 25 87 26 20 94 41 50 69 83 61 14 71 27 27 16 26 55 69 44 38 52 47 85 77 14 91 86 16 81 44 51 32 44 54 50 23 80 55 26 67 62 47 80 31 28 49 29 62 37 72 54 43 47 34 19 46 25 54 22 76 62 33 62 19 67 21 34 83 78 50 50 68 68 55 84 52 2 85 89 94 56 8 54 53 89 23 67 64 52 65 75 51 16 62 37 32 48 43 19 32 29 19 7 
99 38 16 28 90 63 62 58 62 24 72 42 85 109 78 121 67 88 26 85 77 41 102 104 62 92 67 116 87 26 49 107 85 60 74 63 86 97 36 50 79 67 100 72 81 48 63 72 91 26 2 123 34 40 85 92 92 8 70 75 54 94 93 73 66 75 42 19 47 45 39 103 80 77 73 89 101 81 23 15 28 98 18 74 57 87 77 77 76 45 54 63 44 84 9 84 83 79 93 37 45 98 55 44 106 45 62 82 51 64 41 124 39 48 55 92 43 88 56 47 19 53 47 61 50 82 77 94 105 87 71 73 106 25 78 28 95 91 72 30 68 39 97 84 76 6 67 87 24 62 75 74 79 106 111 73 62 36 64 37 22 96 33 96 94 68 70 72 52 89 56 71 90 85 
64 85 71 18 42 43 41 76 75 63 61 19 12 59 25 58 47 86 52 73 76 34 21 63 30 39 18 68 81 54 28 17 41 51 44 45 12 79 71 30 33 7 27 72 56 59 57 61 73 101 25 78 58 59 46 35 102 76 50 44 19 55 33 67 72 65 82 71 62 79 18 67 22 55 72 5 28 77 91 71 41 82 63 51 20 22 36 50 69 68 42 54 63 94 50 71 67 49 80 69 18 59 69 18 78 43 59 52 36 67 27 60 74 46 64 76 11 54 58 92 51 52 41 53 20 28 60 18 15 59 45 11 82 55 73 16 70 67 80 37 60 38 44 36 96 39 34 89 78 77 38 32 18 17 73 51 69 52 76 76 46 71 47 33 71 67 33 72 54 45 28 55 43 
30 11 52 25 38 27 59 16 60 5 48 73 43 87 32 51 38 50 70 18 75 73 29 54 29 82 76 32 28 78 48 33 57 25 65 60 39 22 50 31 64 36 50 11 49 37 76 11 39 89 37 9 50 71 54 39 65 39 20 63 58 35 57 45 9 29 43 32 21 66 70 41 38 79 67 53 24 37 17 60 25 41 20 50 42 52 57 16 24 39 15 71 31 48 73 69 57 42 16 67 20 15 74 25 24 68 30 27 32 90 6 46 18 58 20 52 39 10 28 30 14 34 12 45 48 59 74 50 58 52 69 18 43 24 57 59 63 36 42 11 72 63 51 37 42 49 41 60 70 50 41 74 78 66 26 29 46 16 19 75 8 59 67 39 38 44 25 54 19 36 55 48 
19 78 53 46 43 46 14 55 35 73 96 73 106 62 81 12 80 61 40 85 88 58 82 57 102 71 10 33 91 73 45 58 54 69 84 20 48 63 55 87 59 79 41 46 67 75 19 18 109 18 29 80 75 83 24 54 69 42 78 88 63 50 73 37 3 31 28 40 91 64 64 68 73 87 66 7 7 14 89 5 70 50 75 64 61 59 42 51 47 31 67 18 78 67 63 87 21 42 82 50 41 91 46 52 66 35 52 24 109 28 32 45 87 42 74 39 40 27 37 34 45 42 70 62 89 90 75 55 56 93 25 73 12 83 88 56 14 52 26 81 67 60 11 51 78 12 46 59 58 69 91 96 57 56 19 47 36 11 80 29 89 77 66 67 56 51 84 44 57 85 78 
61 35 39 31 53 5 57 16 57 81 54 94 43 62 28 61 65 24 78 78 39 64 39 89 73 22 27 82 57 35 56 36 65 69 31 31 54 39 72 44 61 22 46 48 75 3 30 96 28 12 61 71 65 31 60 50 26 68 69 45 53 55 18 18 36 27 25 75 66 48 49 75 74 56 14 26 7 71 14 51 31 59 49 54 57 24 33 40 17 68 22 59 70 65 68 33 24 72 31 23 80 31 34 66 29 36 26 97 10 39 27 69 26 60 37 21 23 30 19 36 23 54 52 70 79 59 55 52 77 15 54 14 66 69 59 26 44 11 74 63 53 26 43 60 30 54 65 51 51 80 84 62 37 21 45 20 8 75 12 70 70 48 49 47 33 65 27 43 66 59 
28 44 37 79 66 69 49 5 22 41 42 41 29 81 34 80 61 49 38 46 13 24 33 78 75 51 45 6 40 58 29 55 8 76 55 36 22 13 19 54 43 62 39 72 63 92 40 75 49 41 58 18 92 81 32 36 33 37 17 71 54 51 76 71 60 65 13 75 16 37 81 23 36 70 85 63 25 74 45 36 2 16 42 57 55 52 43 47 72 83 32 79 75 32 78 55 34 43 55 36 63 29 68 50 25 64 44 51 75 34 46 61 12 55 45 80 49 43 40 41 8 33 42 36 5 65 51 17 70 37 67 5 52 73 76 40 51 51 54 42 88 42 16 85 81 83 43 14 36 35 79 35 65 55 62 68 59 59 31 46 53 49 37 56 37 34 22 37 25 
36 24 69 40 64 21 24 50 28 67 21 28 60 29 75 33 63 57 23 28 3 60 77 54 35 63 25 30 56 2 59 36 57 29 41 12 41 17 40 15 54 22 74 36 65 67 55 25 33 64 29 64 73 19 17 48 37 10 64 37 23 52 56 44 37 41 72 21 21 81 46 42 47 61 39 36 49 28 8 25 22 45 56 27 26 36 25 72 56 27 77 72 34 60 27 51 17 26 56 36 1 68 35 9 46 70 25 60 9 41 33 31 44 17 52 35 21 31 13 21 37 40 56 27 60 49 45 42 25 45 33 44 67 56 36 28 62 58 44 62 38 24 63 70 77 44 15 56 58 73 11 45 48 34 43 67 31 36 57 33 30 36 30 34 10 19 34 25 
13 35 40 27 39 39 55 65 60 57 62 44 65 39 56 39 42 57 54 37 58 41 39 13 45 38 6 20 38 27 48 36 57 16 27 48 26 76 39 18 59 39 41 64 65 35 29 70 33 57 67 38 55 21 32 72 38 28 73 44 43 27 19 59 56 36 28 58 44 44 19 38 51 34 65 44 65 41 42 28 15 20 52 57 1 23 35 60 62 40 35 68 37 52 36 49 51 45 62 36 31 10 27 24 64 32 31 30 77 57 35 11 39 62 9 24 5 36 36 16 75 44 39 24 14 53 53 62 34 48 81 31 38 6 28 35 25 14 58 5 53 47 37 41 12 43 45 51 36 47 27 12 54 40 37 46 68 31 68 66 10 60 69 28 23 70 58 
45 34 40 28 32 53 52 63 44 51 44 53 51 45 48 47 44 45 25 58 54 39 14 51 31 6 33 26 38 42 39 45 23 16 44 18 63 26 30 46 52 34 60 65 37 19 57 44 48 62 49 43 8 36 60 27 40 60 33 41 34 23 48 50 49 21 45 57 44 25 35 49 29 55 40 52 28 35 21 25 33 40 44 13 13 48 53 50 53 48 57 41 40 40 36 39 48 50 24 44 13 15 27 66 22 38 17 65 46 31 20 27 54 12 13 7 24 29 21 63 48 32 36 26 50 44 49 31 41 68 43 39 15 19 45 36 24 54 15 43 48 47 53 23 33 48 53 49 34 28 24 43 35 48 35 57 40 55 53 17 47 57 15 15 58 47 
51 15 63 74 88 96 87 87 97 36 98 15 77 57 67 86 89 70 87 27 36 33 66 73 40 26 71 37 82 26 81 46 61 82 61 107 65 17 90 34 55 64 93 28 50 102 42 92 70 8 88 52 60 106 73 9 102 68 43 16 26 78 90 20 63 90 28 75 48 42 47 45 100 48 96 71 77 63 40 27 75 82 35 46 25 64 96 22 19 102 25 75 63 77 74 71 83 68 26 33 61 26 90 53 14 61 110 79 69 25 65 72 33 50 40 64 72 48 109 70 73 18 31 87 67 94 39 82 113 13 32 39 48 51 36 40 56 37 88 38 2 13 38 78 71 78 11 77 31 24 73 49 46 64 103 51 96 95 43 84 102 59 58 103 93 
56 21 61 85 59 97 48 67 23 66 64 28 80 80 44 69 43 92 72 18 27 84 61 37 56 41 66 73 27 35 56 43 76 48 65 27 46 53 75 5 26 99 24 16 66 72 70 28 58 55 30 70 74 50 52 60 23 13 34 27 29 79 65 52 54 74 77 59 10 21 6 76 9 56 36 63 53 55 57 29 38 41 20 68 19 64 69 64 73 29 29 74 36 27 83 34 39 66 30 40 24 100 15 37 32 73 30 63 37 26 23 31 22 38 28 58 54 75 82 63 55 53 81 16 59 11 71 74 58 22 46 14 76 64 54 21 45 65 25 51 63 53 55 83 87 60 42 19 45 24 3 76 16 75 72 53 53 49 38 70 32 46 71 64 
63 65 75 92 72 84 90 47 93 11 79 42 52 84 80 65 73 16 45 32 51 63 33 12 66 21 71 36 82 33 55 69 53 104 64 10 87 20 60 74 78 38 51 97 26 84 79 13 83 48 46 99 66 6 100 68 52 24 29 81 79 9 54 86 18 62 35 50 57 50 92 56 92 68 68 54 27 13 76 82 27 46 12 73 90 13 8 95 36 76 49 75 75 57 85 64 11 30 55 32 75 54 25 57 104 81 57 21 65 79 30 48 33 62 62 36 103 56 63 4 18 74 72 89 46 72 108 4 42 29 49 35 21 27 66 27 80 49 17 14 25 71 57 63 10 74 37 15 76 55 30 67 96 35 95 93 32 85 97 55 50 97 86 
45 70 38 85 27 46 43 45 73 17 75 72 24 50 25 79 78 37 31 77 46 34 59 21 66 57 44 18 51 28 61 34 46 6 52 32 78 16 44 87 42 12 45 72 50 43 69 34 20 62 53 32 61 40 5 34 47 36 20 62 72 39 33 81 65 53 29 42 22 55 30 36 15 46 39 53 59 13 19 40 17 73 34 43 76 72 52 47 13 66 15 11 73 22 20 70 32 25 36 89 9 50 15 53 18 50 42 5 31 33 15 35 8 42 48 54 73 48 60 53 66 20 38 29 54 54 66 41 43 14 73 64 52 41 43 45 46 64 74 51 37 73 76 70 21 33 49 15 24 76 9 54 68 34 34 45 21 49 17 34 50 43 
25 40 44 39 30 76 35 76 57 48 38 44 16 21 36 74 70 46 44 2 35 54 25 52 12 71 52 33 17 16 14 53 39 57 38 68 58 87 43 70 44 42 55 20 87 76 31 31 31 39 14 67 53 47 71 66 55 61 18 71 11 36 77 24 32 65 80 58 28 69 44 32 3 11 39 53 51 49 38 42 68 79 32 75 71 34 73 51 32 40 51 36 60 25 64 45 21 59 46 46 70 29 47 57 10 50 41 76 44 38 35 36 3 29 43 36 4 60 46 21 65 36 62 9 53 69 71 35 46 49 51 38 83 37 18 80 76 79 39 13 36 36 75 32 60 50 58 63 56 55 33 44 52 48 32 53 38 29 17 38 26 
61 22 63 48 97 54 85 83 43 28 68 31 46 13 79 92 65 34 24 53 63 51 56 14 91 78 42 42 9 37 74 65 71 60 71 83 111 19 90 69 61 56 35 112 88 53 55 29 54 39 79 74 73 94 83 74 87 14 79 32 58 82 13 40 88 103 82 39 92 66 58 25 32 48 62 77 74 54 65 74 104 52 82 78 49 92 77 27 66 77 24 85 51 70 64 45 79 24 70 87 55 64 83 21 66 66 101 62 62 53 62 28 40 59 25 22 71 57 5 91 57 85 18 71 79 92 50 70 47 56 48 107 51 36 101 90 89 50 37 24 19 85 58 81 64 84 87 55 80 46 43 75 71 45 79 55 54 38 55 45 
83 11 15 82 9 104 38 87 78 16 30 27 74 105 76 63 84 42 58 84 26 87 48 82 29 67 38 54 42 13 33 82 6 102 54 79 80 80 48 7 91 27 76 101 9 44 70 16 29 92 13 36 73 82 70 40 48 101 44 6 109 64 68 68 80 60 27 68 5 25 39 45 72 84 33 24 65 51 100 69 10 105 100 18 84 33 73 23 34 76 35 28 96 63 37 72 85 47 86 35 14 36 50 72 34 61 63 47 59 33 40 64 16 76 44 89 77 56 53 4 67 44 16 96 79 64 51 87 85 71 79 66 25 84 98 105 71 27 76 76 101 19 70 77 41 62 93 45 21 82 15 11 64 27 12 37 45 13 16 
83 70 105 76 80 100 32 19 88 53 64 9 72 100 73 22 42 60 60 68 50 35 96 96 44 57 29 51 96 81 71 81 63 96 123 7 96 81 83 48 57 125 85 74 67 28 76 58 77 96 89 103 86 80 104 36 73 46 79 75 20 41 98 111 92 62 103 87 75 44 46 48 59 94 93 59 76 68 116 74 76 73 71 97 94 24 84 94 15 103 68 64 71 60 85 3 83 89 70 86 100 35 70 82 116 69 75 60 78 45 44 81 16 40 68 56 27 105 79 94 39 93 75 99 54 82 38 51 48 117 56 58 108 89 85 51 56 15 9 81 76 88 65 100 98 46 95 69 36 96 91 50 97 77 68 51 77 67 
22 71 18 95 27 83 76 6 34 21 75 98 65 53 82 41 50 77 18 80 49 72 19 62 32 54 37 19 22 74 5 95 43 68 82 69 38 18 85 32 65 92 10 36 67 26 26 83 16 25 62 72 61 30 50 93 40 6 101 63 63 57 69 50 34 57 8 16 38 41 66 77 22 14 57 41 92 58 17 97 92 27 74 22 70 12 23 75 26 20 88 54 30 62 85 36 76 26 25 26 49 63 23 51 54 37 51 23 38 58 27 75 43 81 70 58 42 11 56 45 26 87 68 57 41 83 79 65 68 58 28 73 89 96 65 26 75 75 92 10 60 68 31 51 88 34 30 77 13 9 57 18 22 29 39 23 21 
88 6 102 50 78 68 28 17 26 61 101 82 64 74 32 56 80 27 81 35 86 41 61 35 41 36 26 40 81 17 97 62 89 67 84 53 13 84 13 87 100 12 45 61 9 24 91 28 45 80 84 72 53 34 98 37 15 105 52 61 75 88 67 12 76 20 31 28 38 67 80 44 37 62 54 96 79 5 102 97 6 88 44 63 32 44 65 49 29 92 64 35 75 72 53 88 37 17 48 41 72 41 73 63 50 57 39 31 58 13 65 34 86 73 43 63 12 73 31 23 94 84 61 56 79 79 66 87 62 12 91 98 104 67 19 65 63 99 25 74 75 52 70 86 54 8 74 30 26 59 41 7 39 40 8 4 
87 51 51 81 86 68 87 63 102 62 6 32 88 76 44 51 61 63 87 10 59 61 59 89 62 89 49 39 76 67 29 28 109 9 35 89 69 89 34 44 76 45 76 95 68 41 83 47 10 22 24 52 94 55 66 76 63 87 63 13 11 21 96 16 79 57 79 66 57 53 52 61 45 35 59 30 85 57 54 94 11 52 81 59 51 89 58 59 58 34 56 19 108 35 22 51 96 54 76 35 48 39 35 39 45 49 73 60 97 88 77 47 52 95 37 81 15 86 97 47 5 50 32 76 62 57 20 49 84 3 36 49 55 74 89 95 47 63 17 42 47 20 74 39 96 73 76 77 55 61 92 50 60 93 85 
104 46 83 73 25 23 28 67 105 82 65 80 37 59 84 28 85 41 87 38 65 38 47 40 20 39 84 13 101 61 87 73 84 53 7 89 19 84 103 11 46 66 8 27 93 22 43 79 86 73 49 40 101 41 12 108 58 66 74 87 66 17 75 15 30 33 42 70 84 41 33 65 54 99 77 2 105 100 8 89 41 68 30 42 71 45 30 95 65 38 76 78 52 90 38 12 45 46 74 40 70 65 50 60 38 35 62 10 71 39 89 77 49 61 7 72 37 18 97 84 64 56 84 83 70 86 65 18 90 100 106 70 23 71 69 102 24 75 77 50 69 91 52 12 79 25 21 62 37 4 40 43 5 9 
89 49 61 95 92 76 83 12 51 42 59 74 45 22 77 30 82 41 92 44 66 80 65 115 75 21 98 21 68 79 87 43 61 109 33 96 85 7 95 59 56 111 77 12 111 78 58 30 38 90 90 7 66 97 13 72 46 56 62 58 104 62 103 79 79 65 38 23 86 92 39 56 13 79 102 7 7 107 40 86 59 86 85 66 95 75 16 41 66 39 84 64 29 68 116 90 69 32 75 86 41 59 44 73 74 47 115 65 75 15 29 85 80 101 53 83 120 7 47 41 59 43 30 38 71 39 92 53 15 4 37 82 66 73 4 85 44 27 85 62 36 76 107 44 106 104 43 95 108 66 61 109 97 
92 88 21 58 36 93 95 47 47 93 59 51 75 32 83 69 55 9 68 43 74 49 40 19 68 32 95 22 42 101 53 28 44 89 57 38 84 37 37 78 54 43 76 34 12 41 61 51 3 73 88 53 34 98 80 70 38 46 32 61 35 33 25 58 54 70 76 6 13 57 33 90 32 45 92 88 55 58 6 82 18 6 89 6 32 87 49 40 50 103 25 64 31 51 2 64 58 18 23 49 32 52 22 55 65 54 88 61 77 70 79 16 39 39 66 50 81 51 60 30 90 81 69 42 60 53 53 78 89 68 47 89 91 85 26 46 65 4 31 93 12 58 85 27 29 62 11 50 32 50 51 48 
14 86 63 61 36 40 78 52 10 46 43 31 65 20 46 72 91 24 51 42 46 100 73 44 83 31 81 104 39 72 67 90 16 67 107 54 77 55 17 87 58 47 99 80 82 60 57 95 53 41 43 82 43 30 22 78 90 74 75 84 90 71 50 42 24 30 87 89 38 61 36 99 81 44 42 82 72 87 16 80 86 19 97 64 32 50 54 62 35 70 63 62 95 93 37 46 74 102 49 61 42 70 47 27 92 18 44 38 29 45 92 83 73 49 101 45 76 34 67 6 21 25 97 34 66 85 59 53 27 60 19 25 50 74 66 39 90 80 14 83 80 8 96 93 31 93 86 60 44 86 74 
80 51 55 22 53 82 55 6 35 43 40 59 31 34 77 85 25 45 29 40 91 69 51 75 44 81 106 26 77 66 80 29 56 109 65 68 52 10 76 50 57 90 76 85 67 61 92 39 54 36 73 56 17 22 80 94 76 63 86 81 65 39 35 28 39 82 83 41 60 49 100 70 57 54 71 78 82 6 74 82 5 92 58 45 53 48 66 23 68 70 57 85 89 27 51 70 101 51 59 42 65 38 26 81 4 34 48 36 31 91 74 76 37 91 56 80 36 66 19 31 29 100 37 55 90 69 65 31 50 5 12 61 68 70 46 87 81 27 81 69 17 89 85 31 87 75 56 38 75 64 
40 25 80 98 62 53 86 45 51 77 21 82 54 69 13 64 35 60 40 21 20 74 11 97 39 63 87 66 35 23 87 38 60 91 16 36 71 32 30 82 16 20 58 71 59 24 56 93 44 13 102 68 65 54 65 46 40 53 12 16 43 45 68 78 17 8 58 39 93 53 24 97 92 33 71 17 74 9 18 79 20 22 89 53 32 60 90 34 75 27 30 20 53 63 20 45 54 36 52 21 42 60 32 79 48 81 71 63 37 17 53 50 29 87 65 59 38 85 80 67 63 59 34 70 87 96 66 31 79 80 92 12 57 69 25 47 90 29 36 80 10 9 59 12 28 29 42 29 28 
25 44 90 81 59 58 18 49 70 28 68 18 84 51 49 29 24 27 43 43 73 30 85 65 94 50 82 53 30 71 4 93 92 23 42 46 24 19 82 44 50 80 79 68 62 17 87 26 28 94 35 49 75 89 67 12 77 35 34 13 26 55 69 52 47 54 52 85 84 21 91 87 19 86 52 47 40 52 49 59 30 80 58 31 72 55 54 83 37 33 58 26 65 45 80 57 48 49 41 18 46 29 49 19 76 63 26 69 26 72 14 40 85 83 51 56 65 67 54 91 53 5 90 91 95 56 13 49 47 90 31 72 66 60 71 72 59 17 60 45 40 48 51 24 37 31 24 14 
57 77 57 37 61 22 31 56 4 59 32 60 31 40 11 37 15 40 19 55 22 74 40 68 64 58 28 32 63 26 68 74 18 18 46 35 7 65 37 26 55 58 46 40 37 73 19 21 81 43 41 50 64 42 33 52 29 11 22 20 44 56 30 28 37 28 72 60 25 77 72 32 62 30 49 19 30 54 39 5 68 37 9 49 67 28 62 12 39 36 28 45 20 56 37 24 31 16 18 36 38 54 24 61 49 42 45 24 48 29 43 68 59 37 31 61 57 43 65 38 21 66 72 78 44 12 54 55 74 13 48 49 37 46 66 35 33 56 34 31 36 33 32 13 18 33 22 
75 97 70 26 34 57 61 61 53 26 94 89 42 51 20 45 87 74 71 73 66 91 118 7 94 76 74 51 48 120 86 65 62 27 67 50 78 87 83 99 85 77 97 27 76 40 71 78 14 40 94 108 88 52 99 78 68 36 40 47 60 87 85 57 72 71 111 65 79 76 62 96 87 24 77 87 17 96 61 67 68 54 82 11 78 88 64 77 93 29 68 76 110 66 70 57 71 38 42 72 18 32 69 56 18 100 70 90 30 84 77 96 52 77 41 53 48 113 54 49 106 89 87 50 48 17 10 83 69 85 65 94 94 50 89 59 39 87 83 47 90 68 63 46 68 58 
61 47 50 72 47 21 79 23 78 51 97 41 67 75 65 117 79 26 100 9 76 89 79 53 67 110 24 94 95 20 96 62 49 111 77 21 114 84 68 40 45 97 86 7 64 99 3 66 42 66 72 66 102 72 106 82 77 64 35 21 91 97 40 61 5 89 102 5 8 107 51 91 51 90 90 58 101 77 10 46 68 48 75 69 39 71 117 96 65 37 80 95 45 63 46 77 72 44 115 57 72 18 28 80 88 102 62 80 121 15 57 41 65 34 23 35 81 39 91 64 28 16 34 82 58 65 16 88 53 29 92 71 26 83 106 36 109 107 42 100 108 69 61 109 97 
27 84 70 39 49 55 60 81 10 53 56 53 84 56 83 43 37 70 65 24 28 104 8 29 83 67 83 34 44 70 39 72 89 62 40 78 41 7 21 20 47 89 54 60 70 63 82 59 8 12 15 90 12 74 51 73 61 53 50 47 56 41 29 57 28 79 57 53 88 12 47 76 53 46 85 53 53 56 29 50 15 103 29 22 45 90 49 70 31 42 36 30 33 40 43 67 56 91 84 72 45 48 89 33 75 9 80 92 46 4 46 26 72 59 53 20 44 78 9 36 49 51 68 85 90 47 58 12 38 42 15 71 34 90 70 71 71 50 56 86 44 54 87 79 
58 45 12 29 37 38 56 25 50 29 30 57 32 73 32 21 57 48 30 51 76 24 19 69 44 61 55 38 55 18 45 73 41 30 69 36 30 20 9 49 63 41 35 56 50 55 32 25 38 22 69 31 62 37 49 35 28 30 44 50 14 13 42 47 63 45 40 70 27 44 49 43 42 58 53 35 39 2 28 13 76 22 24 27 76 49 44 10 33 50 3 17 13 31 43 29 76 57 46 29 25 63 42 61 21 55 79 34 26 19 17 48 36 27 45 18 57 35 35 43 25 46 58 63 39 44 15 18 44 27 49 35 71 44 63 62 23 52 69 25 29 70 60 
42 47 40 65 29 40 79 91 28 51 35 46 98 74 52 81 41 85 109 29 79 70 86 26 63 112 63 75 57 15 82 56 56 97 82 88 68 63 97 46 51 42 80 53 23 25 83 96 79 69 89 88 71 46 41 30 38 88 89 43 64 46 104 77 54 51 77 80 88 12 80 87 10 98 64 42 55 54 68 25 73 71 62 91 94 33 53 75 105 54 64 46 71 44 29 87 9 40 47 37 37 95 81 79 44 98 54 82 38 70 16 30 31 103 40 62 91 68 63 33 57 10 16 60 74 72 47 92 85 24 86 76 15 95 91 34 93 82 61 44 82 70 
34 52 26 50 11 71 54 31 18 15 13 55 40 56 40 66 59 87 42 69 44 44 53 22 88 75 33 31 29 41 15 65 55 48 71 65 54 62 18 69 10 38 76 22 30 65 80 58 30 69 46 34 5 10 37 51 52 50 37 42 66 79 35 73 69 36 72 52 30 42 52 34 61 26 62 44 21 58 45 46 69 30 49 59 8 49 42 77 43 38 34 37 3 27 46 34 2 59 45 20 66 38 62 10 55 67 71 34 47 47 49 36 83 36 20 79 75 77 38 15 34 34 73 34 59 49 59 63 54 55 35 42 54 50 31 55 40 29 16 40 28 
26 32 32 44 37 51 18 21 45 21 70 33 24 53 45 38 62 64 36 24 63 38 52 65 43 49 15 33 66 32 34 66 39 42 31 20 54 52 42 24 52 50 43 21 37 51 32 60 42 59 34 38 24 19 26 46 50 6 18 41 57 56 46 41 62 39 46 37 42 45 46 56 30 38 10 21 25 64 27 35 24 71 52 32 15 33 59 9 19 1 30 32 17 69 45 35 30 20 50 49 55 33 44 74 37 39 9 24 39 30 18 56 9 48 48 42 47 17 38 46 50 43 40 27 18 49 38 42 41 63 35 62 59 12 54 63 21 18 64 52 
58 12 59 41 77 21 45 58 44 96 59 12 79 19 59 77 66 42 47 89 18 74 81 25 75 41 34 90 56 16 93 64 55 30 29 78 67 17 44 78 24 50 23 51 61 50 82 57 85 61 57 43 15 1 72 77 19 41 15 74 81 21 17 86 42 72 37 69 70 45 81 56 11 27 46 33 64 50 31 50 96 77 46 19 59 79 26 43 25 56 51 24 94 44 52 8 7 62 71 81 47 60 100 16 46 19 46 25 10 15 69 18 70 55 28 26 14 61 45 52 22 67 38 11 73 55 22 64 86 24 88 86 21 80 87 48 40 88 76 
62 37 59 27 43 14 42 19 38 15 56 20 77 37 65 68 56 26 31 66 29 64 75 17 18 50 35 11 66 34 22 53 57 45 36 41 75 23 19 83 48 44 48 61 40 35 49 26 7 26 24 47 58 26 24 39 26 74 56 25 79 74 33 61 26 53 15 25 58 34 2 70 37 12 48 71 26 61 10 39 32 33 46 16 52 37 22 33 13 23 39 38 58 29 62 51 46 41 23 46 34 42 70 57 39 29 64 60 46 62 40 24 64 72 79 46 15 58 60 75 9 47 50 33 43 69 31 35 59 31 28 38 28 32 12 21 33 24 
55 53 83 19 48 52 45 99 65 24 82 16 68 88 57 54 56 91 6 73 92 34 77 47 26 90 58 27 97 71 66 42 40 86 63 23 43 81 26 43 19 62 73 60 80 68 88 66 55 43 14 10 79 82 26 50 18 85 82 26 23 86 54 79 29 74 77 36 88 60 14 36 50 45 54 59 43 55 97 84 43 29 66 89 35 51 31 62 50 23 95 35 50 18 13 56 80 83 58 57 102 25 58 23 55 13 2 15 81 23 70 67 39 34 15 61 36 43 30 71 49 21 81 65 10 73 85 14 93 90 23 86 88 53 41 89 77 
82 64 37 29 6 25 61 51 65 46 71 70 99 32 80 56 48 56 22 99 83 39 42 30 42 25 73 61 59 82 75 65 73 8 76 21 44 81 17 36 77 91 70 29 81 52 44 10 20 43 58 63 60 47 53 73 91 39 80 76 37 83 63 30 51 63 30 71 37 68 54 33 69 37 58 79 41 52 69 13 59 53 88 53 50 44 48 15 34 47 31 9 66 52 9 77 44 73 4 58 75 82 43 58 49 54 43 95 45 23 91 84 85 45 22 30 28 81 43 70 58 70 75 57 67 35 44 61 57 39 64 42 41 27 42 32 
62 52 55 83 57 90 49 29 76 56 33 38 101 2 34 89 59 86 44 34 75 42 68 94 65 30 85 49 17 12 17 56 89 44 61 76 53 80 55 18 21 23 93 22 80 56 74 61 49 43 55 64 37 32 48 38 84 47 43 92 2 55 72 60 54 81 62 57 48 27 53 12 100 35 12 48 96 58 69 26 48 47 28 36 38 49 68 52 97 80 72 37 42 88 43 81 16 81 98 36 6 42 31 66 52 48 30 40 81 13 26 39 46 71 81 87 37 63 12 32 51 25 64 43 94 64 79 78 47 64 91 47 54 92 83 
67 40 69 45 31 18 71 24 97 29 51 96 59 31 35 89 50 47 88 29 36 76 45 38 79 25 13 48 65 55 11 67 91 50 25 100 75 69 45 54 38 53 43 24 20 53 51 69 78 6 4 58 36 92 41 37 95 90 46 64 6 79 12 7 85 7 27 88 51 37 55 99 28 69 29 42 7 60 60 17 32 51 33 52 21 50 64 45 85 56 79 71 73 25 30 45 60 41 85 57 60 33 89 82 68 51 60 45 60 83 92 68 41 85 87 89 20 51 67 13 38 93 19 49 84 18 20 61 2 41 31 47 42 40 
29 36 25 80 49 29 63 36 57 81 48 52 42 71 23 53 84 46 57 31 15 70 38 37 78 56 60 42 36 71 45 39 24 61 44 29 2 55 68 51 61 61 69 48 36 23 6 21 63 65 15 37 35 76 62 42 38 66 53 63 20 56 62 28 73 41 31 27 31 41 47 45 46 38 77 69 24 26 50 77 26 36 17 46 31 3 75 27 30 29 15 41 68 64 51 39 82 37 55 10 42 22 18 6 74 12 50 64 48 48 8 41 28 34 43 52 44 22 66 56 26 59 65 17 74 71 6 69 68 36 22 69 57 
33 5 51 24 46 34 63 41 69 58 53 26 43 52 31 70 65 29 13 36 44 11 55 48 32 53 50 39 47 36 63 10 32 70 36 30 48 62 40 39 51 40 20 20 11 33 46 37 38 27 24 61 61 35 67 62 41 57 37 39 29 37 45 47 13 57 29 3 43 60 28 54 13 50 43 21 36 25 59 28 21 21 21 14 25 48 45 20 51 38 38 49 35 44 27 54 58 54 26 29 50 46 32 65 27 26 62 63 68 33 16 45 47 64 23 43 39 43 45 55 38 41 45 45 42 25 42 42 12 7 42 31 
28 67 56 65 52 68 74 102 27 82 60 54 53 28 103 82 45 46 26 48 30 73 67 64 85 76 66 78 10 74 23 50 79 12 34 80 94 73 34 84 58 49 16 23 42 57 68 65 47 56 70 95 45 78 74 43 85 68 26 57 67 25 76 42 66 56 36 71 31 61 79 45 58 74 13 59 57 92 55 53 45 53 19 34 53 26 13 65 51 5 82 50 76 10 64 73 84 43 61 45 52 42 98 45 29 93 84 84 44 28 25 22 80 49 72 58 75 78 54 71 41 41 67 62 39 70 48 45 30 48 38 
55 29 45 37 61 46 74 53 55 31 45 49 31 75 64 32 17 31 46 12 55 52 37 57 52 41 52 32 61 5 36 68 31 26 51 66 44 39 55 44 25 17 5 30 43 43 43 26 28 59 66 37 65 60 42 59 43 34 34 42 40 52 18 55 31 8 45 55 33 56 18 52 49 16 37 30 64 30 25 21 26 11 21 50 40 15 49 36 33 54 38 48 24 57 57 57 24 33 46 43 29 69 26 26 65 63 68 30 17 40 42 63 28 45 38 48 49 51 43 42 40 50 46 22 47 43 17 3 44 32 
41 94 17 115 60 82 93 88 57 13 104 39 78 112 23 55 84 23 42 103 6 42 79 92 80 42 60 112 57 18 121 77 81 75 85 68 37 74 11 36 52 58 85 96 37 27 77 60 112 72 22 117 112 27 93 37 86 30 38 89 36 40 108 74 49 82 98 55 96 46 14 38 64 83 42 63 74 56 71 42 53 76 19 90 57 100 89 69 56 17 75 57 10 107 87 77 60 101 98 84 83 78 38 91 108 116 84 41 89 89 112 29 79 88 44 68 106 50 30 95 13 12 76 29 20 48 58 21 29 
54 27 78 22 50 82 46 15 40 71 44 49 71 28 18 59 47 26 62 37 8 40 50 38 23 56 73 34 27 82 60 51 35 48 27 49 36 31 9 41 35 51 59 14 17 39 19 74 41 37 78 73 46 51 14 62 11 13 69 24 14 70 33 20 40 84 13 54 11 47 20 45 43 1 36 34 15 34 3 37 46 48 69 42 61 53 60 26 32 34 48 49 67 46 41 18 71 63 50 48 42 39 51 67 76 49 31 69 72 72 15 37 49 19 30 74 15 48 66 31 30 43 20 43 13 30 44 37 
77 29 49 65 77 29 40 88 30 76 70 19 74 38 43 90 57 9 90 58 43 17 19 70 73 20 47 76 29 58 31 40 49 40 84 46 82 58 61 46 23 14 65 71 19 35 22 63 81 24 19 87 29 65 47 65 64 56 74 54 20 20 46 22 75 43 19 47 95 70 52 10 54 69 20 38 24 52 55 31 94 55 57 9 15 70 61 80 36 65 99 13 34 22 38 38 23 23 57 20 72 42 19 22 21 62 56 62 18 64 27 7 65 45 35 56 87 36 84 82 26 74 87 45 42 88 77 
97 48 73 79 73 42 13 86 28 70 95 7 38 67 21 25 86 15 30 66 76 64 35 48 95 40 2 103 62 64 62 74 54 29 62 6 19 37 41 67 79 27 19 59 44 94 63 13 99 94 22 78 27 69 17 28 74 31 22 90 57 32 66 84 41 80 29 20 31 48 66 27 56 57 40 53 27 37 59 22 74 42 83 72 55 47 6 61 42 22 90 73 59 45 83 80 66 73 60 25 78 92 99 66 25 74 74 95 13 64 71 36 56 89 39 25 78 14 10 59 23 17 31 40 18 17 
78 94 70 58 67 106 15 89 99 28 93 60 42 106 73 26 112 84 72 44 48 98 79 14 60 96 12 58 36 69 77 69 97 75 103 80 71 59 30 18 91 96 39 61 8 92 98 14 14 102 56 91 43 88 90 49 101 75 9 46 65 51 66 70 45 69 113 97 59 38 79 98 45 63 44 76 67 39 111 48 66 20 25 72 90 99 65 73 118 21 62 38 65 25 17 31 86 37 86 70 35 25 30 77 49 56 24 85 56 30 92 74 17 84 101 28 107 105 38 99 104 67 57 105 93 
28 98 30 15 61 74 66 29 63 50 29 70 69 46 56 54 18 19 39 30 23 76 69 50 49 78 76 59 15 26 10 71 14 50 31 60 51 57 60 23 32 43 20 71 20 59 73 68 68 35 23 74 31 21 82 29 35 69 32 37 29 99 12 42 29 68 24 62 40 21 20 33 21 39 24 55 55 70 82 61 58 55 79 12 54 17 68 68 62 28 47 14 77 66 56 25 46 61 31 56 68 54 52 82 86 64 37 24 48 18 8 78 10 70 73 47 48 50 32 65 29 45 66 59 
125 36 42 86 94 94 7 72 76 56 96 95 75 68 76 44 22 49 47 40 105 82 79 74 91 103 84 25 17 30 99 20 75 59 89 79 79 78 46 55 66 46 86 10 85 85 81 95 39 46 100 57 45 108 46 63 85 53 66 43 126 41 50 57 93 44 90 58 49 19 55 49 63 52 84 80 95 108 89 73 75 108 26 79 30 97 92 74 32 70 41 99 86 78 8 69 89 26 64 77 77 80 108 113 75 64 38 66 38 24 99 35 97 96 69 71 74 53 91 57 73 92 87 
100 83 80 55 54 127 91 72 69 33 73 57 83 94 90 106 91 84 104 33 80 48 77 82 21 46 101 115 95 58 106 85 76 43 47 53 65 94 92 63 79 75 118 71 83 80 68 102 94 29 84 94 21 103 68 71 74 61 89 6 85 94 71 83 101 36 75 83 117 73 77 63 79 45 48 78 22 39 74 61 24 107 76 97 36 90 82 103 58 84 45 57 53 120 60 55 112 95 91 56 55 21 14 87 76 92 70 101 101 53 96 65 43 94 90 54 97 74 70 53 74 64 
31 86 60 84 42 36 73 40 68 92 63 32 82 46 15 13 16 53 88 46 59 74 55 79 55 15 19 20 91 20 77 54 72 59 48 43 52 61 36 30 50 36 82 49 45 90 5 52 72 57 51 80 59 54 49 26 51 11 99 32 14 46 94 55 68 26 46 44 27 34 37 46 66 52 94 80 70 38 42 87 40 78 13 79 95 38 4 41 28 67 52 48 28 40 79 12 28 41 46 69 80 86 39 61 10 32 48 22 65 40 91 64 76 76 46 62 88 45 53 89 80 
55 62 54 43 57 41 14 55 61 34 48 52 17 27 35 24 30 63 60 36 42 70 61 45 22 36 14 61 24 46 22 46 36 43 48 25 31 30 6 61 35 50 64 60 59 36 25 59 26 23 67 34 24 58 20 23 25 84 3 39 16 62 29 47 30 15 35 21 6 25 14 41 40 63 67 46 49 43 65 25 47 20 54 64 54 31 33 3 63 54 42 38 33 49 38 52 61 41 40 67 71 57 29 22 37 25 18 66 17 61 59 46 45 36 33 57 15 30 58 50 
94 26 83 107 14 50 73 10 33 97 16 43 80 89 76 47 47 106 47 12 113 64 71 75 87 67 23 75 11 32 40 48 76 89 40 31 70 57 104 76 9 110 105 13 91 40 74 30 41 77 42 33 100 69 42 79 85 54 93 41 7 43 52 78 41 68 69 53 64 40 42 67 9 78 45 94 82 56 60 8 74 44 11 101 86 69 58 90 89 75 86 70 25 91 104 111 76 29 77 76 106 25 77 82 48 69 97 52 17 85 20 17 68 34 7 43 49 7 16 
75 98 38 81 52 26 93 61 32 101 77 72 48 47 92 64 25 47 85 27 43 23 68 79 66 83 74 93 71 57 46 19 16 84 88 32 56 20 91 86 28 25 89 60 84 28 79 83 34 94 65 16 42 54 51 51 65 49 60 101 90 45 36 71 95 41 57 37 68 53 27 98 33 52 24 19 57 86 87 64 59 106 29 64 29 61 10 8 20 87 29 73 73 44 37 21 65 34 41 34 75 56 28 87 72 4 79 88 12 98 95 28 91 92 58 46 92 80 
93 95 21 44 51 19 21 86 40 50 82 82 70 61 21 91 30 26 98 40 53 76 90 68 8 78 32 34 17 30 59 73 51 45 57 54 89 85 17 95 91 14 88 51 51 39 51 53 58 30 84 61 33 74 59 55 86 38 29 56 30 68 45 79 60 50 52 42 22 50 25 53 23 80 66 30 69 23 74 18 36 88 85 55 57 69 71 58 91 56 5 92 94 98 59 15 53 51 94 31 74 69 59 72 77 59 13 64 42 38 52 50 20 39 34 20 10 
78 74 58 98 92 75 74 72 42 27 55 51 36 105 88 79 72 97 105 86 30 23 33 97 24 71 58 89 80 83 82 43 51 69 48 91 8 83 91 87 92 45 43 102 54 42 111 42 63 90 57 66 48 128 41 56 57 89 40 91 62 47 15 58 50 66 51 84 82 92 110 90 79 79 108 23 77 34 97 88 80 38 73 42 103 90 82 14 72 88 32 70 83 80 80 111 115 81 62 43 70 34 27 103 33 95 99 65 67 77 49 88 58 74 89 85 
93 56 59 109 76 9 108 74 51 24 33 85 91 14 66 95 20 75 48 50 55 52 103 56 101 76 80 65 40 26 82 89 38 52 19 72 100 14 13 106 33 82 62 82 80 70 90 73 21 38 65 34 88 59 22 65 114 86 70 29 71 80 38 55 43 70 74 48 113 69 75 17 31 87 74 99 47 84 118 9 40 41 54 48 33 40 64 39 91 46 8 5 38 81 70 76 4 82 38 26 80 56 42 71 106 48 102 101 44 91 107 63 61 107 96 
36 61 19 19 83 22 32 68 75 63 40 40 91 34 5 99 55 58 63 76 55 23 64 13 19 30 35 62 75 31 25 55 43 90 67 9 96 91 18 78 31 63 19 32 67 37 19 86 55 28 65 76 41 79 27 21 36 41 63 29 60 54 39 50 27 30 54 21 67 35 79 68 48 51 6 61 35 25 87 73 55 45 78 75 61 75 56 17 79 90 96 62 18 67 67 92 13 63 68 40 58 84 41 20 72 21 17 54 29 15 29 35 16 11 
42 54 23 47 52 25 39 39 27 40 49 57 22 38 65 47 33 34 48 27 51 38 44 20 33 22 33 42 32 35 21 10 56 49 44 61 56 51 44 32 46 27 31 54 42 16 53 18 11 30 70 16 43 9 57 38 33 27 19 48 18 7 16 15 28 28 57 53 33 45 35 51 38 42 31 41 61 51 41 23 15 53 45 32 52 24 39 49 53 60 31 29 54 57 56 26 30 32 35 32 56 28 52 48 47 45 25 39 50 7 16 51 41 
70 41 50 82 66 75 58 52 82 37 49 27 65 53 16 13 70 84 65 58 76 73 56 33 26 20 33 73 74 31 50 44 90 64 52 49 65 69 73 4 65 72 12 83 49 40 43 39 57 31 58 61 47 78 79 20 42 60 91 41 49 32 56 31 16 75 12 27 42 28 30 81 67 66 33 84 50 71 26 56 19 26 20 90 27 49 80 62 60 22 43 12 18 56 59 60 37 77 71 27 71 64 14 80 76 21 78 69 46 29 69 57 
33 100 26 51 87 93 81 57 40 107 46 20 114 60 70 82 95 74 15 83 21 38 36 47 76 90 49 41 71 62 105 85 10 111 106 5 97 49 71 38 50 73 52 37 101 72 44 84 78 60 97 46 10 52 49 81 48 77 72 58 66 46 40 67 5 73 42 95 82 49 69 15 80 38 17 103 92 70 64 88 89 75 94 72 21 98 107 113 76 29 73 71 109 32 82 84 57 77 95 60 8 83 31 27 68 44 4 47 49 3 13 
66 41 33 61 61 49 47 30 73 14 24 81 37 38 56 70 48 28 58 32 18 15 15 43 56 37 35 38 33 72 66 24 78 73 30 67 37 44 26 37 49 46 12 67 40 12 53 61 35 65 18 39 43 23 47 27 63 39 29 33 23 12 34 37 49 18 62 49 35 52 25 53 22 44 69 64 36 36 58 56 42 72 38 16 71 74 79 43 6 49 49 75 18 53 50 44 52 64 42 30 52 39 35 35 39 31 18 16 31 20 
99 66 47 19 25 78 82 14 56 85 23 66 39 45 51 46 94 51 91 67 70 55 31 18 73 80 28 43 18 68 90 17 13 96 30 73 54 73 72 62 82 63 18 29 55 27 80 51 18 56 105 78 60 19 63 74 29 47 33 61 64 39 103 61 65 8 22 78 68 89 41 74 108 6 36 31 46 41 26 31 60 29 81 43 11 13 29 72 62 68 9 73 32 16 73 50 36 64 97 41 93 92 34 82 97 54 51 98 86 
36 73 87 75 36 61 109 55 17 117 77 79 69 80 62 39 68 9 32 52 56 82 93 31 22 73 55 108 66 23 113 108 30 87 31 85 25 32 89 30 36 104 70 46 77 98 50 91 42 19 32 63 79 37 57 70 52 67 38 52 74 24 89 57 97 86 69 50 17 69 57 16 103 81 73 55 98 95 81 77 74 38 85 104 112 81 40 89 89 108 26 74 84 38 63 104 44 33 93 7 7 73 23 23 45 55 24 30 
37 52 41 15 64 78 42 31 87 68 58 33 44 25 55 32 32 15 48 43 58 65 7 15 45 22 79 34 41 82 77 50 51 7 70 13 6 77 17 21 75 38 28 41 92 15 55 19 50 13 53 47 6 29 38 20 40 11 45 53 52 77 50 66 59 68 19 36 33 56 50 71 45 48 20 78 69 57 43 48 45 49 69 79 56 38 77 80 75 19 38 54 11 26 81 9 53 73 30 30 50 16 47 20 38 48 43 
28 25 41 89 61 61 67 70 85 63 5 8 13 88 5 70 49 73 62 58 56 42 51 44 29 64 21 77 64 60 86 19 42 79 50 41 88 47 51 63 32 50 21 106 27 29 43 87 43 72 36 39 29 34 32 43 41 68 59 88 87 72 51 53 90 26 72 9 81 88 53 11 49 24 77 64 57 14 48 76 12 43 56 55 67 88 93 54 55 16 44 36 10 77 29 88 74 66 67 53 51 83 43 55 84 77 
12 62 83 33 55 76 42 71 45 26 32 29 90 32 81 56 69 55 38 31 59 67 28 31 36 49 83 36 32 90 12 59 62 62 58 71 67 55 36 21 49 10 90 37 4 47 96 63 62 16 50 56 22 35 31 49 63 43 96 70 66 25 31 81 50 80 23 75 99 25 17 33 32 55 40 38 41 31 77 25 17 29 35 67 71 77 26 63 14 21 57 32 52 48 91 53 81 80 37 68 90 45 49 91 80 
52 72 38 44 64 48 63 39 21 33 21 78 27 69 44 58 44 33 31 48 55 20 20 41 44 71 42 37 78 18 48 56 50 47 64 57 43 39 10 37 5 83 26 16 35 84 52 52 11 38 50 11 23 21 37 52 36 84 64 55 28 28 71 42 68 17 64 87 31 19 25 21 52 39 32 40 24 65 28 28 38 30 55 64 70 34 51 8 18 47 26 51 38 79 49 70 68 30 57 78 33 38 78 68 
77 91 57 37 100 83 73 38 46 33 64 35 35 28 62 58 73 79 10 16 60 36 92 30 48 94 90 58 58 10 85 21 10 92 6 35 89 51 43 51 107 27 65 34 53 4 68 60 21 21 52 35 55 26 59 68 56 92 65 79 73 82 15 42 40 70 52 83 51 63 32 93 84 72 41 63 56 53 79 90 71 51 92 95 87 30 47 67 5 31 96 14 61 88 29 31 65 13 53 36 53 54 52 
84 28 45 89 22 44 84 98 76 25 87 53 48 16 28 51 66 67 63 55 60 80 97 38 88 84 35 91 67 36 55 67 35 75 42 76 62 39 77 38 64 87 47 50 73 21 67 58 93 61 57 52 54 21 42 45 36 17 74 60 9 83 44 80 8 57 83 89 51 65 56 62 51 101 53 23 98 92 93 53 26 35 32 89 47 78 66 74 81 64 72 32 51 62 58 47 67 41 47 34 41 31 
61 94 9 65 40 59 65 59 99 65 101 77 74 61 32 17 85 91 36 55 5 82 98 4 1 103 44 85 52 84 84 59 95 73 9 40 63 41 76 63 32 66 113 90 63 30 74 88 39 58 41 71 69 42 111 58 69 12 24 79 81 98 55 78 117 8 50 37 58 35 23 33 74 35 87 57 21 12 31 78 59 66 9 83 46 24 85 64 28 76 103 37 104 102 39 94 104 64 57 105 94 
38 68 26 24 56 70 49 38 60 46 29 14 1 29 43 47 47 27 32 59 71 38 65 61 42 62 47 30 38 47 35 57 22 54 34 13 48 50 38 59 23 53 54 11 39 35 69 33 30 24 31 8 20 51 35 11 50 36 29 59 40 52 20 59 58 61 25 38 43 42 29 74 26 26 69 65 68 30 17 35 37 64 32 49 40 53 54 49 48 42 38 53 49 22 51 44 22 6 45 33 
102 60 62 62 75 55 27 63 8 19 35 39 66 78 29 21 58 44 93 65 11 99 94 20 78 29 68 18 29 72 33 21 89 57 31 66 81 41 80 29 20 33 46 66 28 57 57 40 53 27 35 58 21 72 40 82 71 53 49 5 61 40 22 89 73 58 45 82 79 65 74 59 22 79 92 99 65 23 72 72 94 13 64 70 37 57 88 40 23 76 16 12 57 25 16 31 39 17 15 
69 45 68 74 69 106 74 109 85 80 67 38 24 94 100 44 64 9 91 106 6 10 110 52 94 55 93 93 61 104 81 13 49 71 50 78 72 41 74 120 99 69 39 83 97 48 67 50 80 76 48 118 60 75 21 31 83 90 106 64 83 125 17 59 44 68 37 27 39 83 43 94 66 28 16 38 85 61 68 16 91 55 33 94 73 29 86 110 39 112 110 46 103 112 72 65 113 101 
27 79 93 73 46 84 68 55 25 25 35 49 73 72 43 57 61 97 55 69 65 55 81 73 14 63 73 13 83 48 57 53 40 68 23 63 75 49 69 80 15 55 62 96 52 55 42 57 25 28 65 13 20 58 44 14 85 60 75 21 75 66 82 38 62 34 42 35 98 40 39 91 77 76 37 37 13 12 72 56 70 51 80 79 42 75 52 30 76 72 33 77 59 48 31 60 48 
58 71 53 61 63 70 49 35 23 8 22 65 67 18 39 36 78 63 44 39 66 56 65 17 58 64 25 75 43 32 30 32 44 44 48 48 40 78 71 23 29 52 80 29 39 20 48 31 5 75 25 30 31 17 39 70 64 54 38 83 39 58 13 45 20 18 8 77 14 50 67 50 49 10 42 25 31 45 53 47 25 68 59 25 61 65 15 75 72 9 71 69 38 23 69 57 
14 8 83 6 65 44 68 56 53 52 38 47 40 23 62 23 72 62 58 81 20 38 75 45 37 83 44 46 60 28 45 18 101 22 28 38 82 40 66 32 34 29 29 27 38 36 62 54 84 82 67 49 49 85 25 67 4 75 83 51 12 45 19 73 60 53 19 43 71 16 43 55 51 62 83 88 52 50 13 40 34 7 73 26 83 70 63 63 49 48 78 37 50 79 72 
21 96 12 77 57 82 71 66 63 48 57 53 38 69 20 85 68 64 94 22 48 88 57 47 96 52 59 68 41 59 28 115 35 33 52 94 48 81 44 47 30 42 41 51 49 77 67 96 96 81 57 61 99 30 80 18 90 94 57 15 58 33 85 71 65 9 56 85 9 47 60 63 76 96 102 58 63 24 51 42 18 84 35 96 82 73 73 62 57 91 51 64 92 85 
75 10 58 36 60 49 50 51 32 40 36 16 62 25 64 63 58 73 25 32 70 37 30 78 38 38 60 24 37 18 96 14 31 30 75 34 60 31 26 29 25 19 33 28 55 49 76 77 60 49 47 78 21 60 7 68 76 52 19 40 11 70 58 49 25 39 63 24 46 57 47 54 78 82 54 42 14 39 28 5 71 19 75 66 55 55 44 41 70 30 43 71 64 
85 32 40 25 38 67 81 55 48 65 61 97 90 17 103 99 10 95 55 59 43 55 59 60 37 92 68 40 81 63 61 94 45 25 60 38 75 50 84 68 57 60 47 30 58 20 60 31 88 74 34 74 24 81 25 32 96 92 63 64 77 79 66 97 64 12 99 102 106 67 22 59 57 102 35 81 77 63 78 84 64 7 72 42 38 60 52 16 46 42 16 12 
65 45 71 60 59 58 37 46 45 27 68 17 73 68 64 82 24 37 80 45 36 88 41 48 66 33 48 24 106 23 33 40 82 38 71 38 35 24 34 30 43 37 66 59 84 87 71 55 55 89 21 68 10 79 83 57 17 50 22 79 66 58 14 49 73 17 48 61 56 64 88 93 58 51 19 46 31 6 79 24 84 76 61 62 54 46 79 40 54 80 73 
24 43 47 73 85 29 20 65 49 100 65 15 105 100 24 82 29 76 20 30 80 30 28 96 63 38 71 89 45 85 35 18 31 54 72 31 56 62 45 59 31 43 65 20 80 48 89 78 61 49 8 65 48 18 96 77 65 49 90 86 72 75 66 30 82 97 105 73 31 80 80 101 18 68 77 37 59 95 41 27 84 10 5 65 22 18 37 47 18 21 
33 30 51 61 18 18 41 25 76 50 28 81 76 37 59 18 59 9 18 65 27 7 73 38 17 46 78 22 60 10 39 25 40 47 10 45 38 21 35 8 30 44 40 65 36 65 55 53 34 24 42 41 42 71 54 42 25 69 64 50 57 43 29 60 72 80 50 22 65 67 76 6 44 52 26 39 74 24 39 64 27 25 43 22 34 13 27 35 28 
14 42 56 52 49 41 44 71 81 31 78 74 31 76 52 34 41 52 37 60 26 67 48 23 62 47 48 73 31 45 58 13 53 42 77 47 41 38 38 6 32 41 37 5 64 50 20 67 35 65 7 51 72 74 38 49 52 54 41 85 40 15 82 79 82 42 12 37 37 78 33 62 54 59 65 59 56 30 47 51 47 35 54 35 31 20 36 24 
29 43 48 48 27 33 58 72 39 65 60 43 62 48 29 39 48 34 58 23 54 34 14 48 49 38 59 24 54 55 10 39 36 70 33 30 24 32 8 19 51 34 11 50 36 28 60 41 53 20 60 58 61 24 38 42 41 28 74 26 27 70 65 68 29 18 34 36 64 33 50 39 54 55 48 49 42 37 54 50 21 52 45 23 6 46 34 
14 65 68 13 37 29 75 68 36 32 72 50 65 24 60 64 32 75 45 25 25 35 38 51 46 41 41 83 71 31 22 52 77 24 38 18 48 37 9 80 31 37 23 9 47 68 69 49 45 88 31 52 10 42 20 13 1 72 10 56 61 42 41 2 47 32 39 37 56 42 17 68 55 23 60 71 16 78 75 8 72 74 39 27 75 62 
72 77 20 42 15 75 81 21 17 86 43 72 36 69 71 44 82 56 11 28 47 35 62 51 33 51 96 78 45 20 60 80 27 44 25 57 51 24 94 43 51 9 7 61 72 81 48 60 100 17 47 19 47 24 9 15 70 18 70 56 29 27 13 61 44 50 23 67 39 12 73 56 21 65 85 23 89 86 21 80 87 48 40 88 76 
9 53 30 86 36 40 89 85 49 57 76 12 1 83 10 25 83 45 34 48 97 22 62 25 47 6 58 55 13 28 46 28 47 17 49 60 49 82 55 73 66 72 20 33 39 60 46 79 51 55 27 85 77 64 46 55 47 54 76 86 63 41 83 85 83 20 45 62 8 32 88 13 52 80 24 25 57 9 45 27 44 46 42 
57 36 92 45 32 95 90 42 66 9 77 9 10 83 12 25 88 51 35 56 96 29 70 27 38 11 57 61 17 36 51 33 51 20 47 62 40 83 53 79 71 69 29 26 48 56 37 85 60 59 34 87 81 67 55 59 41 63 84 93 67 37 83 84 89 16 53 67 17 41 91 22 45 82 15 16 60 4 37 29 45 37 36 
24 35 61 62 40 35 68 38 53 35 49 51 44 62 37 31 12 27 25 63 33 32 30 77 58 34 12 40 64 10 25 5 37 36 15 75 43 38 24 13 52 54 62 35 47 81 31 40 5 29 34 24 13 59 3 53 49 37 41 11 43 44 49 37 47 29 12 55 42 36 47 68 30 68 66 9 60 69 28 22 70 58 
56 40 52 59 54 60 34 30 54 30 29 62 39 24 53 15 21 21 80 9 35 16 64 35 43 24 19 40 15 4 19 17 39 34 64 62 43 43 37 61 31 49 20 52 67 48 31 27 5 58 48 36 41 27 49 38 48 57 35 39 62 66 53 31 20 31 31 22 60 23 61 53 50 48 30 38 58 15 26 59 50 
85 96 8 6 101 48 86 47 84 85 54 96 72 4 41 62 44 71 64 37 66 111 91 60 32 74 91 40 58 41 72 66 39 109 53 66 13 22 75 83 97 58 74 116 12 54 35 60 30 18 30 78 34 85 61 27 17 29 76 54 61 15 82 49 24 87 67 23 78 101 32 104 101 36 94 103 63 55 104 92 
75 85 81 85 40 36 94 47 35 102 36 55 83 49 58 41 120 33 50 49 83 34 82 55 39 10 50 41 58 43 76 74 85 102 81 72 72 100 16 70 27 88 82 74 32 65 34 95 83 74 12 64 80 29 65 77 72 72 102 106 75 54 36 63 28 19 95 25 88 91 59 61 69 43 81 49 65 82 77 
102 97 9 86 40 65 28 40 68 44 27 92 63 35 74 76 50 87 36 15 44 43 71 38 68 62 48 57 36 33 59 13 68 36 86 74 47 59 7 70 35 20 94 82 61 53 81 81 67 84 63 16 88 98 104 67 21 68 67 99 22 72 75 48 67 88 50 12 76 25 21 60 36 6 37 41 7 7 
5 107 46 89 55 88 88 62 99 77 12 44 67 44 79 67 35 70 117 94 67 34 78 91 43 62 46 76 73 46 115 61 73 16 28 82 85 102 58 81 121 11 53 41 62 38 26 37 77 39 92 60 22 11 35 82 62 69 10 87 49 28 89 67 30 80 107 40 108 106 43 98 109 68 62 109 98 
103 43 85 52 83 83 59 94 72 9 39 62 40 76 62 31 65 112 89 63 29 73 87 38 57 41 71 68 41 110 58 69 11 24 78 80 97 54 77 116 7 49 36 57 35 23 32 73 34 87 56 20 11 31 78 59 66 9 82 45 23 84 63 29 75 102 37 103 101 38 93 104 63 57 105 93 
94 49 66 38 50 68 53 35 97 70 41 81 73 59 94 43 15 53 44 77 47 78 69 56 63 45 35 62 10 68 37 92 79 44 69 16 79 33 22 99 90 66 62 84 84 71 93 68 16 97 104 109 72 25 68 66 105 31 80 80 58 76 91 60 3 78 33 29 64 45 6 45 45 6 9 
57 73 62 56 82 64 59 47 28 55 14 101 37 11 50 99 60 71 27 50 48 30 38 39 51 70 54 99 81 74 37 43 90 45 83 18 83 100 36 7 43 33 67 52 49 31 42 83 13 25 38 47 73 82 88 36 65 14 33 53 27 64 45 96 65 81 81 48 67 93 49 56 94 85 
76 12 1 83 10 25 83 45 34 48 97 22 62 25 47 6 58 55 13 28 46 28 47 17 49 60 49 82 55 73 66 72 20 33 39 60 46 79 51 55 27 85 77 64 46 55 47 54 76 86 63 41 83 85 83 20 45 62 8 32 88 13 52 80 24 25 57 9 45 27 44 46 42 
68 75 8 86 52 43 47 42 61 27 62 65 51 80 82 22 46 64 95 45 53 36 59 32 20 76 7 29 45 32 29 85 69 70 33 86 53 75 30 60 19 29 24 94 32 50 84 65 63 26 45 8 14 59 62 64 41 81 75 28 75 65 15 83 79 26 81 70 49 32 71 59 
12 74 19 16 80 44 26 51 87 25 65 18 37 17 48 54 11 40 45 26 43 12 38 53 39 73 44 72 63 61 31 23 44 48 38 78 57 50 29 78 72 59 56 51 34 61 78 87 58 29 74 75 83 8 48 60 20 39 83 22 40 73 19 18 51 13 34 21 36 35 30 
82 11 25 82 44 33 47 97 21 61 24 48 7 58 53 12 28 44 26 46 16 48 59 50 82 54 72 65 72 19 34 38 59 47 77 49 54 26 84 75 63 45 54 47 53 75 85 62 41 82 84 81 20 43 60 8 30 87 11 53 79 25 26 56 10 45 26 43 46 43 
92 58 50 55 49 69 19 70 74 58 82 89 26 54 70 102 54 61 45 66 37 29 78 1 32 53 40 26 92 72 79 34 89 60 84 39 68 24 36 33 102 40 52 93 73 70 35 49 7 66 67 73 50 88 84 32 82 66 22 88 84 34 87 73 56 39 73 61 
35 93 55 43 56 106 31 70 35 48 4 68 64 23 27 55 37 57 27 58 70 51 92 63 83 76 81 21 37 45 68 46 88 57 65 36 95 86 74 48 65 53 59 84 95 73 49 92 94 91 28 52 71 10 37 98 19 56 90 23 25 67 8 48 37 53 49 48 
68 35 10 46 71 24 59 8 41 32 32 44 15 51 35 20 31 11 23 38 40 57 29 60 49 47 40 25 44 34 44 67 55 37 27 63 58 44 61 38 25 62 70 77 44 17 58 59 73 10 44 48 32 41 68 30 37 58 32 29 37 29 34 9 20 35 26 
38 58 42 67 61 36 62 107 88 55 29 71 89 37 55 37 68 62 34 105 49 62 11 18 70 81 92 56 70 112 13 53 31 57 26 14 25 77 30 81 61 28 20 24 72 50 57 17 78 47 21 84 65 20 75 96 28 100 97 32 91 99 60 51 99 87 
28 14 74 23 25 27 76 50 42 9 34 52 1 18 11 32 42 26 76 55 45 28 23 61 44 61 23 54 80 33 28 17 19 46 34 25 47 15 56 37 34 42 23 46 55 61 38 44 17 16 46 30 46 37 70 42 64 62 21 54 69 25 28 70 60 
41 64 25 53 9 49 40 25 36 21 56 27 18 22 17 18 27 48 48 23 51 40 41 45 34 42 30 53 59 52 27 26 52 48 34 62 28 28 60 63 68 34 18 49 51 64 21 41 39 39 42 57 35 42 47 43 40 26 39 41 8 10 42 31 
88 26 14 37 86 52 57 15 40 47 16 26 26 39 56 41 86 69 60 31 32 76 40 71 14 68 89 33 14 30 22 57 43 37 35 29 69 23 28 39 35 59 69 75 35 53 5 23 46 23 55 37 82 54 71 70 35 58 80 36 42 81 72 
87 93 73 88 103 38 74 85 119 73 78 63 81 48 47 83 20 43 72 60 29 109 81 97 41 95 79 103 58 85 41 54 52 120 59 60 112 92 88 54 59 19 13 84 79 91 69 103 101 49 98 70 40 98 94 53 100 79 72 54 79 69 
41 17 61 26 49 32 13 32 24 8 28 14 43 43 62 69 48 51 46 67 22 46 20 56 63 56 32 36 5 66 57 45 37 36 50 38 54 64 44 40 70 74 60 28 23 40 22 17 69 14 61 62 44 43 39 31 56 17 32 57 50 
51 100 66 66 20 54 58 26 39 35 53 67 47 100 73 70 26 33 85 53 84 25 79 103 24 18 37 36 57 42 41 42 35 81 25 14 27 38 71 74 80 25 67 17 24 60 34 54 51 95 55 85 84 41 72 94 49 53 95 85 
49 31 34 36 12 46 27 12 25 8 26 35 48 57 32 54 44 50 36 33 36 39 52 60 47 31 19 60 53 40 54 32 33 54 62 70 39 23 58 60 65 16 36 42 30 34 64 25 45 55 38 35 32 31 42 2 18 43 34 
49 58 85 48 74 76 60 71 47 47 74 5 82 51 101 89 59 67 15 82 48 7 108 93 76 65 96 96 82 93 77 29 99 111 118 82 36 82 80 114 33 84 89 55 77 103 59 18 91 25 22 75 40 9 51 55 9 21 
65 59 19 25 51 33 53 23 55 66 52 89 61 78 72 78 18 37 41 66 48 83 53 61 31 91 82 70 45 61 52 55 80 90 69 47 89 91 87 26 48 67 6 33 94 14 56 86 25 27 63 9 48 33 50 49 47 
46 47 81 41 41 31 42 11 21 54 26 7 53 39 18 70 47 63 14 64 62 70 30 49 39 42 30 85 32 28 79 71 72 32 23 26 26 68 41 59 45 64 65 46 60 43 34 62 58 26 62 48 33 17 49 37 
43 60 9 27 15 41 47 26 84 54 50 18 17 64 52 70 28 59 88 24 29 16 28 41 27 22 51 14 63 38 26 33 19 53 54 60 29 53 20 8 55 36 40 46 78 38 74 72 21 63 78 34 33 78 67 
35 34 16 34 4 38 47 49 70 44 62 54 62 25 33 33 50 49 67 45 42 18 72 64 51 46 42 40 50 67 76 50 32 70 73 72 16 37 50 17 29 75 14 49 67 31 30 44 20 44 14 31 45 38 
53 41 60 39 73 75 77 102 79 78 75 97 10 62 33 85 73 80 41 68 35 98 87 76 23 67 74 39 73 85 75 67 102 106 82 48 42 68 20 24 99 21 81 94 50 52 71 34 73 47 64 74 71 
18 9 32 41 25 75 53 44 27 22 60 45 61 25 53 79 33 30 15 20 44 33 23 48 14 55 39 35 42 21 45 54 59 38 44 18 15 46 31 45 38 70 41 64 63 19 54 69 25 27 70 59 
20 14 35 34 60 60 40 46 38 59 31 45 24 48 63 51 35 28 8 58 49 37 44 28 45 42 51 60 36 35 61 65 56 27 24 34 30 24 61 22 57 53 46 45 30 36 54 11 24 55 46 
31 32 16 70 44 35 29 19 50 50 56 33 44 75 37 39 8 25 38 29 17 57 8 48 48 42 46 16 38 45 50 42 41 28 17 50 39 41 42 63 34 63 60 11 55 63 22 18 64 53 
34 43 48 66 39 59 50 58 29 32 34 46 49 65 46 39 18 68 60 47 49 39 37 52 65 74 47 28 66 68 70 14 37 47 22 31 71 18 47 63 32 31 40 23 42 10 27 43 36 
27 44 37 5 58 44 24 62 36 59 13 53 66 68 33 43 48 49 36 80 35 19 76 73 77 37 12 37 37 72 31 57 48 56 60 55 52 34 43 51 47 30 51 38 26 14 39 26 
71 28 27 32 17 39 65 60 50 36 79 40 55 10 40 25 21 8 73 12 46 64 50 50 10 38 29 34 46 49 44 24 63 55 30 56 62 20 71 68 5 66 65 33 18 65 53 
78 47 99 87 54 69 16 82 43 12 107 94 74 66 93 93 79 95 75 25 100 111 117 80 33 78 76 112 33 85 88 57 78 100 61 13 88 29 26 72 43 6 50 53 5 17 
32 52 39 27 92 72 78 34 89 59 83 38 67 23 35 32 101 39 53 92 72 69 34 49 1 8 65 67 72 49 88 83 32 82 66 21 88 84 33 87 73 56 38 73 62 
59 45 18 68 40 64 9 57 67 72 34 48 46 48 36 85 36 21 81 75 78 38 17 32 32 73 36 61 50 61 65 53 58 36 41 56 52 31 57 41 31 17 42 30 
14 70 70 86 45 68 105 8 42 25 47 32 17 23 66 23 76 50 20 18 21 67 53 60 14 71 36 12 74 54 28 65 92 32 92 90 28 82 93 52 46 94 82 
56 67 74 45 53 93 22 46 12 42 24 11 9 68 11 63 55 33 32 7 54 40 47 28 60 37 9 68 52 23 60 78 21 82 79 14 74 80 42 33 81 69 
86 52 81 13 66 78 89 48 67 48 56 47 103 50 31 98 89 88 49 32 26 22 84 53 78 63 79 83 57 76 41 44 70 65 44 74 50 50 35 50 40 
53 27 75 66 73 37 58 25 89 78 67 26 58 64 38 68 79 66 57 92 96 76 39 36 60 12 18 90 10 72 84 43 45 61 27 65 37 54 66 62 
66 40 19 93 78 61 50 84 82 68 79 63 21 84 96 103 68 23 72 72 98 17 69 74 42 62 90 45 19 78 18 14 60 29 11 35 41 12 13 
72 83 47 12 40 17 69 56 48 23 39 69 18 40 52 46 59 79 84 49 49 9 36 35 9 68 26 81 65 63 63 44 48 77 35 46 78 70 
54 76 81 43 56 52 56 44 93 45 19 89 84 86 46 19 34 32 82 40 69 58 67 73 60 64 31 47 57 53 40 61 38 39 26 39 28 
112 95 80 67 102 101 87 92 82 36 100 114 122 87 41 89 87 117 35 86 93 54 77 108 59 25 97 23 21 79 39 16 54 60 16 27 
42 33 51 39 24 31 66 31 84 49 14 10 29 74 60 67 6 77 38 19 78 56 33 69 99 39 98 96 36 87 100 58 54 101 90 
45 28 70 56 51 24 43 80 9 32 45 49 70 84 89 43 60 11 36 46 19 68 38 92 68 75 75 49 60 88 46 55 89 81 
32 30 21 9 64 2 51 54 41 43 8 41 39 44 39 47 33 15 58 46 33 50 66 26 69 67 4 62 68 29 20 68 57 
63 53 41 36 32 52 35 49 59 40 42 68 72 55 32 19 35 26 16 65 18 64 59 49 48 36 36 60 18 32 61 53 
15 21 92 31 67 79 53 47 23 60 24 31 44 73 61 34 88 76 8 80 82 5 96 92 28 91 87 58 43 87 75 
13 79 21 68 65 38 34 13 60 36 43 30 69 47 20 79 64 12 71 84 14 91 88 21 84 87 51 40 87 75 
72 9 55 60 42 41 2 46 33 39 37 55 41 17 67 55 24 59 71 17 77 74 7 71 73 38 26 74 62 
63 86 18 56 69 70 77 102 107 67 62 31 59 38 19 91 34 96 89 70 71 68 53 90 54 68 91 85 
52 52 39 42 8 43 40 46 37 48 32 13 58 45 33 50 68 26 70 68 6 63 69 30 22 70 58 
87 90 94 56 10 52 51 90 26 69 65 55 67 74 54 15 62 39 35 48 46 20 34 30 20 9 
38 51 58 77 93 98 49 66 20 45 48 22 77 41 99 77 78 79 58 63 94 53 63 95 88 
13 40 80 73 80 12 79 32 26 74 49 48 65 105 52 98 97 45 85 104 60 60 105 94 
40 85 70 77 4 87 43 29 85 61 40 76 110 48 107 105 46 95 110 67 64 111 100 
47 35 41 35 55 39 14 66 53 25 58 72 19 77 74 7 70 74 37 26 74 62 
49 49 80 21 59 55 48 58 67 46 25 55 39 35 39 42 27 24 20 27 15 
7 66 67 73 50 88 84 32 82 66 22 88 84 34 87 73 56 39 73 61 
73 68 78 56 91 88 39 85 63 29 88 84 40 89 71 59 42 71 60 
82 40 24 81 58 38 72 105 44 102 101 42 91 106 63 59 107 95 
51 58 28 45 79 29 33 68 22 19 47 21 28 19 30 29 23 
27 42 18 60 33 82 58 68 67 38 54 79 35 43 80 71 
62 44 32 53 81 31 79 77 19 70 81 39 35 82 71 
27 91 8 61 83 31 33 60 15 53 31 49 54 51 
76 19 78 72 56 56 50 41 73 34 48 74 67 
83 90 12 101 98 31 95 94 62 48 94 82 
62 76 37 38 52 21 56 26 43 57 52 
77 37 33 64 48 10 46 45 9 11 
90 87 23 86 82 53 38 82 70 
4 70 16 27 40 52 28 31 
67 18 23 38 49 24 27 
63 66 30 19 67 55 
40 33 49 41 40 
44 47 1 11 
17 45 35 
48 36 
12 
