21 6
61 81 37 78 29 53 69 67 61 10 48 25 30 56 43 62 71 15 57 8 
70 37 46 78 25 36 109 20 67 13 36 60 17 18 47 86 70 5 64 
91 29 69 90 35 74 50 76 69 71 52 53 73 24 33 75 73 75 
75 65 18 65 102 50 47 27 22 56 44 21 67 94 52 32 44 
77 69 10 94 26 77 49 60 57 31 54 19 57 78 50 75 
78 72 37 71 18 66 46 20 67 63 58 49 13 75 21 
59 113 43 62 21 32 65 38 18 66 100 67 20 59 
92 16 70 39 50 51 21 44 17 59 71 40 68 
97 56 99 82 48 95 97 75 42 51 107 58 
64 23 39 51 6 29 28 69 66 24 62 
54 32 24 59 50 60 63 5 63 3 
23 50 17 6 45 80 58 9 51 
34 33 18 48 72 36 32 28 
48 48 38 41 22 59 23 
23 30 70 62 19 57 
49 81 54 14 47 
42 60 49 58 
59 87 63 
67 7 
60 
