24 4
56 60 47 33 61 75 90 70 25 67 83 49 26 72 71 35 90 75 46 49 68 38 80 
31 49 24 17 25 36 30 63 52 38 16 53 36 21 21 46 37 47 51 63 24 72 
26 40 16 24 41 13 54 20 26 18 42 12 23 39 31 15 72 27 33 24 41 
43 40 50 68 39 31 22 52 33 21 37 49 44 56 39 76 2 21 28 33 
33 46 59 45 45 56 57 23 37 50 42 2 64 52 33 46 63 17 74 
13 30 13 61 36 23 12 50 19 10 32 31 20 63 41 49 23 57 
17 12 74 41 13 25 63 19 4 44 21 18 72 51 55 36 61 
29 92 57 20 41 80 34 20 57 24 32 80 68 71 53 75 
66 29 13 22 55 7 13 44 19 7 76 40 42 32 48 
53 80 50 11 65 72 47 85 68 68 32 49 40 60 
38 37 44 23 42 56 39 25 89 21 14 39 20 
34 68 15 17 55 8 13 85 52 52 45 55 
39 27 22 22 42 29 54 35 47 11 57 
54 60 38 73 57 64 23 42 29 54 
20 49 19 2 81 37 37 35 42 
40 25 20 68 50 55 33 62 
63 51 33 46 63 17 74 
16 93 55 52 52 54 
83 39 39 37 43 
78 96 50 108 
19 30 31 
46 12 
57 
