27 3
25 46 53 57 35 30 37 28 62 36 8 10 21 57 36 25 31 68 30 39 48 68 45 20 31 59 
69 62 70 19 35 25 40 55 48 23 33 44 77 55 39 26 91 46 61 69 80 58 12 25 82 
82 78 81 70 83 37 104 67 46 36 25 62 19 60 77 58 59 47 8 88 71 67 77 14 
13 51 27 46 80 38 17 62 60 66 35 82 27 39 55 24 36 88 18 11 50 40 87 
61 36 57 82 51 21 66 61 65 24 81 32 49 44 26 30 85 11 12 58 50 81 
25 6 57 36 41 37 45 56 74 70 35 12 91 41 61 83 69 50 14 11 93 
22 58 34 15 38 39 48 49 64 12 13 67 17 38 74 45 25 23 14 79 
61 30 37 41 48 58 71 73 33 9 89 39 59 86 64 46 18 8 95 
89 63 20 20 19 77 18 53 58 82 57 57 33 93 71 43 57 51 
42 68 72 81 73 97 45 31 92 47 68 109 53 45 46 31 113 
45 43 49 34 65 10 29 52 7 26 73 31 9 36 30 74 
11 20 65 32 34 37 75 39 47 46 76 54 23 36 59 
10 58 25 33 42 66 36 38 38 73 51 30 42 49 
57 16 40 52 62 42 38 27 76 56 41 52 38 
70 39 62 20 32 19 70 31 27 66 63 62 
56 67 71 58 52 15 92 72 55 67 33 
24 56 6 26 65 42 20 27 25 68 
80 30 50 80 57 38 16 1 87 
50 30 67 49 47 81 81 53 
21 65 37 14 34 31 67 
55 41 25 50 51 51 
96 77 68 80 19 
22 68 58 91 
46 39 76 
15 79 
88 
