32 3
24 19 48 50 33 58 41 34 74 30 74 68 25 97 48 9 17 107 21 67 44 13 94 49 36 62 96 47 74 64 48 
6 27 36 10 56 35 39 55 16 62 49 5 73 24 23 21 86 16 55 36 11 71 45 23 38 73 45 58 47 46 
33 41 17 58 32 34 57 20 67 51 6 79 30 17 15 92 11 60 34 7 75 48 27 43 79 48 64 48 49 
18 16 45 57 65 60 18 41 57 30 53 11 50 48 59 42 34 57 35 65 37 16 31 49 38 34 57 40 
29 27 71 75 79 21 26 75 41 65 29 55 56 63 52 19 72 39 82 19 13 50 59 22 24 75 23 
52 42 49 54 12 55 49 13 63 14 34 31 75 26 48 43 20 65 42 17 31 63 42 49 48 44 
90 91 105 40 27 101 61 90 56 67 71 82 69 24 92 54 110 10 34 77 82 11 36 100 10 
17 42 51 97 35 30 87 49 31 24 109 21 90 4 37 68 80 58 47 92 80 91 30 81 
59 54 102 52 35 102 60 24 20 121 23 94 21 37 85 81 61 62 106 80 98 47 81 
67 100 7 52 60 49 68 60 89 54 95 38 65 28 95 71 30 69 96 91 12 98 
47 61 21 71 23 34 35 77 31 40 52 18 77 30 7 43 68 30 44 60 31 
97 67 71 52 81 82 56 78 7 98 65 98 29 40 70 60 32 12 98 32 
45 62 45 61 53 90 47 91 31 58 34 90 66 29 71 91 88 5 93 
74 26 22 18 88 12 60 31 13 69 50 28 37 74 50 63 43 51 
49 96 91 32 84 69 85 83 40 84 69 40 13 87 59 67 88 
48 44 62 38 45 49 34 55 47 24 21 48 48 44 46 50 
8 109 14 73 35 15 89 57 41 58 97 56 79 57 57 
106 7 75 27 17 82 61 42 52 93 60 79 49 61 
100 58 108 94 72 79 72 63 20 82 46 94 83 
71 24 15 75 59 38 45 86 58 75 43 59 
91 58 94 23 32 64 59 26 12 92 27 
40 64 82 59 45 90 82 92 26 83 
82 44 25 49 83 43 63 55 44 
102 79 34 52 103 87 39 105 
24 68 77 3 34 90 4 
45 64 25 37 65 27 
45 70 60 31 71 
80 48 75 81 
37 90 1 
89 38 
92 
