70 2
22 46 53 61 51 63 33 17 16 79 65 43 38 18 72 41 14 14 44 44 69 37 37 14 18 22 64 55 18 17 68 66 7 70 43 46 57 85 49 25 50 38 63 68 8 48 34 70 70 64 24 65 57 23 35 74 9 65 54 26 31 74 12 55 10 18 54 47 15 
35 72 79 37 40 51 23 37 74 76 21 52 37 50 28 30 36 28 60 83 35 26 35 37 44 71 60 5 23 52 78 16 88 37 52 71 86 32 15 34 54 43 48 24 28 15 48 54 49 37 48 39 36 42 64 19 44 34 49 9 69 20 58 30 32 35 65 19 
72 76 8 44 54 56 61 40 62 40 48 64 48 8 42 53 11 56 71 17 9 59 64 57 48 37 33 56 24 63 45 83 8 34 63 56 14 21 13 53 27 33 41 24 21 47 26 20 69 23 18 68 31 29 49 37 28 69 36 34 51 34 57 40 19 67 52 
9 80 108 21 68 49 79 29 93 23 56 115 74 41 39 78 15 25 55 67 48 55 32 45 47 67 68 96 29 60 17 64 41 17 70 84 64 83 19 99 105 48 89 76 114 97 91 68 95 90 66 40 87 62 106 95 42 81 78 64 50 54 39 89 6 68 
84 114 28 77 58 78 25 99 28 65 121 79 49 48 83 19 18 59 72 57 64 40 43 46 74 77 98 24 68 8 67 43 15 66 88 70 88 25 103 109 55 94 82 119 100 94 77 98 94 75 44 88 70 111 100 51 88 77 73 50 62 46 94 15 76 
37 62 59 67 43 70 37 57 69 40 9 49 60 8 65 79 25 15 64 69 64 56 45 36 59 17 72 49 92 17 43 71 61 8 25 6 61 19 25 47 19 21 39 19 13 72 15 9 72 40 28 53 29 21 76 36 37 55 42 62 47 11 75 55 
87 60 78 80 105 21 86 77 10 38 69 76 34 94 113 58 43 76 77 83 93 81 44 60 39 106 57 123 52 77 104 98 30 44 32 89 23 21 64 20 32 8 39 40 74 34 30 74 71 61 59 12 16 89 32 74 59 78 71 69 26 102 57 
49 32 69 35 71 10 39 95 55 20 21 59 12 37 37 48 31 38 14 42 38 45 49 78 35 40 37 46 29 25 67 64 43 64 6 79 85 26 69 55 93 80 73 51 77 71 49 24 74 42 86 75 30 60 67 44 40 36 18 70 14 48 
22 93 82 39 55 18 70 50 31 29 51 61 86 51 47 21 18 37 81 72 23 75 83 12 86 55 62 74 101 55 34 56 55 66 70 25 50 38 68 77 72 14 71 62 14 51 85 8 66 56 33 29 87 5 71 15 35 58 62 3 
91 67 57 40 7 87 57 22 12 60 44 69 50 52 2 6 18 71 64 34 22 84 68 20 66 57 54 57 94 65 41 66 39 79 84 20 64 50 85 85 80 19 81 73 17 44 88 19 81 70 12 45 87 20 65 7 26 70 43 22 
54 80 60 96 79 48 69 80 50 64 64 41 48 89 95 80 35 32 71 93 43 56 80 82 37 40 63 22 51 59 49 65 57 61 71 62 62 79 43 40 103 46 50 102 47 20 85 69 64 95 77 6 87 29 89 65 54 76 89 
94 27 74 110 67 51 55 71 23 9 47 61 66 73 49 19 26 71 82 82 1 71 28 54 28 12 41 76 63 75 28 89 96 57 84 74 109 84 78 86 83 80 84 35 68 74 99 89 64 84 55 77 30 70 47 81 31 80 
71 56 31 32 51 58 29 80 101 48 35 56 56 65 85 73 26 39 46 95 37 108 46 67 90 96 29 30 31 74 33 35 46 19 20 29 48 46 53 42 34 53 59 65 38 28 22 69 12 74 38 71 50 53 29 86 36 
47 92 51 24 28 55 8 31 31 44 39 46 23 32 28 47 55 72 28 44 36 40 20 19 57 60 42 60 5 75 81 30 66 53 91 74 68 58 72 66 57 17 66 47 83 72 39 60 58 50 30 42 20 66 18 53 
86 60 27 19 62 51 76 55 55 8 1 25 78 70 35 18 86 75 21 73 61 60 64 100 66 43 68 46 80 85 25 65 51 84 88 82 12 83 74 10 50 92 18 81 71 16 44 92 17 71 7 32 71 50 19 
42 77 85 38 101 118 63 48 85 86 92 96 85 53 70 37 111 66 129 56 82 109 99 33 51 34 96 22 18 72 26 39 2 37 39 84 33 31 84 77 60 68 10 20 98 41 73 69 82 80 77 28 109 67 
40 51 4 59 76 20 6 55 59 55 55 44 26 50 26 69 39 87 14 39 67 64 9 16 9 55 24 30 38 17 13 41 28 22 63 24 16 62 34 36 43 32 22 67 28 42 46 41 52 39 15 68 46 
11 43 31 55 29 34 19 26 15 51 43 25 31 66 52 20 58 37 33 43 73 49 25 49 25 64 69 6 51 37 75 68 62 37 64 56 35 22 67 23 68 57 27 39 65 26 43 21 4 54 35 29 
54 33 58 40 45 10 18 8 59 52 32 29 77 56 22 57 48 42 46 82 59 35 60 27 74 79 13 60 46 83 79 73 30 75 67 28 32 79 22 78 67 16 45 76 25 53 15 14 64 33 28 
63 80 24 10 58 62 59 59 47 28 51 24 73 41 91 18 43 71 67 5 19 6 59 20 26 41 13 13 37 25 21 65 21 13 64 38 36 45 28 18 70 27 44 47 44 54 42 11 73 47 
25 39 52 43 50 26 33 32 55 61 80 23 51 28 48 26 13 58 68 50 68 6 83 90 37 75 62 99 82 75 63 80 74 61 25 72 53 91 80 41 68 63 56 35 48 27 74 12 59 
55 70 68 75 51 29 36 77 86 92 8 75 19 62 36 12 50 85 71 84 31 99 105 61 93 82 117 93 87 88 92 89 86 42 78 78 108 98 65 91 65 81 39 73 51 90 29 84 
14 48 54 42 36 25 31 51 40 48 39 67 9 19 46 50 29 20 29 36 44 50 30 37 28 62 42 36 62 40 35 60 14 38 43 53 42 56 41 36 46 23 47 25 35 50 48 
50 55 49 50 39 24 47 32 63 35 80 11 34 60 61 16 12 16 48 31 37 32 23 15 47 34 28 59 30 23 58 28 38 39 38 28 61 29 42 42 36 47 32 21 62 43 
7 17 69 62 32 21 81 66 19 65 55 52 56 92 63 39 64 37 77 82 18 62 48 83 83 78 20 79 71 18 42 86 18 79 68 13 44 84 19 63 6 24 68 42 21 
24 77 70 35 18 86 74 21 72 61 60 63 99 66 43 68 45 80 85 24 65 51 84 88 82 13 83 74 11 49 92 18 81 71 15 45 91 18 70 7 31 71 49 20 
56 50 39 37 81 50 30 49 51 40 39 79 64 41 65 21 79 85 19 66 52 90 83 77 37 79 72 35 32 81 30 84 73 16 53 76 33 51 22 17 70 25 36 
11 66 81 65 20 69 47 40 19 28 25 63 56 61 36 75 81 56 72 65 95 67 61 88 67 66 86 29 49 73 85 76 72 77 36 76 14 72 47 68 44 78 
55 72 55 28 59 52 29 10 31 29 51 45 50 33 64 70 47 61 53 84 57 51 80 57 55 78 20 42 63 74 65 66 66 31 66 3 64 38 56 44 69 
23 52 72 14 83 33 47 66 82 32 12 33 49 45 50 19 30 16 51 54 49 36 49 40 36 37 62 17 46 36 45 14 66 19 53 28 27 36 60 19 
75 83 12 86 55 62 74 101 55 34 56 55 66 70 25 50 38 68 77 72 14 71 62 14 51 85 8 66 56 33 29 87 5 71 15 35 58 62 3 
83 65 106 31 56 85 64 20 42 18 77 15 19 64 27 36 37 2 4 88 4 12 88 55 23 69 27 25 93 49 37 71 52 78 64 17 91 71 
72 27 55 29 12 42 77 65 76 29 91 97 58 86 76 110 85 79 86 84 82 84 36 69 75 101 91 65 85 56 78 31 71 48 83 31 81 
77 43 50 63 88 46 23 47 45 59 64 14 44 30 64 67 62 23 62 54 22 39 74 4 60 50 32 25 75 7 59 14 24 50 54 9 
75 50 21 69 96 78 96 33 111 117 64 103 90 127 107 101 85 106 102 83 52 94 79 119 108 59 97 82 81 55 71 55 102 23 85 
26 54 50 22 21 21 45 36 42 37 31 26 55 33 27 67 31 26 66 23 30 48 45 36 65 40 32 50 26 54 34 27 59 52 
29 39 48 37 47 25 62 68 37 56 47 81 57 51 70 56 53 68 10 46 54 71 61 57 58 37 57 10 54 28 53 38 59 
52 76 60 75 19 90 97 49 83 72 108 86 80 76 85 81 74 32 74 66 99 89 53 80 62 69 35 61 40 82 19 72 
69 70 67 61 77 82 76 80 76 99 65 61 109 67 69 108 50 42 92 89 82 96 90 26 95 29 94 68 72 69 97 
24 2 64 15 21 46 11 16 32 21 17 68 16 8 68 44 35 49 23 13 75 29 45 51 48 59 48 5 78 51 
25 45 38 44 22 25 12 50 44 39 47 40 32 46 28 50 27 43 32 51 21 53 30 43 36 25 29 58 31 
64 15 21 47 13 18 34 20 15 70 15 7 69 43 33 51 24 15 76 31 43 53 47 60 48 6 78 53 
79 86 31 70 57 95 79 72 57 76 71 55 21 71 47 87 76 36 63 62 50 35 42 21 70 13 53 
6 60 15 29 22 16 17 80 11 9 80 58 38 62 12 11 89 38 51 63 61 73 63 9 93 63 
66 20 34 18 19 21 85 15 15 84 65 42 67 8 14 94 42 56 68 67 78 69 15 99 67 
47 32 70 66 60 33 62 54 31 26 68 17 64 53 29 33 67 20 47 17 10 51 41 23 
14 24 29 26 65 23 15 64 51 46 47 17 6 75 22 56 48 58 58 51 10 83 47 
38 38 34 52 33 24 51 39 49 33 31 20 60 14 56 35 51 44 37 20 70 35 
37 39 82 33 30 82 75 60 66 10 19 97 39 73 67 81 78 75 27 108 65 
6 90 5 14 90 57 23 71 27 26 95 51 38 73 53 80 66 19 92 73 
86 6 11 85 50 21 66 29 25 89 47 34 68 48 75 60 16 86 68 
85 76 2 59 97 19 80 70 27 43 99 17 80 16 41 72 62 17 
8 85 55 27 66 23 21 91 45 41 68 53 76 62 13 90 68 
76 49 32 57 20 14 83 36 44 59 51 67 55 5 84 59 
57 96 18 80 70 26 43 97 16 78 14 39 72 60 17 
50 43 67 56 48 49 44 46 20 43 18 49 35 49 
78 50 46 95 64 15 80 38 85 64 36 84 81 
63 53 31 26 79 3 63 12 27 53 55 6 
11 92 37 63 64 71 74 68 18 100 63 
81 27 58 54 62 64 57 10 89 53 
57 92 32 67 19 31 80 36 34 
71 27 64 38 41 31 74 26 
82 28 84 61 48 75 84 
66 12 30 55 58 3 
64 39 53 47 68 
25 64 47 15 
53 33 33 
84 55 
61 
