50 4
32 34 54 54 26 16 54 65 19 69 44 40 14 38 32 60 6 66 12 38 51 71 72 40 60 65 68 48 68 18 22 40 75 61 31 40 18 84 40 49 47 31 64 46 69 7 62 21 45 
8 39 53 32 46 30 41 25 43 11 53 30 38 54 35 33 43 27 18 23 40 41 58 43 43 47 36 45 48 52 11 42 43 55 68 50 55 63 34 35 59 40 14 49 28 52 41 24 
31 61 27 44 23 48 30 37 13 47 27 30 59 28 36 51 31 27 30 37 45 64 51 35 39 28 38 51 55 19 43 35 51 66 52 60 59 26 43 63 33 20 41 31 44 38 16 
92 30 55 17 76 59 25 39 39 40 20 85 20 58 79 57 58 58 37 65 91 81 16 17 6 19 72 76 49 55 9 53 68 70 82 57 5 74 85 18 47 17 55 13 44 16 
75 69 82 41 36 94 58 93 65 85 37 87 48 39 42 35 45 86 62 32 27 95 100 88 97 49 50 46 76 96 85 91 56 63 94 87 21 48 92 52 102 47 104 75 77 
25 37 73 38 51 40 21 11 12 58 43 32 75 34 48 56 58 72 66 73 45 47 24 48 44 47 44 69 39 25 41 40 87 32 27 63 57 45 47 47 30 37 14 28 
61 81 35 76 56 30 17 37 41 67 21 82 29 54 67 80 86 49 76 70 72 49 73 25 26 55 88 64 16 23 18 99 25 52 64 36 70 60 72 24 61 12 52 
61 54 15 25 52 44 31 82 6 57 64 54 47 44 22 48 88 68 12 17 19 15 73 76 36 38 15 62 78 72 65 68 15 63 85 10 33 19 53 29 51 9 
47 67 37 94 69 79 68 62 62 3 53 27 18 54 23 67 14 72 76 75 73 72 75 29 39 76 94 105 77 22 102 72 23 77 68 29 79 58 89 80 60 
68 35 57 29 49 29 59 15 48 6 21 36 65 57 34 41 66 70 54 69 26 29 27 64 65 50 59 30 67 59 54 28 35 64 34 72 11 70 39 46 
36 64 59 44 97 9 72 70 68 58 51 15 49 102 76 10 12 30 8 87 91 47 36 18 76 92 87 66 81 26 73 100 7 42 15 68 33 65 24 
61 40 43 64 29 44 40 38 22 19 30 31 68 42 38 42 38 40 59 63 11 31 40 65 79 61 46 72 35 37 70 35 8 45 39 52 51 23 
28 20 71 57 46 97 51 69 77 74 92 79 94 56 56 34 58 54 56 65 88 48 17 31 48 108 18 38 83 66 57 67 55 46 39 19 45 
24 47 50 20 71 23 42 53 63 71 54 67 53 56 34 56 33 36 40 71 48 25 38 30 85 33 36 55 46 53 45 56 19 48 11 35 
71 36 44 81 45 56 61 53 73 78 81 36 37 14 39 57 60 49 68 29 33 48 53 90 37 18 71 70 37 50 37 42 24 24 24 
88 26 67 28 47 62 94 84 8 57 94 98 80 97 16 16 56 93 92 57 59 24 90 65 80 45 10 93 63 99 30 95 51 74 
63 66 59 51 46 17 48 93 71 9 13 23 10 78 82 40 36 15 68 84 78 65 73 19 67 91 5 36 16 59 30 57 15 
63 8 35 49 73 71 34 56 69 72 53 72 15 19 39 75 66 37 44 17 82 46 54 43 27 68 45 73 5 68 27 49 
54 28 21 58 26 66 12 75 80 78 76 72 75 32 42 80 95 106 78 24 104 75 22 77 72 32 83 59 92 82 63 
27 41 67 63 34 47 66 69 52 68 21 25 31 68 64 43 52 25 73 53 52 35 32 64 38 71 5 67 33 46 
15 51 37 49 25 60 64 55 62 46 50 11 46 61 67 78 51 46 76 53 16 54 57 17 67 31 71 54 42 
41 21 64 24 55 60 57 57 62 65 12 31 59 78 90 66 32 86 54 23 70 52 11 63 45 71 64 42 
35 98 65 24 27 41 23 88 92 40 21 32 84 99 89 51 90 36 65 99 20 34 30 68 47 71 29 
85 37 57 61 65 57 83 87 31 16 63 96 109 88 17 104 62 42 92 53 26 64 66 77 82 50 
55 100 104 86 102 25 24 58 95 98 65 67 32 90 73 87 44 17 98 65 105 36 101 59 80 
80 84 79 81 63 66 32 52 83 90 100 70 36 99 77 12 67 76 34 87 52 94 78 65 
4 21 3 84 87 49 44 8 69 84 82 74 73 18 76 96 4 45 7 65 23 59 20 
23 4 87 91 53 48 8 70 85 85 78 74 20 80 100 8 50 3 68 21 61 23 
24 67 70 46 57 15 47 62 64 82 51 4 71 80 23 46 23 49 16 38 15 
86 90 51 44 10 72 87 85 74 76 21 77 99 5 47 7 67 25 62 22 
4 52 89 80 40 43 8 93 49 68 50 13 82 59 88 20 81 35 64 
56 93 84 42 43 8 96 50 72 53 9 86 63 92 24 84 38 68 
37 51 65 78 56 44 74 44 26 62 46 7 56 34 62 52 32 
51 95 109 92 31 102 53 55 99 40 30 51 70 67 81 43 
62 77 78 80 65 12 77 93 11 48 8 62 15 53 19 
15 33 110 9 50 78 51 70 70 70 38 55 13 54 
35 123 13 66 88 50 85 83 85 47 70 27 70 
98 41 66 57 18 82 62 86 22 77 30 63 
118 79 45 99 70 40 81 77 94 97 67 
55 87 58 74 78 73 48 57 21 60 
70 81 19 43 20 50 17 41 12 
55 72 31 82 40 87 66 59 
95 69 101 32 94 48 76 
42 11 63 27 59 18 
52 40 60 56 31 
69 19 61 25 
65 28 44 
49 29 
42 
