200 6
41 33 67 35 30 23 51 65 39 43 67 8 43 55 49 52 8 51 23 5 13 73 36 23 30 40 65 75 72 37 60 17 59 74 64 38 53 19 72 21 52 22 29 7 44 44 55 36 57 19 32 56 17 32 22 35 48 44 19 22 24 21 39 64 62 9 63 19 18 27 11 58 12 42 30 46 62 39 56 22 50 69 19 36 29 55 53 24 26 15 44 33 33 40 31 30 29 57 60 60 31 44 46 44 12 18 52 35 57 42 50 42 52 22 42 22 68 53 65 36 76 30 14 8 41 29 33 30 18 13 38 27 58 17 63 56 14 34 45 19 63 42 40 59 57 59 36 5 28 18 60 62 38 65 38 44 48 34 40 2 30 28 18 53 17 20 60 47 20 21 24 22 8 47 25 48 55 28 54 38 37 31 33 36 47 36 7 63 42 56 2 47 40 32 50 45 26 56 30 
17 33 44 57 63 79 41 56 79 82 49 66 19 85 31 49 88 32 42 51 86 44 63 61 34 34 83 83 78 30 57 32 34 68 52 22 57 86 62 54 60 54 36 31 43 63 19 64 50 73 98 38 64 44 75 7 5 23 58 21 53 10 59 82 50 59 59 33 23 31 38 28 28 70 8 83 32 52 22 72 74 21 56 63 96 51 34 58 50 22 35 68 25 43 57 17 46 19 43 52 36 87 47 43 37 92 72 67 2 50 26 93 18 49 61 35 59 25 77 84 70 39 39 73 68 64 70 25 27 79 57 100 25 29 39 50 68 86 60 83 54 59 68 69 60 24 41 68 59 48 72 48 61 15 13 54 45 61 40 32 69 38 94 50 59 55 64 27 37 18 60 45 13 32 89 38 68 68 78 78 72 64 49 77 33 46 55 82 27 43 12 58 19 9 47 66 64 12 
34 50 58 56 62 34 60 65 65 40 49 22 70 21 40 75 35 33 41 68 27 56 46 18 32 66 66 70 26 50 26 41 52 57 19 52 69 53 37 55 38 31 43 53 46 31 47 36 64 87 23 49 29 64 22 17 23 54 24 38 8 44 65 42 43 48 20 29 22 28 21 13 64 25 66 15 36 25 55 57 15 39 60 85 62 18 56 37 12 18 65 37 26 42 24 32 31 31 35 20 78 29 40 38 80 68 50 19 60 12 82 16 32 55 34 68 35 69 67 63 38 34 58 62 63 63 15 21 71 56 89 16 30 27 38 66 76 50 65 60 42 51 52 44 35 31 62 51 34 55 54 46 5 11 63 50 65 32 39 60 39 84 37 47 40 47 14 39 20 55 40 15 37 79 26 57 51 72 68 65 63 54 61 42 37 41 71 23 35 29 41 28 26 56 55 47 18 
77 89 90 88 17 89 96 81 74 74 14 101 21 74 106 64 67 74 82 51 90 77 38 6 77 79 104 9 84 14 13 62 85 14 85 84 87 50 89 67 64 62 76 61 52 61 68 98 121 56 80 60 97 28 28 54 88 52 70 28 48 85 76 48 81 53 56 56 23 55 30 98 36 87 36 45 54 78 67 48 64 93 118 83 49 89 70 24 44 98 57 53 71 50 36 21 28 63 36 112 47 73 68 112 102 65 34 82 29 115 47 52 89 2 91 19 103 77 97 70 68 88 96 95 97 49 55 105 88 123 50 4 27 71 99 110 84 85 87 66 65 69 54 57 65 96 85 36 69 81 49 28 23 87 78 94 66 65 94 70 117 70 80 46 69 48 69 49 89 73 20 65 113 26 90 70 106 102 99 96 82 89 66 71 43 103 13 69 39 65 52 30 80 89 62 44 
21 43 87 83 13 75 102 41 79 63 82 71 40 82 15 40 47 108 67 44 66 65 78 108 106 57 73 39 74 77 96 8 65 34 107 49 83 35 65 30 19 10 88 25 90 55 56 79 50 68 56 64 49 49 28 33 26 57 50 93 97 38 92 51 48 21 38 78 36 64 47 41 98 63 84 25 86 102 37 71 32 80 17 53 26 51 61 61 36 21 63 66 27 82 60 82 66 69 64 74 24 17 80 41 91 43 14 62 77 34 73 38 79 18 65 54 110 48 21 27 75 42 29 49 40 34 57 24 80 39 73 78 50 36 67 50 99 10 75 92 91 90 20 40 43 45 85 96 4 94 53 55 13 2 19 37 12 53 17 77 52 53 88 82 46 15 30 35 30 57 13 70 76 58 89 51 61 48 30 5 82 12 42 90 71 70 37 40 75 25 49 9 56 89 33 
25 76 92 13 61 96 32 71 75 67 79 30 66 25 34 37 103 66 26 56 69 89 105 102 38 83 23 84 92 95 16 76 17 101 34 83 17 58 28 40 31 85 42 87 48 37 59 48 58 52 47 64 62 35 15 36 49 61 94 89 27 93 39 47 34 38 86 38 70 28 58 89 67 86 35 78 100 43 66 12 61 36 53 6 42 70 62 14 41 61 58 40 86 76 88 61 72 43 74 18 20 61 20 87 57 33 69 58 42 72 20 91 31 81 34 106 29 20 24 63 23 7 30 44 37 37 4 60 43 85 84 42 15 48 36 91 20 69 89 87 90 38 35 24 30 89 92 20 96 62 66 28 19 11 32 28 35 19 58 45 41 90 76 48 20 40 17 22 68 25 51 83 43 84 30 42 29 8 16 71 31 33 93 53 80 30 57 70 40 64 28 41 86 45 
53 88 38 36 76 17 51 78 42 75 16 41 38 24 20 83 54 1 35 61 89 87 83 15 83 6 82 97 79 40 76 9 81 10 70 8 41 27 58 53 69 55 71 31 13 37 37 36 39 22 70 67 40 10 44 31 62 83 68 14 82 17 39 45 34 81 36 65 7 67 68 60 75 42 58 83 43 49 15 37 60 45 18 26 68 53 16 56 49 39 49 77 82 81 44 65 23 63 22 31 37 15 70 64 57 64 34 45 59 5 91 56 88 13 88 7 26 24 40 7 22 7 41 36 15 20 38 40 86 78 25 17 25 13 70 44 52 72 69 76 52 25 6 8 80 74 44 84 62 67 52 41 36 24 44 10 30 34 28 19 79 58 43 32 46 8 18 70 39 28 77 18 66 15 18 8 21 40 48 49 20 83 28 79 21 68 52 51 72 52 17 70 51 
76 88 22 27 45 14 82 21 67 47 27 74 46 39 34 37 52 21 50 83 40 35 52 78 53 74 100 41 88 76 59 30 43 41 60 25 57 94 95 33 84 34 32 46 53 42 18 35 36 84 79 66 62 71 29 70 52 16 49 52 37 46 76 53 67 56 58 56 87 15 52 48 70 12 42 60 24 68 48 104 45 70 36 66 45 70 89 36 22 75 56 93 65 27 52 57 41 63 70 39 68 30 81 101 60 46 65 35 58 87 104 97 55 42 54 65 59 13 60 75 53 56 58 54 72 55 56 86 63 36 71 49 41 18 92 21 32 27 43 85 47 58 46 58 31 89 53 67 72 99 85 88 49 81 46 69 49 34 35 50 20 52 72 69 60 56 76 76 50 63 36 24 62 46 56 74 86 6 87 45 55 36 75 50 90 23 80 88 96 37 32 73 
94 87 65 71 62 24 91 13 71 96 69 64 70 65 41 87 68 28 11 60 62 100 12 82 8 30 45 90 19 85 68 83 35 88 58 64 72 84 46 60 46 61 93 114 51 70 53 91 39 36 57 87 57 63 32 31 71 74 31 76 49 61 55 8 54 23 95 47 72 28 29 58 65 50 49 53 94 111 92 43 90 65 22 36 98 66 44 62 56 20 36 11 53 25 108 35 74 72 104 101 50 42 91 23 108 50 40 88 15 99 35 100 60 94 72 68 78 94 97 94 48 55 101 90 117 49 18 12 66 99 104 79 70 93 54 50 54 37 65 62 94 81 19 53 87 32 30 28 95 84 99 64 71 90 73 110 64 75 29 56 45 73 53 88 73 27 70 108 12 84 55 103 97 96 97 87 78 73 68 26 96 13 67 50 53 59 42 88 83 47 50 
73 106 42 82 75 79 81 41 79 25 43 48 112 73 39 67 74 90 114 111 51 85 36 86 90 103 5 77 30 111 46 90 30 68 34 33 20 94 38 95 57 50 72 55 69 61 60 62 61 37 28 37 60 62 101 100 38 100 51 54 33 44 89 43 73 41 55 100 72 92 36 89 108 46 75 25 74 24 60 19 53 72 68 27 35 69 68 39 91 73 92 70 78 56 81 26 23 74 32 96 55 21 72 71 44 80 33 91 18 79 47 115 42 25 31 75 36 19 43 48 41 50 17 73 47 85 88 52 27 61 48 101 7 79 98 96 97 33 44 37 42 94 101 10 102 64 67 15 11 6 41 24 48 22 71 55 53 96 86 53 21 41 30 31 69 24 64 86 56 93 43 55 42 20 7 83 25 43 99 66 82 39 54 79 37 62 17 54 94 45 
49 35 29 87 6 76 36 9 66 39 30 56 46 34 19 59 92 62 57 31 87 37 84 106 60 75 83 43 52 27 57 44 29 50 87 85 51 79 53 29 26 31 42 16 36 15 86 81 61 46 66 26 73 69 38 37 68 24 46 70 49 79 52 66 36 86 37 60 64 65 32 62 58 34 51 26 93 48 55 29 73 52 52 83 43 25 71 70 96 77 33 62 35 53 51 60 18 49 50 81 90 67 24 62 48 41 96 91 101 35 64 35 55 50 10 41 58 33 54 53 33 56 33 54 93 75 29 52 26 25 40 79 34 52 47 61 79 40 39 31 72 52 77 70 71 77 87 74 72 42 73 27 59 27 29 23 67 37 52 62 66 44 45 80 68 28 75 17 43 41 24 36 57 74 16 79 36 72 14 83 41 88 36 75 89 85 19 50 70 
64 25 80 48 61 66 54 88 62 59 7 38 75 41 48 75 13 8 78 72 74 67 94 21 106 73 80 4 67 31 82 38 73 105 110 20 93 20 48 71 80 53 40 46 62 86 81 77 83 81 47 72 36 11 69 35 59 55 87 65 58 67 56 80 91 12 50 36 81 18 19 69 31 90 75 119 51 91 54 64 47 93 99 41 38 85 45 92 54 36 48 83 36 80 85 66 92 16 85 117 58 73 74 33 80 80 121 95 81 15 79 82 75 39 83 97 78 65 69 80 92 82 65 80 54 54 94 75 63 9 110 27 16 13 28 95 62 82 68 46 12 106 35 68 72 116 102 107 65 94 70 85 76 51 57 36 20 59 87 79 82 75 75 90 77 55 60 14 87 72 81 96 104 33 100 63 40 63 70 67 94 27 89 90 111 61 19 81 
39 62 41 57 1 43 31 7 5 71 37 16 25 43 72 73 70 30 66 12 64 81 64 42 59 16 69 13 53 19 26 15 52 50 54 45 56 16 24 48 20 26 22 26 56 52 27 19 32 17 46 66 58 4 65 11 22 35 18 63 20 47 24 54 58 43 58 31 46 69 27 34 27 47 59 27 26 10 51 36 30 48 32 26 37 60 68 64 29 47 38 46 17 25 43 32 56 50 56 47 43 31 42 18 74 58 73 29 75 23 20 15 34 24 33 23 25 21 31 28 50 24 70 60 10 31 36 11 59 47 38 58 55 60 44 8 23 10 63 60 44 67 45 51 54 40 43 8 38 20 24 45 13 12 62 44 26 27 33 19 11 54 33 40 59 19 52 32 29 25 32 41 41 44 3 66 34 62 6 56 38 41 59 51 18 55 38 
68 30 52 41 37 65 38 34 31 23 50 16 36 69 35 31 54 64 49 60 85 31 81 62 55 29 42 28 57 13 49 83 86 21 72 23 24 47 60 30 16 23 40 71 66 55 58 60 21 57 40 18 44 39 34 34 65 42 53 45 44 55 74 19 37 35 59 7 34 48 10 65 56 96 32 66 29 52 31 68 78 23 13 64 43 79 51 14 38 61 27 55 61 47 67 21 68 93 46 53 53 21 55 73 97 83 57 37 54 57 51 18 58 72 53 44 47 56 67 62 44 71 49 29 68 54 38 20 85 7 23 19 31 74 38 57 43 45 24 82 41 53 58 92 78 82 41 72 46 61 56 26 32 38 8 39 64 58 57 50 62 67 56 49 36 15 63 49 56 71 79 16 77 38 43 42 61 42 77 8 68 75 88 37 21 61 
92 19 62 97 50 55 63 81 45 78 68 32 15 77 78 92 12 72 17 19 62 71 7 72 83 75 49 76 59 51 49 62 60 38 60 58 86 110 46 71 51 87 14 14 40 75 39 61 15 50 82 64 49 70 42 42 44 25 42 24 85 23 83 30 45 40 73 67 35 58 80 108 69 39 75 60 16 37 85 43 45 63 36 37 12 30 56 32 101 44 60 55 102 89 64 20 69 22 104 34 48 76 16 77 15 91 78 85 56 55 80 83 82 85 37 42 93 74 112 37 10 28 60 86 99 72 82 73 60 64 67 54 43 53 83 73 38 68 67 51 17 11 73 64 80 54 51 82 56 106 59 70 47 64 36 55 35 76 60 7 51 102 26 79 67 93 91 87 82 68 82 52 59 45 93 12 57 26 59 38 17 66 78 61 30 
80 42 6 72 45 36 55 50 40 24 63 96 61 56 35 91 43 88 111 61 81 87 49 51 33 59 50 33 56 93 91 52 85 54 34 31 32 47 21 41 20 91 86 67 51 72 31 78 71 37 43 70 30 51 76 54 82 57 70 42 91 36 64 66 71 32 62 63 37 56 27 99 52 60 35 77 56 57 89 47 29 77 73 101 80 37 65 38 56 57 66 18 54 50 86 96 71 25 68 51 46 100 97 106 39 63 40 61 56 12 46 64 39 60 59 37 62 34 59 97 78 35 58 29 32 39 85 37 52 48 62 85 46 45 37 75 52 83 72 76 81 93 80 78 48 79 32 65 28 34 29 69 38 57 68 71 50 51 85 74 30 78 23 44 46 29 41 63 80 15 85 42 74 17 88 47 94 38 81 94 91 25 52 76 
58 85 56 50 57 62 30 74 56 17 16 57 59 87 11 69 7 33 42 78 12 71 64 70 30 74 46 51 62 73 41 49 41 49 80 102 38 59 40 78 31 27 44 74 45 51 21 30 64 61 30 63 35 50 41 7 41 10 82 38 65 16 25 45 56 48 36 43 81 99 81 30 77 52 9 24 85 55 32 50 44 17 32 12 42 14 95 26 61 59 92 88 45 33 80 10 96 37 31 74 20 88 34 87 58 81 59 55 67 81 84 81 35 42 88 77 104 36 19 8 53 86 92 66 64 81 45 45 48 34 54 49 80 68 18 49 75 31 18 17 83 71 86 50 59 77 60 98 51 62 27 47 32 60 41 74 60 18 58 95 7 72 48 90 84 83 84 75 68 62 54 25 84 9 54 42 43 47 35 76 71 42 38 
44 30 7 7 72 38 16 26 44 72 74 71 29 66 11 65 81 65 41 60 15 70 13 54 18 28 14 51 49 56 44 57 17 24 48 21 28 23 27 56 52 27 18 31 19 46 67 59 3 66 12 22 34 18 64 20 48 23 54 59 43 59 30 48 70 27 36 25 47 58 28 25 12 51 37 29 47 33 27 37 61 68 65 30 48 38 47 16 24 44 31 57 50 55 48 44 30 43 17 75 57 73 29 76 23 19 14 35 23 31 22 25 21 30 26 50 24 70 61 11 30 37 11 60 45 39 59 57 61 43 8 22 10 64 62 42 68 46 51 52 39 41 8 37 20 23 45 14 13 63 46 26 26 32 18 9 54 32 40 60 20 53 31 29 25 31 39 42 43 4 67 34 63 5 55 39 40 58 49 18 56 38 
74 47 38 61 55 40 29 68 102 67 62 32 96 43 93 116 67 81 92 49 57 33 65 49 38 58 95 92 58 87 60 38 29 26 51 26 46 19 95 90 70 51 75 36 83 77 43 45 76 32 55 78 58 88 61 76 40 95 42 69 72 73 38 69 67 43 55 21 100 57 60 38 82 61 55 91 53 34 80 79 105 86 43 71 34 62 59 68 12 52 57 90 97 77 19 71 57 46 105 97 110 37 69 38 63 58 18 45 63 37 63 62 34 62 28 63 103 84 38 56 25 33 45 85 43 59 54 68 87 49 43 37 81 58 84 78 80 86 93 81 77 50 81 31 67 22 38 31 75 45 61 70 74 49 53 90 76 25 84 24 50 43 26 39 62 80 21 87 44 80 14 93 49 97 44 84 98 92 26 58 79 
28 36 93 52 38 53 50 65 94 92 53 60 32 61 67 81 21 52 29 92 41 68 31 51 16 21 21 73 17 75 42 50 75 35 56 42 56 38 37 13 30 12 44 37 77 84 29 77 42 33 8 23 64 21 49 44 32 84 48 69 11 72 87 22 57 33 75 30 38 27 38 47 46 37 18 48 52 14 67 50 67 51 54 61 59 15 6 73 42 76 31 28 47 71 19 58 34 66 33 56 51 95 44 11 16 64 40 32 45 25 19 53 25 76 24 60 63 38 38 62 41 85 24 61 77 77 75 14 27 40 37 70 81 19 79 39 42 28 15 30 25 7 46 8 72 40 43 73 68 30 5 16 31 21 44 2 66 62 50 74 50 55 45 33 18 70 13 30 75 63 57 25 32 60 15 39 23 48 74 20 
9 68 32 23 25 37 64 70 67 37 59 18 57 74 60 43 52 22 67 20 48 25 24 11 48 49 51 40 52 14 31 55 14 28 17 33 49 45 22 25 27 17 39 61 57 10 60 16 15 31 11 56 13 40 31 48 57 36 52 26 45 65 20 32 32 54 58 21 30 10 43 30 36 44 26 25 32 54 61 57 26 41 45 40 17 23 49 38 53 43 55 40 50 24 37 24 67 58 66 36 72 30 19 13 36 30 37 30 18 15 38 31 57 17 63 53 10 37 43 17 58 47 35 54 53 55 40 1 30 18 57 57 43 62 38 44 53 39 45 3 35 27 23 52 12 16 56 42 19 25 27 25 12 47 30 47 53 25 49 39 36 32 37 41 42 41 4 60 40 55 4 50 35 36 52 50 24 51 32 
65 34 19 19 42 72 68 65 29 66 15 64 82 60 48 60 21 63 13 50 23 21 20 57 56 50 49 52 11 23 46 18 21 19 23 58 54 31 24 36 12 48 63 52 9 62 7 21 40 20 62 23 46 26 57 52 41 55 35 41 64 30 30 31 45 65 26 32 6 51 34 34 53 29 20 41 57 70 62 25 45 38 43 23 31 40 35 51 53 62 47 41 34 39 21 75 64 75 30 70 25 26 20 28 27 38 24 27 24 31 33 48 26 71 59 5 35 35 9 53 53 33 53 50 56 49 10 26 12 60 55 50 64 46 52 59 46 48 12 43 20 30 43 8 7 59 39 26 33 36 23 17 55 38 38 58 16 47 34 27 27 37 47 35 49 6 63 30 62 11 59 33 45 61 57 15 50 41 
42 82 47 51 76 7 3 85 73 81 68 95 20 111 74 87 4 73 32 89 44 78 109 115 22 97 21 55 78 87 58 47 51 69 89 84 82 90 86 53 75 34 18 75 34 66 60 92 70 59 72 58 87 94 19 53 37 86 25 16 73 36 97 82 124 56 97 60 66 50 99 103 46 44 89 46 94 54 42 50 90 38 86 91 73 99 18 88 122 60 80 78 36 86 80 126 96 88 9 86 87 81 46 90 103 84 69 74 87 99 89 70 81 55 61 100 83 70 16 115 33 17 16 28 100 68 89 75 46 13 111 34 71 75 121 107 114 71 99 77 91 83 58 63 36 26 64 93 83 89 81 77 95 84 56 67 19 94 79 88 103 109 40 105 69 39 70 71 73 98 33 94 93 117 68 21 85 
53 27 13 46 41 40 62 41 49 38 62 29 72 39 53 42 46 16 56 17 38 67 73 21 55 22 23 55 74 18 29 15 51 49 44 40 56 44 24 35 29 38 41 28 38 19 49 29 32 31 21 60 53 39 14 21 44 28 34 31 13 64 71 82 14 62 28 29 9 67 61 5 21 47 24 56 31 12 15 70 9 48 51 63 69 24 46 80 23 68 36 6 55 50 85 60 63 43 59 48 42 37 61 69 58 27 33 64 63 76 28 48 28 29 68 65 42 38 76 15 25 25 23 57 31 60 46 27 29 71 30 31 36 80 67 76 33 58 52 51 70 26 36 25 20 22 53 41 56 44 39 54 68 28 45 24 68 58 61 69 69 38 63 34 29 56 38 36 56 14 51 53 75 44 22 42 
34 60 88 85 81 15 82 6 81 97 78 41 76 10 79 8 69 9 40 27 59 54 68 55 70 30 12 36 36 34 38 20 70 67 40 11 44 30 62 82 67 13 81 16 38 45 34 80 35 64 7 67 66 59 74 43 56 82 42 48 16 36 61 44 20 25 67 52 17 57 48 37 49 76 82 81 43 64 23 62 22 31 36 17 69 64 58 64 33 45 58 6 91 57 88 13 87 7 27 25 38 8 23 7 41 36 15 22 38 40 86 77 24 18 24 12 68 45 50 71 68 75 53 25 7 7 79 73 45 83 61 67 53 42 37 24 44 9 30 34 27 18 78 57 42 33 46 9 18 70 40 27 76 17 64 15 17 8 22 41 46 50 19 82 27 79 21 68 51 51 72 53 15 68 51 
39 73 51 47 39 67 33 64 87 46 67 63 39 45 26 39 41 10 37 73 74 36 64 38 12 32 47 23 3 17 25 67 62 46 42 51 9 54 52 33 29 51 18 27 55 33 59 36 46 39 68 33 40 45 50 22 49 41 16 49 44 83 28 50 15 53 32 51 68 24 5 56 51 77 58 14 42 46 34 42 49 36 51 36 63 80 47 41 46 29 39 76 83 82 41 53 38 44 38 12 42 56 37 37 38 41 52 50 37 73 55 15 52 39 22 34 72 18 38 34 44 64 26 41 27 54 39 68 53 51 57 78 64 67 28 60 30 48 43 13 16 49 23 33 51 50 41 36 61 55 42 55 21 30 47 34 40 55 66 17 66 24 54 29 64 29 71 19 60 71 75 21 36 54 
33 48 48 71 28 55 24 49 34 71 25 59 52 55 19 62 29 40 61 70 29 48 29 33 65 85 23 42 24 62 38 33 37 62 40 34 24 27 50 47 26 47 22 45 30 20 31 8 67 43 51 2 19 40 41 39 28 26 69 83 79 16 66 36 16 7 73 55 15 33 41 17 44 20 25 4 80 12 50 50 75 75 32 37 77 10 79 31 16 61 37 83 47 72 49 67 49 44 50 67 73 66 25 32 73 66 88 26 35 17 37 74 76 51 50 75 28 33 35 26 52 36 67 53 20 37 69 28 19 24 78 65 77 38 54 62 51 82 35 46 23 32 20 52 36 62 48 27 52 79 16 55 35 76 68 69 73 68 51 59 40 25 68 25 41 47 27 45 42 72 55 30 36 
71 73 101 5 82 8 19 56 86 13 84 78 84 45 87 63 63 65 78 56 53 55 65 95 118 53 75 56 94 30 29 53 86 53 67 28 42 80 74 42 78 50 57 54 17 53 26 96 39 81 32 39 54 73 61 47 60 93 115 85 46 88 67 21 40 97 59 49 67 51 30 25 22 59 31 110 42 72 68 108 100 60 35 84 25 112 46 47 87 4 93 24 101 71 95 69 67 84 94 95 95 47 53 103 88 120 48 7 21 68 98 107 81 79 88 61 59 63 48 58 63 94 82 30 63 82 43 27 23 88 79 95 64 66 92 69 114 66 77 40 64 45 69 49 87 72 21 66 110 20 87 64 104 99 97 95 83 84 67 68 37 100 9 67 42 60 53 33 82 86 57 45 
5 89 68 84 63 90 15 112 70 89 12 77 29 92 46 79 108 115 20 96 19 57 83 93 58 51 52 74 86 81 82 93 86 55 73 29 24 77 29 69 60 91 70 54 72 55 91 92 25 50 32 85 30 10 73 38 100 88 124 55 100 62 62 49 102 102 45 47 88 41 90 49 44 47 95 36 88 92 79 102 17 85 122 57 86 77 35 89 75 127 92 92 2 90 88 82 52 93 106 88 69 74 91 101 95 70 76 50 63 103 88 73 22 117 35 16 17 23 99 70 92 78 41 12 112 28 68 72 122 108 115 73 99 82 92 89 60 67 31 28 63 94 82 92 82 74 96 90 51 72 21 98 84 92 106 110 46 104 71 34 76 66 74 95 34 93 90 117 72 19 83 
85 70 80 65 92 17 110 71 86 7 73 29 88 43 77 107 113 19 95 18 54 78 88 56 47 50 70 86 81 80 89 84 52 73 31 19 74 31 65 58 90 68 56 70 55 87 92 20 50 34 84 25 13 71 35 96 83 122 54 97 59 63 48 99 101 44 44 87 43 91 51 41 47 91 36 85 89 74 99 16 85 120 57 81 76 34 86 77 125 93 88 7 86 86 80 47 90 103 84 68 73 87 98 90 68 78 52 60 100 83 69 17 114 32 15 14 25 98 67 88 75 43 11 110 31 68 72 120 106 113 70 98 77 89 84 57 63 33 25 62 91 81 88 80 74 94 85 53 67 17 94 79 87 102 108 41 103 68 36 71 68 72 95 32 92 90 115 68 18 82 
96 21 94 111 85 54 89 24 81 17 77 22 47 42 74 67 75 70 77 39 7 21 48 38 48 15 85 82 55 24 59 38 76 90 68 28 89 24 51 60 48 92 50 76 10 82 67 71 83 58 59 88 57 55 26 23 74 56 32 35 80 64 24 72 57 44 64 87 97 92 51 75 8 71 38 47 24 20 75 79 71 76 20 60 66 19 104 69 103 4 91 9 42 40 38 15 32 8 55 50 2 34 23 54 100 88 34 25 10 20 70 58 57 77 73 83 68 38 14 19 89 78 58 91 75 81 66 55 47 38 59 9 45 20 36 25 86 62 56 48 61 22 33 84 55 13 88 18 69 10 6 9 31 54 46 65 33 91 18 92 35 84 58 67 87 66 18 75 66 
76 5 22 53 81 8 78 75 79 41 81 57 57 61 73 52 49 52 59 89 112 47 70 50 88 27 25 48 81 48 61 23 39 76 68 39 73 44 52 48 14 47 20 90 35 77 27 36 49 68 58 41 55 87 109 81 40 82 62 15 34 91 55 43 62 46 27 24 19 53 26 104 37 66 63 103 95 56 31 80 19 106 41 43 82 9 89 24 95 68 89 64 61 78 89 89 89 41 48 97 82 114 42 8 18 62 92 101 75 75 83 56 56 59 45 54 57 88 77 27 60 77 41 21 18 84 74 90 58 61 86 64 108 61 72 37 59 39 64 44 81 66 16 61 105 17 81 60 98 94 91 90 78 79 63 63 34 94 3 61 38 55 48 30 77 80 53 40 
75 90 75 37 70 6 78 10 65 8 37 21 53 49 66 49 68 27 17 42 32 34 34 25 64 60 34 9 38 28 56 78 66 8 77 15 33 39 28 75 29 59 13 61 66 54 70 36 56 80 36 45 16 42 56 39 17 21 61 48 18 50 44 36 43 72 76 76 40 59 29 58 16 25 41 20 67 58 53 58 39 38 54 6 85 53 82 19 85 13 21 18 40 12 22 13 35 30 22 19 44 34 80 72 20 19 30 12 68 42 48 69 66 72 47 19 11 6 75 71 40 79 55 61 49 37 35 18 39 14 24 40 24 17 74 55 37 27 39 8 12 64 34 34 71 19 63 21 23 15 22 36 47 44 15 78 32 73 15 62 49 45 66 48 18 66 45 
27 48 82 10 78 70 77 36 81 54 57 64 76 47 51 47 57 87 110 45 67 48 86 30 28 49 80 49 58 24 34 71 67 34 71 42 53 48 9 47 17 89 39 72 24 31 50 64 53 41 51 87 107 84 38 83 59 14 31 91 57 40 58 47 22 29 14 50 22 102 33 66 64 100 94 51 34 83 17 103 42 38 81 13 91 29 94 63 88 64 61 75 88 89 88 41 47 95 82 112 42 13 13 60 92 99 73 71 85 52 51 54 40 56 56 87 75 22 55 79 35 22 19 86 75 91 57 62 84 65 106 58 69 32 55 38 65 45 81 66 18 62 102 12 79 55 97 92 90 90 79 76 65 61 29 92 5 60 42 51 50 34 79 78 48 41 
75 85 23 91 97 94 63 94 77 69 61 75 74 51 74 77 105 129 65 90 69 106 28 30 58 93 55 80 34 61 98 83 61 89 61 58 63 36 61 41 104 35 99 47 58 57 90 80 54 76 98 127 81 58 93 79 34 55 102 56 63 81 52 49 17 41 74 48 119 59 77 72 121 107 78 35 81 39 123 52 64 95 15 90 12 110 90 104 74 73 98 102 99 104 55 60 112 92 131 56 14 40 80 103 118 91 97 87 78 78 81 67 56 72 102 92 49 82 81 62 36 30 86 78 96 73 65 101 73 125 78 89 59 81 55 72 52 94 79 26 67 121 39 99 82 112 110 105 99 82 100 65 78 56 112 24 76 37 76 52 28 79 97 75 47 
101 55 81 23 70 14 83 38 68 95 102 10 82 8 48 78 91 47 47 42 71 71 66 69 84 72 48 58 14 29 68 14 62 48 78 58 39 60 40 85 77 31 36 17 72 29 5 60 30 91 87 111 43 91 54 47 36 94 88 34 41 75 26 74 34 35 32 92 22 77 80 78 95 10 71 109 42 84 64 23 82 60 115 76 87 15 83 77 71 50 86 97 82 56 62 87 91 93 57 61 35 55 95 85 66 28 105 28 8 13 8 85 59 85 71 26 9 100 14 53 57 110 96 105 62 87 76 80 87 51 60 16 23 50 82 69 83 72 59 83 87 36 67 17 92 80 85 97 99 45 91 62 19 73 51 64 80 27 79 75 104 67 10 69 
73 31 110 48 88 32 67 33 28 15 92 33 94 57 53 75 54 69 60 62 57 57 34 30 33 59 58 98 100 38 97 51 52 29 42 85 41 70 44 50 100 70 90 32 88 106 43 74 28 77 20 58 22 52 69 66 30 30 67 68 35 88 68 89 69 75 59 79 25 21 77 36 95 51 17 69 74 41 78 35 87 16 74 50 114 45 24 30 76 39 23 46 46 39 53 20 76 45 81 84 52 31 64 49 101 4 78 96 95 95 29 43 40 44 91 100 5 100 60 63 12 7 11 40 20 50 20 74 54 53 94 85 51 19 37 32 31 65 20 67 83 57 92 46 58 45 24 3 83 20 43 96 68 78 39 49 78 33 57 13 55 93 41 
71 76 73 42 74 54 50 53 65 53 41 53 54 83 106 42 66 46 83 20 17 40 74 40 56 15 43 75 62 42 67 38 44 42 18 40 17 83 28 76 24 37 41 66 60 34 52 80 104 73 35 75 56 10 31 84 47 40 58 38 29 19 23 50 25 98 37 59 55 98 88 57 23 72 16 101 33 41 75 15 81 22 89 70 83 56 54 75 82 82 83 34 40 90 74 109 35 10 21 57 85 95 69 75 75 54 57 60 46 46 51 81 70 30 61 69 44 14 10 76 66 82 51 53 80 56 103 55 66 39 58 33 56 36 74 59 8 53 99 19 76 60 91 88 85 82 70 76 55 56 38 89 5 55 31 53 40 23 69 75 54 32 
84 16 70 3 43 21 49 44 71 46 73 32 22 45 36 41 39 30 64 61 33 3 36 34 57 82 73 12 81 21 37 37 30 78 31 61 14 60 73 58 74 35 62 85 37 51 10 46 51 43 11 27 63 52 14 47 48 42 41 76 76 79 46 63 31 62 14 22 46 16 73 57 48 61 43 39 59 4 86 47 82 21 91 15 18 18 46 11 16 15 37 30 24 13 47 36 81 75 26 15 33 18 74 36 54 74 72 77 44 23 11 13 79 77 35 84 57 62 43 32 28 21 35 19 21 43 29 24 78 61 39 24 39 3 12 65 30 37 74 26 68 21 27 16 16 31 54 40 19 82 37 75 18 60 55 43 65 43 24 71 44 
71 34 86 42 77 109 114 23 97 23 53 75 83 57 44 50 66 90 85 81 87 86 51 76 37 14 73 37 63 59 91 69 61 71 59 84 95 15 54 39 85 22 19 73 35 94 78 123 55 95 58 67 51 97 103 45 42 89 48 95 56 41 51 87 39 84 90 69 96 19 88 121 61 76 78 37 84 82 125 98 85 13 83 86 79 43 87 101 81 69 74 84 97 85 69 83 57 59 98 79 67 12 114 31 19 16 30 99 67 86 73 48 15 110 37 72 76 120 106 112 70 99 74 89 79 56 61 38 24 64 92 83 86 79 78 95 80 58 64 18 91 75 85 100 108 36 104 67 42 66 73 71 98 32 93 94 116 65 22 85 
62 17 32 27 62 59 60 57 62 23 10 35 31 26 31 15 69 65 40 18 45 23 60 75 58 13 74 8 34 47 31 75 34 59 14 67 58 54 67 43 48 74 41 40 24 34 66 39 27 18 63 47 26 59 41 29 50 70 81 75 36 58 25 55 26 35 31 25 61 63 63 59 30 44 51 14 87 64 87 17 79 13 30 26 30 16 31 12 38 35 18 29 37 38 83 72 17 27 23 4 60 52 42 63 60 68 55 21 15 4 73 65 50 76 59 64 60 47 45 22 48 7 34 32 20 10 71 49 39 37 46 17 20 68 43 27 71 9 56 22 15 15 31 47 38 54 16 75 22 75 19 69 43 53 72 58 7 61 51 
73 30 55 80 88 11 68 11 39 70 87 35 41 31 65 57 52 55 73 58 39 43 13 35 58 12 54 35 64 45 28 47 26 76 63 36 21 7 58 29 20 46 23 80 83 97 30 79 44 33 22 84 74 21 33 60 15 61 24 26 18 85 8 65 67 75 85 15 56 95 28 80 50 11 71 49 101 64 79 29 75 64 59 47 77 86 74 42 49 79 80 89 43 49 23 45 85 79 58 34 92 22 15 18 7 71 48 76 62 17 19 87 14 39 43 96 82 93 50 73 68 67 83 42 52 9 21 37 69 55 73 61 45 70 82 24 59 19 84 73 77 85 85 44 77 50 14 68 39 53 66 21 65 61 91 59 12 55 
45 24 51 45 74 49 75 35 21 44 39 42 41 30 67 64 36 2 39 36 60 85 74 15 84 23 40 39 33 81 34 65 12 62 74 61 77 38 64 88 40 53 8 45 52 46 10 29 67 55 11 50 51 44 44 79 79 82 48 66 29 65 16 25 45 13 75 60 49 64 42 42 62 3 90 48 85 19 93 13 21 21 47 8 14 14 40 34 22 12 45 39 85 78 28 12 32 19 76 36 56 77 74 79 46 26 8 14 82 79 36 86 60 65 44 33 28 24 37 18 23 42 31 25 81 63 42 26 42 15 68 33 35 77 26 71 18 26 13 14 32 55 42 22 85 36 78 21 63 57 46 68 44 24 74 47 
35 69 73 28 59 30 10 40 57 17 12 10 34 60 55 42 46 46 9 46 43 32 31 42 24 21 51 28 49 31 37 46 62 33 30 36 46 21 42 35 8 53 54 82 20 53 16 43 23 56 64 14 4 51 41 69 48 4 32 54 25 42 48 46 57 29 56 79 38 51 40 19 43 67 83 73 49 48 45 44 37 21 48 59 44 31 33 49 54 59 31 64 45 17 57 49 28 33 72 11 31 29 36 60 24 47 32 44 34 68 44 43 49 78 64 69 27 58 38 47 53 13 22 40 18 27 50 44 45 36 52 53 51 45 29 25 54 42 47 59 65 23 63 25 44 39 54 29 65 11 55 63 74 29 28 48 
37 38 59 29 61 25 37 62 20 39 26 42 43 39 13 23 17 28 35 66 67 14 65 26 19 20 10 58 10 42 34 40 68 39 58 16 56 73 16 41 29 62 47 25 26 21 42 34 34 33 34 36 22 57 55 60 36 44 50 47 10 12 58 37 61 36 44 41 58 17 45 25 65 48 60 41 81 34 9 4 47 32 33 34 16 9 43 26 64 15 60 56 21 35 50 26 69 37 45 63 62 62 29 10 32 24 60 66 33 68 36 40 43 29 37 8 23 34 12 59 23 27 62 52 20 15 18 24 9 43 18 54 55 35 59 42 43 36 33 31 54 29 14 65 49 54 9 41 45 25 45 39 33 60 24 
14 88 12 89 61 71 95 52 76 60 77 34 36 27 49 23 64 40 88 102 50 87 63 49 18 41 69 38 57 64 26 102 59 80 23 90 100 35 74 51 96 20 53 44 58 53 59 54 6 63 71 20 76 44 74 69 64 81 72 36 27 94 60 91 29 20 55 92 31 73 54 65 29 49 70 110 64 32 37 84 60 48 65 39 36 73 42 97 39 59 70 58 55 83 62 102 27 78 92 92 87 9 47 60 58 78 96 22 89 44 44 25 21 39 45 14 67 28 93 60 64 84 84 45 25 26 51 42 45 19 86 68 71 90 69 76 65 49 25 90 8 51 85 84 59 46 24 77 15 33 18 69 89 25 
94 24 96 63 66 89 57 77 64 74 48 48 33 43 30 66 52 97 105 48 96 61 54 24 45 81 42 67 57 40 106 68 89 29 94 108 42 79 42 90 9 59 36 59 64 66 45 19 69 74 29 86 58 85 73 73 73 80 33 25 90 51 97 42 7 65 87 38 79 48 78 15 63 64 116 58 30 36 85 52 38 59 45 40 67 34 90 45 72 80 59 46 77 59 106 14 82 99 98 95 19 48 53 55 88 102 10 99 55 56 11 12 26 46 15 63 26 87 61 62 93 89 51 23 33 45 40 57 19 80 79 68 96 61 71 58 39 14 91 11 50 94 81 71 45 38 82 25 47 4 66 95 35 
76 2 38 68 82 38 37 33 61 67 62 61 74 65 38 53 19 24 59 19 52 40 71 50 39 52 36 74 72 25 31 17 65 20 14 52 20 81 77 104 35 81 44 44 29 85 82 25 31 68 26 72 35 25 28 82 16 68 71 69 85 4 66 101 38 75 57 15 72 60 106 75 77 21 73 68 62 40 76 87 72 48 54 77 82 84 49 60 34 45 86 75 56 23 96 18 4 7 10 78 50 75 61 27 8 92 20 49 53 101 87 96 53 79 66 72 78 42 50 18 13 43 73 62 74 63 55 75 77 35 57 9 82 70 75 87 90 37 84 52 23 64 50 55 75 17 72 71 96 57 1 63 
77 52 66 91 42 67 49 71 24 24 18 47 13 55 28 75 91 44 75 56 38 9 31 57 28 44 61 16 91 46 67 14 79 88 24 63 50 91 32 41 44 50 40 46 55 6 51 61 8 63 34 61 58 51 78 60 32 24 88 60 79 18 31 42 88 19 61 51 54 39 40 68 97 61 28 31 76 58 50 62 28 26 70 43 93 28 48 57 50 55 79 56 91 35 67 80 81 75 5 39 58 53 65 84 29 77 31 32 35 26 44 37 14 63 25 89 51 56 71 73 33 23 14 49 37 33 17 83 56 65 79 67 72 62 50 31 81 14 43 72 79 47 38 15 66 4 23 28 63 76 12 
40 70 84 40 39 34 63 67 62 62 76 66 40 54 18 25 61 17 54 41 72 51 38 53 36 76 73 26 31 16 66 22 12 53 22 83 79 105 36 83 46 44 30 86 83 27 33 69 25 72 34 27 28 84 17 69 73 71 87 4 66 103 39 77 58 16 74 60 108 75 79 20 75 70 64 42 78 89 74 50 55 79 84 86 50 60 34 47 87 77 58 24 98 20 4 8 9 80 52 77 63 26 8 93 18 49 53 103 89 98 55 80 68 73 80 43 52 17 15 44 75 63 75 65 56 77 79 35 59 10 84 72 77 89 92 38 85 54 22 66 50 57 76 19 73 71 98 59 2 64 
32 53 12 15 8 29 56 52 34 35 39 3 44 52 42 20 51 15 16 43 21 53 24 39 37 57 43 33 44 38 31 53 29 18 43 50 72 19 43 5 44 25 46 56 18 10 44 47 67 53 13 36 47 32 31 38 43 46 40 51 69 39 46 34 28 33 68 73 72 40 59 36 33 27 24 38 49 35 25 26 41 44 55 25 65 50 6 47 42 19 44 61 21 42 39 45 52 14 37 23 50 44 58 53 41 47 68 54 59 17 49 29 37 49 3 13 48 28 22 40 38 35 26 51 44 46 49 22 36 45 35 38 48 55 29 55 14 52 35 55 18 59 22 48 60 64 21 39 42 
25 42 31 41 10 80 76 50 23 55 31 70 83 62 23 82 17 44 56 42 85 44 70 10 77 61 64 76 53 53 81 51 48 26 25 73 49 31 28 74 57 26 68 50 37 60 80 92 85 44 68 15 64 34 43 24 23 68 74 70 70 21 54 59 18 98 69 97 9 85 9 38 35 32 15 33 8 49 45 9 33 26 48 94 82 27 26 13 13 64 57 50 70 66 76 64 32 14 13 82 71 57 84 69 75 65 54 48 32 56 3 42 22 29 18 79 55 50 45 56 21 29 78 51 16 81 11 62 15 5 10 32 53 40 62 26 84 15 85 29 79 51 63 82 65 11 68 61 
64 45 61 23 105 101 75 46 80 51 94 100 69 48 99 39 67 81 66 106 69 92 31 102 68 86 93 78 63 93 76 64 47 5 95 71 53 50 97 78 45 93 70 53 85 99 116 105 62 89 16 82 59 68 14 40 81 99 92 92 7 79 77 41 121 90 122 25 95 30 63 60 41 36 53 30 73 70 22 55 2 73 117 102 49 45 12 37 71 79 65 83 78 91 89 56 35 38 101 83 79 100 93 99 87 77 68 57 81 28 67 4 51 40 97 68 73 69 81 44 54 102 76 8 102 30 74 29 19 30 52 75 47 86 51 101 18 108 54 104 66 88 107 87 31 82 86 
26 7 41 44 39 25 39 29 15 31 47 49 24 46 25 4 34 12 43 14 28 44 45 49 23 38 29 37 52 18 21 46 62 66 7 44 14 32 16 50 47 13 20 33 40 54 44 16 27 57 26 29 33 56 52 41 39 64 28 58 23 24 38 56 68 59 49 60 43 30 24 35 44 51 43 14 17 50 44 66 14 53 40 15 51 53 28 50 58 25 42 41 42 43 13 43 30 43 46 53 48 29 35 63 49 58 15 41 38 33 60 13 24 42 32 10 35 27 39 25 38 37 57 39 34 39 52 46 45 50 51 40 47 17 46 47 44 18 48 25 38 47 58 32 39 31 
20 24 70 66 49 43 54 12 57 54 32 30 53 19 30 58 36 62 39 49 39 72 32 43 47 53 21 50 44 18 50 42 86 31 52 17 56 35 52 71 26 8 59 53 80 60 17 45 45 37 44 51 34 51 37 66 83 50 39 49 31 40 79 85 85 41 53 38 47 40 9 42 57 37 40 41 40 53 48 40 76 58 18 53 38 23 33 74 19 39 35 46 67 28 41 28 56 40 71 55 55 60 81 67 69 31 63 30 51 41 16 17 51 24 37 53 53 42 38 64 58 40 58 20 31 46 33 40 56 68 14 69 26 56 27 67 31 74 20 63 74 77 20 37 57 
38 50 45 32 42 37 10 37 44 42 26 43 24 11 42 19 44 21 30 45 52 42 24 36 36 30 47 25 15 49 59 73 11 48 13 36 16 52 54 10 13 41 39 60 44 9 27 56 24 35 39 52 54 35 46 70 31 55 30 20 40 60 75 64 49 54 44 36 29 29 46 55 43 21 24 49 49 64 21 56 41 14 53 51 27 42 64 18 36 35 38 50 17 45 31 41 40 60 45 34 40 70 55 63 20 48 38 39 58 11 22 40 25 17 41 34 41 30 43 44 55 40 31 32 53 44 46 54 58 33 54 19 44 44 47 22 55 18 45 54 65 30 33 38 
82 78 54 32 59 27 71 78 52 27 77 16 44 62 44 83 47 68 21 81 52 62 71 58 44 74 53 41 36 21 81 48 41 26 73 54 36 74 47 31 64 76 94 82 39 65 21 59 41 50 16 34 61 77 78 69 17 57 54 27 97 78 99 19 76 20 45 41 23 26 43 18 51 48 17 43 25 50 94 79 26 37 14 15 54 66 43 63 59 70 70 34 24 19 78 64 65 78 70 75 74 62 58 35 63 12 49 19 27 17 74 48 50 52 60 30 35 79 58 17 78 7 55 25 9 21 42 61 30 69 29 79 7 85 33 83 44 68 85 73 8 61 65 
5 30 65 27 59 14 61 87 57 60 66 40 29 38 38 35 31 77 8 88 35 54 29 77 77 28 61 70 103 55 39 64 56 23 40 74 29 48 63 23 47 12 43 57 39 94 50 50 43 98 79 71 6 54 28 100 25 53 68 30 63 18 84 87 77 46 46 80 75 71 77 31 34 86 63 107 32 24 39 57 75 93 67 87 59 64 71 73 63 29 48 75 66 49 75 53 62 18 14 59 50 67 47 37 76 45 101 56 65 57 69 33 43 25 67 52 12 38 96 38 75 72 85 85 79 71 54 83 38 53 56 89 25 50 11 63 24 4 52 73 68 19 
27 62 25 54 9 56 82 53 56 61 35 28 34 34 31 26 74 11 83 31 50 26 72 72 24 56 68 99 56 34 62 52 19 35 72 30 43 58 22 43 15 39 52 34 90 45 47 41 94 76 66 6 55 24 96 22 48 65 30 63 21 80 82 74 43 43 75 72 69 74 27 31 82 61 103 28 24 36 52 73 89 63 82 59 59 66 68 58 29 44 72 62 45 70 53 58 13 10 59 50 66 43 37 72 43 97 52 61 53 64 29 42 22 64 49 9 37 92 34 71 67 82 81 75 69 54 78 38 49 52 85 23 46 14 58 24 9 52 69 63 17 
35 5 37 25 65 74 27 64 38 21 9 13 51 10 36 47 27 74 35 56 4 62 74 9 46 40 75 42 26 35 32 35 33 44 22 36 44 10 54 42 54 41 41 63 46 19 15 71 48 64 24 40 34 71 7 46 37 55 46 48 53 83 47 16 15 58 44 41 47 12 8 56 34 77 12 50 50 32 45 63 39 75 37 50 65 65 62 18 21 44 37 57 69 32 66 27 30 41 28 42 19 17 47 16 72 33 39 60 57 18 16 5 36 21 33 14 67 49 47 63 54 56 48 42 31 63 22 25 62 62 45 21 28 50 14 32 35 45 62 11 
38 37 59 85 76 15 85 24 40 38 32 80 33 64 14 61 75 61 77 36 65 88 39 54 7 47 50 46 8 30 66 55 11 48 51 45 43 79 78 82 49 66 31 65 15 23 47 13 76 59 47 64 44 41 62 5 89 46 83 21 94 15 19 20 49 10 13 16 39 33 24 10 47 38 84 78 29 12 34 21 77 34 57 78 75 80 44 26 10 15 82 80 34 87 59 64 42 31 26 24 35 20 22 44 32 26 81 64 42 24 40 2 14 67 31 37 77 28 72 20 28 15 13 30 56 40 22 85 38 77 21 62 58 44 67 42 26 75 46 
42 25 67 78 32 66 43 26 5 18 52 15 38 51 23 79 38 59 1 67 78 12 51 42 79 39 30 37 37 35 36 47 17 40 49 5 56 39 55 46 43 67 50 22 16 76 51 68 21 37 36 76 8 50 41 54 43 45 57 87 51 18 19 63 48 43 51 16 13 60 36 81 16 48 51 37 48 68 43 79 36 55 69 69 65 13 26 48 41 59 73 30 69 27 30 38 26 42 24 14 51 17 77 38 43 63 61 22 16 4 39 25 32 13 71 50 52 67 57 60 52 43 30 68 19 30 65 66 45 26 24 54 9 29 32 50 66 8 
46 52 40 22 51 15 19 46 24 55 27 41 37 60 40 35 44 41 29 52 32 17 44 48 75 21 44 7 46 27 47 59 19 8 47 48 69 54 13 38 46 32 34 40 41 47 39 54 72 41 45 37 28 34 70 75 74 40 57 36 36 30 21 38 50 35 28 29 40 45 53 28 67 51 7 48 41 19 41 64 20 41 38 45 55 17 37 23 51 43 60 53 44 50 70 56 60 20 51 29 40 47 5 13 48 27 25 42 41 36 28 53 47 44 51 21 34 45 34 38 50 58 26 57 16 52 33 57 20 62 21 51 62 67 20 38 45 
49 73 48 48 55 27 29 28 29 26 18 69 19 74 22 41 26 63 63 19 47 65 93 60 26 60 45 12 26 69 34 34 50 23 36 22 33 43 25 85 36 44 40 87 73 57 13 59 15 89 18 39 60 30 67 27 75 73 69 41 39 67 68 67 69 21 26 77 59 96 22 24 29 45 70 83 57 73 60 50 57 59 50 32 38 67 57 38 61 54 50 4 5 62 51 67 38 38 67 41 91 44 54 45 55 21 41 21 60 45 8 38 86 28 64 58 77 75 71 67 55 70 41 43 45 78 20 41 22 49 26 18 55 63 54 17 
43 70 1 67 47 73 56 25 57 31 89 68 45 29 8 67 40 19 55 36 93 96 106 41 91 57 37 32 96 82 34 47 69 13 62 20 39 24 98 20 76 77 87 98 22 62 104 33 93 59 24 84 46 111 64 92 29 88 75 70 59 90 98 87 52 59 92 91 102 53 47 22 58 97 92 71 42 102 35 21 26 9 79 60 89 75 12 24 97 1 44 46 106 93 104 62 82 81 78 96 55 65 4 32 47 79 63 85 73 48 79 95 23 72 29 97 86 90 98 96 56 86 63 5 81 38 65 71 33 73 65 100 72 20 63 
62 43 51 52 84 61 63 63 58 71 91 1 52 42 78 11 28 66 27 82 64 114 49 84 47 66 47 84 96 39 32 82 51 94 59 32 50 73 38 74 80 55 83 21 84 112 60 62 71 34 72 84 115 97 71 26 70 76 70 29 74 89 68 62 66 70 85 71 62 83 59 48 85 65 55 2 104 24 22 17 34 92 57 73 60 52 19 101 43 69 74 111 96 101 60 90 61 80 65 45 49 43 18 57 82 76 74 68 77 86 66 59 51 15 77 62 72 89 98 22 96 56 47 52 73 61 94 24 87 91 107 52 23 79 
69 13 25 34 20 66 22 50 21 54 62 46 62 30 50 73 29 39 22 47 56 31 22 15 53 40 26 46 36 30 37 64 69 67 34 51 36 50 14 23 44 28 60 51 53 50 43 31 47 14 77 55 74 27 79 21 18 13 37 20 28 20 27 22 29 23 49 26 72 64 14 27 36 12 63 43 42 62 60 64 42 11 19 9 67 65 40 71 48 53 50 37 38 10 36 19 22 45 17 14 66 49 29 25 33 15 8 56 31 39 63 21 56 29 28 22 28 37 44 42 7 70 34 65 7 56 42 40 59 48 19 59 38 
66 46 72 55 25 56 30 88 67 44 28 7 67 39 19 54 35 92 95 105 40 90 56 36 31 95 81 33 46 68 13 62 20 38 23 97 19 75 76 86 97 22 61 104 32 92 58 23 83 46 110 64 91 29 87 75 69 58 89 97 86 51 58 91 90 101 52 47 21 57 96 91 70 41 101 34 20 25 8 78 59 88 74 12 23 96 2 44 46 105 92 103 61 81 80 77 95 54 64 3 31 46 78 63 84 72 47 78 94 23 72 28 96 85 89 97 95 55 85 62 5 80 38 64 71 32 72 64 99 71 19 62 
28 46 27 68 30 53 22 64 51 47 59 42 40 66 37 32 31 37 69 32 33 11 57 40 33 59 33 21 48 63 77 68 28 51 32 47 27 36 33 33 53 60 66 53 34 41 43 20 82 68 82 25 71 21 31 26 24 24 38 20 34 31 25 34 41 33 77 65 10 34 28 4 53 56 34 55 52 60 55 17 23 9 65 57 54 68 53 59 63 50 50 18 49 14 35 36 12 2 63 41 33 38 43 23 21 62 44 32 64 9 48 30 21 23 37 50 32 55 12 67 23 69 17 66 35 52 68 61 7 52 48 
31 10 41 12 25 46 41 53 21 38 25 41 54 14 25 47 65 63 6 44 17 29 15 51 44 14 24 30 39 50 42 19 26 60 27 29 31 60 53 43 35 61 25 62 19 25 39 53 66 55 51 62 45 29 23 40 46 51 45 10 14 52 44 70 10 49 38 18 52 57 31 53 56 28 44 44 42 40 14 45 32 42 48 51 48 25 31 61 47 57 16 39 41 31 64 17 27 42 35 6 33 24 40 26 35 35 60 37 37 41 54 49 47 51 50 44 44 18 45 51 41 19 44 28 34 43 56 36 41 27 
23 57 20 43 51 23 84 43 65 5 72 84 18 56 41 81 33 35 35 41 40 42 46 13 46 53 6 61 41 61 51 49 68 55 23 14 78 50 74 23 31 41 78 14 56 41 58 38 47 58 92 52 18 21 67 48 41 52 22 18 61 34 83 21 52 57 41 47 69 46 85 31 60 75 75 71 9 30 48 43 64 79 25 74 32 34 33 22 38 28 9 53 16 79 42 47 68 67 27 14 9 39 27 36 9 73 55 55 73 58 62 53 42 26 72 13 34 70 69 49 29 24 59 6 30 27 53 71 12 
48 3 32 41 37 61 29 48 17 49 64 9 34 39 65 54 15 36 19 33 24 43 35 24 30 23 47 49 50 28 34 56 37 20 21 60 46 53 32 51 31 61 13 35 33 57 56 55 47 72 41 19 14 45 40 43 41 7 5 49 36 68 6 52 46 19 44 55 29 62 46 37 54 53 52 32 10 39 29 50 57 41 57 27 33 51 37 47 10 29 38 21 63 20 27 52 44 10 23 17 33 18 36 25 58 45 37 51 49 47 43 43 40 50 35 15 55 51 45 13 39 37 27 41 46 35 50 21 
48 16 87 46 64 20 22 53 56 44 43 45 87 103 89 36 84 57 17 28 91 63 35 53 52 13 38 5 45 17 100 26 68 66 96 94 43 40 88 17 100 44 32 80 21 95 38 92 54 87 66 62 70 87 91 86 42 49 93 84 108 43 22 4 58 92 96 71 62 88 46 42 46 31 61 55 86 74 13 46 82 26 25 25 91 79 93 57 67 82 67 102 55 67 23 47 38 67 48 81 66 25 65 99 4 76 47 96 89 89 91 82 69 70 60 20 88 13 60 49 45 55 41 84 75 40 45 
32 43 34 64 29 49 14 52 66 7 36 39 67 51 17 36 22 32 25 44 32 26 33 20 48 47 50 31 34 58 38 20 20 63 47 55 30 49 31 64 10 37 34 55 54 53 49 74 43 18 14 48 41 43 42 6 2 51 36 71 5 51 46 22 45 57 31 64 44 40 56 56 54 29 12 41 31 51 60 40 59 26 31 49 35 46 12 27 41 20 66 23 30 53 47 10 21 14 34 18 34 23 61 45 39 53 51 49 44 43 38 53 32 18 55 54 44 14 36 39 24 38 44 38 53 18 
72 37 59 6 23 38 49 46 27 34 71 89 76 20 68 42 8 14 75 51 23 41 38 18 36 18 33 8 85 20 52 50 82 78 40 31 74 2 86 29 24 64 29 81 39 77 56 71 50 46 58 71 75 70 26 33 78 68 94 27 27 14 43 76 81 56 58 74 37 40 43 32 48 39 70 58 21 44 68 32 13 16 76 64 78 41 52 67 51 88 41 52 27 40 22 52 34 65 50 19 50 85 13 61 43 80 74 73 75 68 59 56 44 27 74 17 44 40 35 42 35 70 60 37 32 
74 71 67 81 49 61 88 50 54 16 33 64 51 22 32 75 60 15 62 55 43 56 84 89 88 50 71 17 69 28 37 33 12 75 71 61 71 30 52 65 10 98 59 95 6 93 1 33 31 42 5 23 2 48 43 9 24 32 48 94 84 31 16 20 18 73 48 57 77 74 82 59 32 4 14 86 79 48 90 69 74 56 45 38 31 50 10 36 30 34 24 85 63 50 38 53 12 25 77 45 23 84 20 70 8 14 1 22 44 50 55 27 89 26 86 28 75 57 58 79 56 19 75 58 
91 41 61 24 80 83 28 64 65 102 46 42 59 56 30 44 70 21 51 65 18 54 18 50 60 45 91 55 45 38 97 74 76 6 46 34 98 23 58 64 39 55 24 80 93 74 41 42 81 71 65 74 31 33 83 58 104 32 32 47 56 70 90 65 91 51 67 76 78 69 21 47 71 64 56 80 45 69 23 21 51 43 61 46 30 74 40 99 57 65 64 72 35 38 21 62 49 20 32 94 45 74 77 81 83 75 66 47 85 30 52 64 88 34 48 3 66 17 7 44 72 73 16 
53 43 78 12 30 67 28 82 63 115 50 84 47 67 48 84 97 40 32 83 52 95 60 33 51 72 39 74 80 54 83 22 85 112 61 61 72 35 72 85 116 98 71 27 69 76 70 29 74 89 68 63 66 70 85 70 63 85 60 48 85 64 55 3 104 24 23 18 36 93 57 73 60 53 21 101 44 70 75 111 97 101 60 91 61 80 64 45 49 44 19 58 83 77 74 68 78 86 66 61 51 17 77 61 71 88 98 21 97 56 49 52 74 61 95 25 87 92 107 51 25 79 
21 38 42 42 26 28 68 83 77 15 65 36 14 7 72 53 16 34 39 18 42 21 26 5 80 14 49 49 76 74 35 34 75 8 80 29 18 60 36 81 45 72 51 66 48 43 51 67 72 66 24 31 73 65 88 25 34 17 37 73 76 51 52 73 30 35 37 28 50 35 66 53 21 39 67 30 17 22 77 63 76 37 53 61 50 82 35 46 25 34 19 50 34 61 47 25 50 79 16 56 37 75 68 68 72 67 52 57 40 26 68 23 40 44 29 43 40 71 55 32 33 
59 36 22 47 29 84 89 98 32 82 49 30 23 88 74 26 40 60 9 57 17 32 16 91 12 68 69 81 90 21 54 96 26 86 50 16 76 43 102 59 84 32 80 67 61 53 82 89 79 44 50 85 83 96 45 44 18 50 89 85 63 41 93 29 20 24 9 71 51 81 67 10 24 88 9 37 40 97 84 95 54 74 73 69 89 47 57 4 28 38 71 55 77 64 42 71 88 19 65 26 89 79 82 89 87 51 78 55 8 75 34 56 64 27 65 58 92 65 18 55 
66 78 12 50 41 78 38 30 35 36 36 36 45 18 40 48 6 56 41 56 45 43 66 50 21 14 74 50 68 22 37 37 74 8 50 39 55 43 47 56 87 49 17 18 62 46 42 50 16 12 58 34 80 15 50 52 36 46 66 42 79 35 54 69 69 65 14 25 46 40 59 73 29 69 28 31 38 25 41 23 14 50 16 76 37 42 63 61 22 15 5 38 24 33 12 70 51 51 67 56 59 51 42 29 67 19 29 65 65 46 25 25 54 10 30 32 49 66 9 
30 55 16 72 58 103 38 73 36 57 37 74 85 29 20 71 45 84 53 21 42 65 30 63 69 49 73 18 74 100 50 56 60 25 61 77 104 88 62 32 60 65 58 22 64 78 59 51 54 61 74 65 51 75 52 36 75 58 44 12 93 13 20 15 31 81 45 63 50 47 20 89 40 59 64 99 85 89 48 79 52 68 59 33 38 38 8 46 71 65 64 57 67 74 60 52 42 12 68 53 62 78 86 16 84 45 43 46 65 49 83 14 75 81 95 42 20 67 
65 34 96 89 117 48 95 58 53 41 99 94 39 44 80 31 80 39 39 38 95 28 82 85 80 99 13 76 115 48 86 70 28 86 65 120 82 90 10 87 82 76 52 90 102 86 62 68 90 96 96 62 66 40 59 100 88 70 27 110 31 11 15 13 91 64 89 75 31 10 106 18 59 62 115 101 110 67 92 79 86 89 56 64 21 26 56 87 75 88 77 64 89 90 41 70 19 96 83 89 101 104 47 97 66 24 76 56 69 86 31 85 81 110 70 13 75 
39 45 74 51 17 41 28 27 24 50 29 27 38 16 44 40 45 34 31 65 37 25 23 70 53 55 23 49 26 71 5 37 41 49 55 46 56 74 50 23 19 53 48 48 49 4 6 58 41 78 4 44 41 28 51 64 38 67 47 42 57 57 53 26 19 48 38 47 60 41 56 19 24 50 37 50 19 27 48 24 73 28 37 51 49 9 24 9 40 25 27 24 68 40 46 55 57 56 51 48 40 58 31 25 53 60 38 21 30 42 20 31 45 44 53 13 
61 60 88 22 61 24 42 21 64 69 13 11 55 35 69 43 5 28 62 19 49 54 52 65 21 58 85 36 57 44 13 51 64 89 73 57 40 53 50 44 24 56 67 52 35 38 57 62 66 35 62 41 25 65 56 36 28 79 3 23 21 28 65 31 55 41 38 25 75 36 43 48 85 70 77 34 63 46 54 60 21 30 32 10 30 56 49 53 44 52 59 58 41 37 17 62 50 55 67 72 24 69 32 37 45 51 36 67 3 59 65 80 37 20 51 
49 48 53 6 37 72 62 4 50 59 52 47 86 82 89 56 73 31 72 20 27 50 9 83 63 45 70 46 46 69 10 95 43 88 22 101 17 24 25 55 11 7 18 45 39 25 8 48 44 89 85 36 5 36 27 84 32 64 85 82 87 47 33 12 22 89 87 32 94 65 70 40 30 21 31 37 24 25 46 39 33 88 71 49 27 45 8 21 73 33 39 84 33 79 18 30 17 6 28 62 42 29 92 42 83 28 65 65 48 71 40 32 82 51 
97 69 55 48 94 75 47 93 67 50 85 95 115 102 58 86 19 79 59 68 9 42 76 97 94 90 3 78 73 42 118 92 120 27 90 32 63 60 37 38 55 31 72 69 24 57 7 71 115 99 47 47 13 36 66 81 61 78 74 87 89 55 37 38 98 79 81 96 91 97 89 78 70 56 81 28 67 3 48 38 93 64 71 70 80 45 54 100 76 10 99 28 70 31 19 32 54 77 42 87 49 98 15 106 53 103 62 87 106 89 30 77 85 
68 42 68 72 75 50 26 78 83 37 94 64 93 82 82 79 89 42 34 97 56 106 50 3 74 94 47 89 55 85 10 69 70 125 65 39 45 93 59 43 66 55 49 73 40 96 54 79 89 68 51 84 67 115 16 91 108 107 104 27 57 60 62 97 111 16 108 63 64 9 19 29 55 24 70 34 94 70 71 102 98 60 32 42 52 48 65 28 87 88 76 105 66 78 65 44 20 100 20 59 103 88 79 54 44 91 34 53 8 74 104 43 
50 21 25 9 57 47 10 24 33 33 49 36 18 20 64 21 35 37 63 59 38 36 66 20 65 22 20 45 49 71 53 56 57 51 34 29 40 51 57 50 13 19 57 50 74 14 46 32 22 58 61 35 50 62 25 39 39 37 43 20 50 37 36 43 57 42 23 29 66 53 63 22 43 46 37 68 20 31 36 31 8 39 27 46 32 32 40 64 32 41 37 60 53 53 57 55 43 49 24 39 54 36 25 45 25 38 43 61 40 36 29 
37 68 59 10 44 57 53 41 83 77 86 56 70 37 71 16 21 55 15 83 58 39 67 52 41 68 13 90 37 82 28 102 23 18 22 57 17 7 24 42 35 31 2 54 41 85 82 36 11 42 30 85 26 65 84 82 86 41 31 18 24 86 87 26 92 61 65 34 24 17 28 31 29 19 52 39 35 87 71 46 21 40 10 18 68 27 45 81 37 79 25 36 23 7 22 65 35 29 90 47 79 26 59 65 42 66 34 35 81 45 
46 29 40 54 23 15 42 52 67 57 18 40 43 37 27 34 42 41 45 51 65 42 44 32 33 27 71 68 72 35 64 31 29 23 26 33 43 30 25 24 36 38 52 24 67 53 1 41 39 14 48 57 27 47 45 50 50 11 32 18 55 50 53 58 43 49 63 49 53 13 45 25 33 46 2 10 53 34 23 36 36 29 21 52 40 43 53 19 41 40 32 33 43 51 32 51 9 57 33 58 13 58 27 46 60 60 18 44 41 
21 77 46 29 48 35 24 28 21 40 16 89 28 52 50 88 80 48 24 71 6 91 28 32 67 24 78 31 80 63 74 50 46 65 74 75 74 26 33 81 68 99 27 20 17 47 78 86 60 66 71 44 48 51 39 44 42 73 61 26 52 65 38 8 9 74 62 77 43 50 71 51 93 46 56 33 48 24 51 31 67 51 11 48 89 15 66 51 83 78 76 75 66 66 52 47 33 79 11 46 34 43 38 27 67 65 45 28 
66 53 8 27 39 24 47 28 19 11 72 13 44 45 68 68 32 37 73 15 72 28 14 54 44 79 51 64 50 59 43 38 44 60 66 58 20 27 65 60 80 21 41 24 30 67 68 43 47 70 24 33 34 29 49 29 59 46 27 37 65 33 22 27 74 61 72 31 51 54 46 74 27 38 27 29 15 47 33 55 41 30 48 71 24 48 33 68 61 61 66 64 45 55 33 30 60 31 34 47 23 43 44 69 47 30 34 
54 62 55 51 90 87 93 59 77 29 76 25 31 49 5 86 68 48 74 44 51 73 13 99 45 92 20 104 17 28 30 56 10 8 18 50 43 23 12 46 49 94 89 39 1 34 29 86 34 67 88 85 91 51 37 12 24 93 90 35 98 70 74 42 34 23 35 41 25 30 44 43 35 92 74 53 31 50 11 25 77 38 37 88 34 81 16 30 16 7 31 64 46 33 96 42 88 32 70 68 52 76 43 33 85 55 
57 66 13 69 39 67 63 58 79 66 34 25 91 59 85 23 25 49 90 25 67 52 59 34 44 69 103 63 29 33 80 58 48 63 34 30 72 42 95 33 53 63 54 55 81 58 97 31 72 86 86 81 4 43 59 55 72 90 25 83 38 38 30 23 41 41 12 65 26 91 55 60 77 79 39 23 20 50 39 39 17 84 62 67 85 68 74 63 49 27 85 9 47 78 81 53 42 19 72 9 28 23 65 82 19 
18 43 29 56 34 10 18 66 14 43 46 60 64 28 45 76 24 64 32 11 50 52 81 60 59 47 54 43 37 35 56 64 53 23 29 59 58 73 24 50 31 24 63 61 37 40 71 16 29 29 28 54 26 55 41 32 33 66 35 30 35 76 62 71 28 53 48 46 66 21 32 30 21 18 48 37 51 39 39 50 64 31 41 27 63 54 56 64 65 36 59 29 34 52 40 31 54 15 48 52 71 40 26 39 
53 45 73 52 8 36 51 29 42 48 42 55 31 59 80 42 46 43 23 42 71 83 77 46 49 42 44 38 17 46 58 41 34 35 46 54 55 34 68 49 16 55 45 25 33 72 13 33 30 39 62 25 44 31 48 35 69 47 47 52 79 64 69 28 59 35 48 49 13 19 43 19 30 51 47 44 36 56 55 48 49 26 26 51 39 44 58 66 20 65 24 48 35 58 29 68 14 57 67 75 26 31 51 
57 35 55 50 44 73 52 27 20 81 56 71 17 36 36 81 11 53 46 52 43 41 62 90 56 23 24 68 53 47 56 20 18 65 40 87 19 46 51 42 52 73 49 83 37 58 72 73 67 10 31 53 46 59 76 31 70 26 28 38 28 44 29 15 56 21 82 43 49 64 65 25 20 6 44 31 30 15 77 50 57 71 62 65 57 47 32 73 17 36 66 72 43 31 19 58 4 24 32 55 69 6 
49 8 37 13 95 16 67 68 87 92 30 48 93 20 92 47 22 78 34 100 51 88 41 83 66 61 60 84 90 82 42 49 88 83 101 43 35 9 53 91 90 66 50 91 36 29 33 18 67 53 83 69 3 33 86 14 31 33 95 82 95 55 71 77 68 95 50 61 10 36 37 69 52 79 65 34 68 93 10 70 35 92 83 85 90 85 59 74 57 9 80 25 58 58 34 61 51 89 69 27 51 
43 66 44 106 56 62 55 110 91 76 18 64 34 111 37 60 80 23 73 5 96 90 89 58 58 89 87 83 89 43 46 98 76 118 43 18 40 68 87 104 79 94 70 71 76 79 66 39 59 87 78 50 80 64 64 25 20 69 61 79 59 49 88 57 113 67 77 59 76 44 55 37 79 64 17 50 108 39 86 79 97 97 91 83 65 92 48 65 58 100 24 62 20 70 36 11 62 85 73 31 
43 16 100 24 70 69 94 95 38 45 92 19 99 47 29 81 26 99 44 93 49 87 68 64 68 88 93 87 44 51 93 86 107 45 27 4 58 94 96 71 58 92 43 38 42 26 65 56 87 74 8 41 86 21 29 29 94 82 96 58 70 82 69 101 55 66 18 44 40 70 51 82 68 30 68 99 5 76 43 96 89 89 93 86 67 73 61 15 87 18 61 54 42 59 46 88 75 36 49 
28 59 20 44 48 51 60 26 54 80 34 55 39 15 46 63 84 70 53 45 49 45 38 25 51 62 48 30 33 53 57 64 30 60 41 19 60 53 32 33 73 9 28 26 32 60 26 50 36 39 31 69 40 40 45 79 65 71 29 58 42 48 58 16 26 35 16 25 51 43 48 38 49 54 56 41 33 23 58 47 51 62 67 26 64 27 40 43 50 30 63 9 54 61 75 33 25 46 
83 12 54 54 79 79 32 38 80 10 82 34 16 65 35 87 47 76 47 71 53 48 53 71 77 70 29 36 77 70 91 30 33 13 41 78 79 55 50 78 30 32 35 24 55 40 71 57 16 36 73 25 21 25 82 69 81 42 58 65 55 85 39 50 19 33 24 56 39 66 52 27 55 82 13 59 35 80 72 73 77 72 53 62 44 21 71 23 45 48 29 48 43 76 58 29 38 
79 45 54 24 24 82 87 76 85 17 68 74 27 113 74 111 10 97 16 50 48 43 21 37 16 64 59 7 39 17 63 109 97 42 29 8 29 75 63 64 84 80 90 76 47 20 27 98 85 64 99 84 89 71 61 52 46 67 18 53 16 44 33 94 69 64 55 69 29 42 93 62 9 96 25 76 13 12 15 36 60 50 72 41 99 21 101 43 92 65 75 96 72 25 82 75 
56 58 71 78 20 49 87 22 76 41 5 64 46 93 59 72 37 68 56 50 44 70 78 67 34 40 73 71 85 35 45 22 38 77 74 51 38 83 19 21 23 15 63 40 69 55 19 25 78 21 32 36 88 74 84 42 64 61 59 78 35 45 16 21 28 60 46 65 52 39 61 76 22 54 23 77 67 70 77 77 43 69 43 20 64 35 45 59 18 56 54 82 53 17 47 
9 57 29 70 43 39 51 56 26 54 18 74 41 68 35 89 29 4 6 51 25 23 29 26 19 38 16 60 25 69 66 26 26 47 26 75 30 53 72 70 72 30 17 25 22 70 75 26 77 45 49 36 22 28 15 22 31 8 56 29 29 72 60 30 11 25 16 6 52 17 50 65 35 67 35 39 30 23 23 58 28 18 75 48 63 13 46 53 29 51 33 33 68 30 
66 36 74 37 31 49 65 22 57 27 70 35 61 44 93 38 5 10 59 33 27 38 25 18 46 20 70 24 64 64 33 32 56 35 81 25 58 75 74 74 21 23 34 31 70 79 20 79 42 45 30 16 27 20 13 40 1 66 35 37 73 65 30 2 19 25 15 48 8 59 63 44 72 43 49 38 27 18 66 19 25 75 57 60 20 38 58 21 44 26 42 72 24 
45 68 93 94 83 7 74 65 42 112 93 115 29 81 32 61 57 28 39 57 31 67 64 26 57 16 66 109 92 41 49 15 32 57 81 52 70 65 79 87 50 37 35 90 70 81 88 85 91 89 78 72 52 79 27 65 10 42 33 85 55 66 68 76 45 51 95 74 14 92 23 61 34 19 33 56 77 33 85 45 89 9 99 49 99 54 84 102 89 25 68 81 
86 72 53 77 40 55 74 14 103 50 97 16 104 14 33 34 55 8 13 15 53 47 18 17 41 52 98 91 40 5 30 29 85 39 68 88 85 92 56 39 10 24 95 90 41 99 73 78 47 39 28 37 47 22 34 39 43 35 94 74 56 36 54 13 28 81 43 32 91 32 81 11 26 12 12 37 62 51 35 98 38 91 34 75 68 57 80 49 31 85 59 
69 104 42 74 60 18 73 64 109 79 77 19 74 71 65 39 77 89 73 52 57 77 84 83 52 64 38 46 87 75 57 20 99 18 2 3 13 82 52 76 62 31 5 94 22 52 57 104 90 98 55 82 66 74 77 43 51 21 13 46 76 65 75 65 59 78 77 39 57 6 83 70 76 89 92 35 87 54 26 63 54 57 79 18 76 75 99 57 3 66 
49 28 94 19 51 61 36 57 24 77 86 71 39 39 75 68 64 71 26 28 79 57 101 26 30 41 52 69 87 61 85 53 61 70 72 63 23 42 68 60 50 74 47 63 17 15 53 44 61 41 31 70 38 95 51 60 58 66 29 37 18 60 45 15 32 90 40 69 71 78 79 72 64 48 79 32 48 58 84 29 44 9 60 18 8 46 68 67 12 
72 91 45 86 52 85 9 69 67 123 62 36 42 90 56 40 63 53 47 70 37 93 52 79 88 65 48 81 64 113 13 89 106 105 102 26 55 57 60 95 109 13 106 62 63 7 16 26 52 22 67 32 91 67 68 100 96 58 29 41 49 45 64 26 84 86 73 103 63 75 62 41 17 97 18 56 102 85 78 51 44 89 32 53 5 71 102 42 
86 28 26 64 29 80 37 76 58 71 49 45 59 71 74 70 25 32 78 67 94 26 26 15 43 75 82 56 60 72 38 42 45 34 46 39 70 58 23 47 66 34 11 14 75 62 76 40 51 67 50 88 41 52 29 42 21 50 32 64 49 17 49 85 14 62 45 80 74 73 74 66 60 54 44 29 75 16 43 38 37 40 32 68 61 39 30 
74 70 39 115 89 117 24 88 29 60 57 34 35 52 28 68 65 21 54 9 68 111 96 43 44 10 32 64 78 58 76 71 84 86 51 34 34 95 76 78 93 87 93 86 75 67 52 78 25 64 3 45 34 90 61 68 66 76 42 50 97 73 8 95 24 67 29 16 29 51 74 40 83 46 95 11 102 50 100 59 84 102 86 26 74 82 
42 43 48 52 43 58 79 52 22 21 58 50 48 52 9 9 60 41 81 9 43 43 33 52 67 42 72 44 47 61 61 57 21 23 50 41 50 65 38 60 20 23 47 34 49 22 23 51 23 76 33 41 54 54 14 23 5 42 27 26 21 71 42 50 59 60 60 53 48 38 63 27 28 56 64 38 25 25 47 15 28 41 48 58 8 
60 51 92 63 68 36 64 54 48 38 66 75 63 33 39 68 69 79 34 50 27 34 74 68 47 34 82 14 19 20 17 63 37 65 51 24 23 77 25 35 40 87 73 82 39 64 57 57 73 31 41 20 16 28 59 47 62 50 43 60 71 28 49 19 73 62 66 75 76 37 69 40 24 59 40 42 61 12 57 57 82 48 15 48 
90 51 86 17 91 10 23 22 44 7 17 11 40 34 19 15 43 39 85 78 26 13 29 17 73 39 54 75 72 78 48 25 7 11 81 77 39 85 60 65 47 36 31 23 39 15 25 39 30 23 80 61 42 28 43 3 15 68 35 32 77 23 68 17 23 11 16 35 52 45 21 84 33 78 20 65 55 48 70 47 21 72 48 
93 21 104 75 98 71 69 88 97 97 98 50 56 106 89 123 50 6 25 71 100 110 84 83 89 65 63 67 52 59 66 97 85 34 67 83 47 29 25 89 80 96 67 67 95 71 117 70 81 44 68 48 71 50 90 74 22 67 114 24 90 68 106 103 100 97 84 88 68 71 41 104 12 70 41 64 54 32 82 89 61 46 
78 65 128 60 39 45 92 54 37 61 58 52 68 35 91 58 87 95 67 45 79 65 117 11 93 111 110 108 34 58 55 60 102 114 14 112 70 71 5 19 22 55 29 66 35 89 70 69 106 100 64 33 47 48 47 72 31 82 94 73 107 61 73 60 38 17 99 25 59 108 84 86 54 53 93 40 62 11 71 107 49 
101 92 95 64 64 94 93 89 95 48 52 103 81 124 49 17 42 73 93 110 84 97 75 75 79 82 68 45 65 93 84 51 83 69 65 30 24 74 67 85 65 54 94 63 118 72 82 61 79 49 61 43 85 70 21 56 114 41 92 82 103 102 97 89 71 97 54 70 59 106 25 67 25 74 41 17 67 90 76 37 
94 6 39 38 42 11 28 6 54 49 3 30 26 53 99 89 34 20 14 21 73 54 59 79 76 85 65 38 10 18 91 81 54 93 75 80 62 51 43 37 56 11 42 24 37 27 88 64 55 45 59 19 31 83 52 17 88 20 72 6 10 5 27 50 49 62 32 92 22 92 34 82 60 64 86 62 20 77 65 
92 90 84 54 95 108 90 70 76 93 103 97 71 76 50 65 105 90 75 24 118 37 17 19 24 100 71 94 80 41 14 114 28 69 72 123 109 117 74 101 83 93 91 62 69 31 30 65 95 84 93 84 74 97 92 51 73 22 100 86 93 107 112 48 106 73 34 78 66 76 96 36 94 91 118 74 21 84 
33 31 41 6 24 1 48 43 8 25 32 47 93 84 30 17 19 17 72 49 55 76 73 81 59 32 5 13 86 78 49 89 69 74 57 46 39 31 50 8 36 29 33 23 84 61 50 39 53 13 25 77 46 22 83 18 69 9 13 2 23 45 48 55 26 88 25 86 28 75 56 58 79 57 17 73 58 
6 54 29 25 34 24 17 42 18 65 23 66 64 29 29 51 30 77 28 54 72 71 72 26 19 30 26 69 76 24 77 42 46 34 20 28 16 18 35 4 61 31 32 71 61 28 7 21 21 10 49 13 55 63 39 68 39 44 34 25 21 61 24 20 74 52 60 15 42 54 25 47 30 37 69 26 
48 29 29 32 20 13 40 22 62 19 64 60 22 31 48 25 71 34 48 66 65 66 29 12 29 22 64 69 30 71 39 44 40 26 34 10 23 32 10 58 25 27 66 55 24 13 21 21 6 47 18 52 59 34 62 39 41 33 29 28 55 29 14 69 48 57 9 43 48 27 48 37 32 63 26 
46 62 39 49 50 40 59 43 49 85 65 26 57 36 27 31 80 24 41 37 50 76 37 44 33 63 42 78 60 64 69 88 74 75 39 71 32 58 37 25 22 56 27 46 61 62 47 45 73 66 38 65 22 33 48 32 42 61 75 7 77 34 61 24 75 39 83 26 72 83 85 23 40 66 
18 7 47 41 14 19 37 46 92 84 32 11 25 20 76 43 59 79 76 83 55 32 1 15 87 81 43 91 67 72 51 40 32 30 46 14 32 35 35 26 86 65 49 34 50 8 23 76 41 28 83 24 73 9 19 6 17 39 54 51 27 90 31 85 27 72 59 54 77 51 22 77 55 
25 49 42 31 7 54 48 91 89 42 8 42 34 91 26 71 91 89 93 46 38 19 29 93 93 28 99 68 72 34 26 15 35 36 31 26 52 46 40 93 77 53 27 46 14 25 75 33 45 88 40 85 24 37 23 1 24 70 39 35 97 49 86 32 65 71 47 72 36 39 88 52 
48 43 8 26 31 47 93 83 29 18 18 16 70 50 54 75 72 80 59 31 6 12 85 77 50 88 68 74 58 47 40 31 51 7 37 28 32 22 83 60 49 39 53 14 25 77 46 21 82 17 68 10 12 3 24 46 47 56 26 87 23 85 28 75 55 58 79 58 16 72 58 
7 56 42 75 1 45 40 25 51 62 36 63 49 38 53 53 50 30 16 46 36 45 57 44 54 20 25 53 40 52 17 30 46 25 70 25 34 48 45 5 26 13 40 25 29 27 65 39 43 51 56 54 50 49 43 54 35 22 50 57 38 20 34 38 24 34 48 42 49 17 
51 35 72 6 50 47 24 44 58 32 67 43 42 58 58 56 26 13 41 31 52 62 38 60 26 31 47 33 45 13 25 41 18 67 25 31 55 49 12 20 12 34 18 34 21 62 46 41 55 51 50 45 42 36 55 30 19 57 55 44 15 35 42 22 37 42 39 55 17 
33 23 55 101 90 35 23 11 22 72 57 59 79 75 85 68 39 13 20 91 80 57 93 76 82 65 54 46 39 59 11 45 21 38 27 88 64 57 48 61 22 34 85 55 14 89 20 71 8 8 8 30 53 48 64 34 93 20 93 36 84 60 67 88 65 20 77 67 
56 41 84 82 38 12 44 31 87 24 66 85 83 86 39 31 20 26 86 88 24 93 61 65 32 22 15 29 29 31 18 54 41 36 87 72 46 20 39 12 18 67 26 47 81 38 80 27 38 25 7 20 67 33 30 90 49 79 26 58 66 40 65 32 37 82 44 
75 119 104 51 46 13 39 73 80 67 85 81 93 91 58 36 40 104 85 80 103 95 101 88 78 69 59 82 30 68 6 53 42 99 70 75 71 83 45 56 104 78 10 104 32 77 30 21 31 53 76 49 88 53 104 20 110 56 106 68 89 109 88 33 84 88 
46 41 25 50 61 35 63 48 39 53 53 50 29 16 46 35 46 57 43 55 21 26 53 39 51 16 29 45 25 69 25 33 49 45 6 26 13 39 24 30 26 65 40 43 51 55 53 49 48 42 54 34 21 51 57 39 19 34 38 24 35 47 41 50 17 
26 67 95 106 80 83 83 64 64 67 53 53 61 92 81 35 68 77 48 24 19 83 74 90 62 61 90 65 113 66 77 45 67 44 65 45 85 69 16 61 109 25 87 68 102 98 95 92 78 86 62 67 42 100 10 65 35 62 48 26 76 85 61 40 
54 90 93 68 58 87 42 38 42 27 61 52 83 70 9 42 82 23 25 26 90 78 92 54 66 79 65 98 52 63 19 43 36 66 47 78 64 27 64 96 1 72 43 93 85 86 89 82 65 69 57 17 84 16 57 50 40 55 43 84 72 35 45 
40 38 13 49 56 28 48 46 51 50 11 31 17 56 50 53 59 43 49 63 49 53 13 45 24 33 45 3 9 54 34 24 35 36 28 20 53 40 42 54 19 42 39 31 32 42 50 32 51 8 58 32 59 13 59 28 46 60 59 17 45 41 
34 30 87 34 68 89 86 91 52 38 12 25 94 91 36 98 71 75 42 34 23 36 42 25 30 44 43 36 93 75 54 32 51 12 26 78 38 37 89 35 82 16 30 16 7 31 65 46 34 97 42 89 33 71 69 53 77 43 33 86 56 
26 67 68 57 77 73 84 77 45 24 26 93 78 68 93 82 87 76 65 57 45 69 16 55 10 40 29 89 62 62 57 69 32 42 91 64 3 92 20 69 19 7 19 41 64 42 74 39 93 12 98 42 92 58 76 95 76 21 75 74 
56 53 39 59 56 64 54 19 18 5 69 61 51 72 55 61 61 48 47 19 48 10 34 34 16 6 67 45 36 37 44 19 20 65 43 29 67 9 52 26 18 19 33 48 35 54 13 71 23 72 17 67 39 52 70 59 7 57 49 
105 24 21 16 33 93 58 75 62 51 18 102 42 69 74 112 98 102 61 91 63 81 67 46 50 42 18 58 84 77 76 70 77 87 68 59 53 15 79 64 73 90 99 24 97 58 46 54 73 62 94 25 88 91 108 54 22 79 
82 100 99 99 30 47 44 48 94 104 6 103 63 65 8 9 13 44 22 54 24 78 59 58 97 89 55 23 40 36 36 67 23 71 86 61 96 50 62 49 27 6 88 21 48 100 73 80 43 50 82 35 58 10 60 97 43 
20 17 26 68 35 57 43 38 22 78 35 46 51 88 74 80 38 67 48 58 61 25 32 32 7 33 60 52 56 47 54 63 60 42 39 14 64 52 57 70 76 23 73 36 37 46 53 39 70 1 63 68 84 39 18 55 
5 12 83 54 78 64 30 4 96 21 53 57 106 92 100 57 83 68 76 79 45 53 21 15 47 77 66 77 67 60 79 79 39 59 8 85 72 78 90 94 37 88 55 25 65 54 59 80 19 77 75 101 59 3 67 
17 83 52 75 61 34 5 95 26 55 59 105 91 98 55 83 65 75 74 42 50 25 11 47 77 66 74 65 62 79 75 42 55 4 81 68 75 88 93 32 88 53 30 61 57 57 81 17 77 77 100 55 6 68 
78 55 82 68 18 15 94 9 45 48 103 90 100 57 80 74 74 87 48 58 8 23 44 76 62 79 68 50 77 86 28 65 19 90 78 83 92 92 47 84 57 13 73 43 60 72 25 72 67 98 65 11 62 
39 55 51 69 87 24 80 36 37 30 22 39 37 10 61 22 87 51 56 75 75 35 20 16 46 35 38 13 81 60 63 81 64 70 60 46 26 82 9 43 76 77 51 38 20 68 6 28 23 61 79 16 
31 19 56 57 43 61 37 42 53 39 45 2 34 29 23 53 12 18 55 42 17 25 25 26 13 46 29 48 51 27 49 40 37 34 37 41 43 40 5 59 41 54 5 49 35 35 51 49 25 51 31 
14 86 80 44 90 67 72 52 41 34 30 46 12 32 34 34 25 85 64 49 35 50 8 22 75 42 27 83 22 71 10 18 5 18 40 52 51 26 89 30 85 26 72 58 55 77 52 21 75 55 
72 66 47 76 56 62 56 43 41 19 44 10 30 35 20 11 71 50 37 33 42 14 16 65 39 30 70 13 57 22 18 15 28 43 41 50 13 75 26 73 16 65 44 49 69 54 11 61 48 
34 89 13 34 35 97 85 97 58 73 80 71 97 53 64 10 38 40 72 55 82 68 36 71 96 11 73 36 95 86 88 93 88 61 77 60 7 83 26 61 60 37 63 53 91 72 28 53 
99 23 57 61 109 95 103 60 87 70 79 79 47 55 24 16 51 81 70 79 70 64 83 80 43 60 9 86 73 80 93 97 37 92 58 28 66 58 62 84 22 80 79 104 61 7 71 
98 57 59 10 4 17 40 16 54 20 78 55 55 92 85 49 18 34 36 33 61 17 71 80 60 92 51 62 49 29 4 85 15 44 94 72 74 39 44 78 29 52 8 58 92 37 
46 48 107 94 105 63 83 82 79 96 56 66 5 33 48 80 65 86 74 49 81 95 24 73 29 98 87 91 99 97 56 88 64 6 82 39 66 73 34 74 66 101 73 20 64 
5 65 53 69 37 41 66 43 89 42 53 40 51 19 43 23 60 45 9 40 85 24 62 54 77 74 70 68 57 66 44 42 41 76 18 40 27 45 29 22 58 61 50 20 
66 56 72 43 43 71 46 95 48 58 43 56 25 46 26 65 50 3 43 91 24 68 59 82 79 76 72 60 72 45 48 42 82 15 46 24 50 31 18 60 67 54 22 
14 20 50 24 62 30 86 65 65 101 95 59 28 42 44 42 68 26 79 89 69 102 58 70 57 35 13 95 21 54 103 81 82 49 49 88 35 58 7 67 102 45 
17 36 13 51 16 75 51 51 88 81 45 14 30 33 29 58 13 68 77 56 88 49 59 46 27 4 81 13 40 90 69 71 35 42 74 26 50 11 54 88 34 
43 30 46 26 67 56 52 99 87 57 26 46 28 33 74 29 60 91 54 95 39 52 38 16 13 82 31 44 102 64 87 41 60 81 43 68 23 52 96 50 
32 29 20 54 15 19 58 45 18 22 24 24 10 46 27 49 53 28 52 39 37 33 35 38 45 38 6 61 42 55 3 47 38 33 50 47 26 53 29 
53 14 79 47 50 77 74 36 11 18 37 28 45 5 72 65 57 80 55 62 51 36 17 77 6 37 79 70 58 32 29 67 13 37 18 55 79 21 
39 26 26 16 77 53 46 41 52 18 26 75 48 20 78 10 61 16 8 10 30 50 40 59 23 81 18 82 26 75 49 59 79 62 9 66 58 
64 35 36 73 65 31 3 20 23 14 49 9 58 64 43 72 42 47 37 26 18 65 20 24 76 56 61 19 40 58 22 46 26 41 72 26 
47 36 93 64 70 67 78 42 52 99 74 7 98 26 70 28 17 29 51 74 43 84 48 97 14 104 51 101 62 85 104 86 28 77 83 
11 51 31 23 38 37 31 23 52 42 44 51 20 39 42 33 35 45 53 30 53 11 55 33 57 15 59 25 47 60 62 19 42 41 
61 38 33 39 43 25 22 62 45 33 63 9 46 32 22 25 39 52 30 56 13 65 23 68 18 67 33 52 68 62 8 50 49 
30 42 75 59 81 68 44 75 91 20 69 27 93 82 86 93 91 54 82 59 5 78 35 61 67 30 68 61 95 69 19 58 
39 67 59 63 54 59 70 64 43 44 7 70 57 63 77 83 23 79 43 35 50 56 46 76 7 69 73 91 44 13 61 
32 19 42 28 29 32 65 35 43 45 58 54 51 53 48 50 41 23 45 57 36 22 38 32 29 37 53 41 44 21 
20 26 17 48 6 61 65 46 74 44 50 40 27 16 68 17 27 77 59 61 22 38 60 20 44 24 44 74 25 
42 27 28 17 72 46 52 64 60 61 54 47 34 67 22 31 61 67 41 26 23 52 10 26 36 51 63 5 
15 68 33 35 77 26 71 18 26 13 14 32 55 42 22 85 36 78 21 63 57 46 68 44 24 74 47 
53 23 46 63 29 62 32 34 26 25 30 52 34 12 72 42 63 8 50 48 33 54 40 27 64 33 
45 94 25 72 62 85 83 79 75 62 75 46 51 44 86 13 49 24 53 32 16 61 70 56 24 
68 63 52 76 51 57 46 33 17 73 11 32 77 65 58 27 32 63 14 39 21 50 76 21 
95 23 71 21 11 22 44 67 44 78 43 96 14 101 46 96 61 79 99 79 24 77 78 
72 43 92 85 85 88 80 65 68 56 18 84 15 56 49 40 54 42 82 71 36 44 
51 26 13 20 40 56 30 63 21 73 14 78 26 76 40 61 78 68 2 57 58 
77 64 71 85 90 28 86 50 32 57 57 54 80 14 75 76 97 51 8 66 
16 7 23 47 55 60 35 97 29 94 36 82 65 64 87 59 25 82 65 
13 36 58 39 67 31 87 12 90 35 84 53 68 88 70 13 70 67 
22 45 50 56 28 90 25 88 30 76 58 59 81 57 19 75 60 
25 69 40 35 97 48 86 32 66 71 48 72 37 38 87 52 
82 17 41 94 68 75 37 46 76 30 54 12 54 91 38 
83 40 59 30 76 45 88 24 77 87 92 31 36 71 
43 83 76 60 38 28 72 14 37 14 61 85 24 
63 36 59 5 54 36 39 56 51 20 52 36 
83 33 64 67 35 70 60 97 73 24 60 
91 40 90 48 75 92 80 16 63 72 
58 37 52 46 29 75 77 51 37 
50 40 34 53 46 24 55 32 
69 17 9 42 74 76 18 
62 67 84 40 17 54 
24 29 59 73 10 
51 76 72 21 
66 97 38 
57 56 
64 
