32 6
15 65 19 31 49 23 26 31 46 22 79 25 26 19 17 46 71 40 26 42 26 77 2 29 15 66 40 22 39 20 35 
65 12 35 36 38 24 45 54 24 86 16 20 13 25 54 81 55 13 58 24 82 15 14 31 70 53 32 26 17 47 
77 96 57 80 41 88 35 86 35 50 45 78 49 34 45 86 78 86 89 25 68 65 67 17 54 47 55 48 49 
24 44 36 36 43 64 13 96 28 32 1 34 63 90 54 8 58 12 93 17 20 34 81 59 40 35 28 55 
69 30 56 32 75 11 109 51 54 23 48 75 99 46 30 50 13 108 28 45 37 97 65 53 59 49 63 
73 34 81 67 58 89 26 28 45 48 66 92 89 39 91 55 81 50 23 63 70 75 53 10 33 68 
46 8 51 29 85 48 48 36 32 52 72 18 44 21 36 86 23 52 13 75 36 33 62 42 36 
54 35 45 63 11 7 36 15 34 61 58 37 60 47 58 28 27 34 46 41 19 25 7 34 
57 33 90 56 57 42 40 58 77 14 51 18 40 92 31 60 21 82 41 41 70 50 42 
67 34 46 42 64 30 1 26 53 68 52 72 34 49 62 39 25 19 23 60 40 15 
101 40 43 13 39 67 93 46 20 50 7 99 19 34 31 88 59 44 49 38 56 
74 69 97 63 34 18 83 100 81 106 11 82 91 74 19 49 57 84 69 48 
5 29 21 45 72 63 28 65 40 69 26 16 37 57 50 28 16 7 43 
33 20 41 68 62 32 64 44 64 28 21 37 52 47 25 18 6 40 
34 64 90 54 8 57 11 94 17 21 34 82 59 41 36 29 55 
29 56 43 38 45 43 60 20 35 19 48 29 7 38 14 23 
27 54 67 53 72 34 48 61 40 24 20 23 59 39 16 
68 94 65 98 27 74 88 62 28 35 49 85 66 36 
62 4 53 87 40 69 25 78 34 41 78 56 38 
66 16 95 24 16 41 83 65 45 31 30 60 
57 85 43 72 27 77 33 42 80 58 37 
103 23 32 37 91 65 49 47 40 61 
80 85 74 12 52 55 77 65 50 
29 17 68 42 25 39 22 38 
45 73 64 42 15 22 58 
63 28 20 53 30 26 
44 44 66 53 40 
22 66 43 7 
44 20 16 
23 59 
36 
