32 4
58 44 49 39 45 55 69 76 75 24 50 42 80 84 11 70 55 46 6 55 26 87 68 76 26 77 19 28 12 42 32 
70 98 91 88 10 120 79 70 73 107 16 123 88 59 72 76 101 63 76 43 93 111 78 47 125 56 83 61 92 31 
38 37 24 62 57 34 38 68 56 61 54 41 56 31 10 48 50 10 29 43 43 34 26 58 25 66 33 82 41 
10 14 92 22 68 75 62 21 85 32 72 58 67 43 13 50 43 55 72 21 69 51 28 42 52 39 67 67 
16 86 30 70 75 52 19 77 42 75 48 68 44 11 40 44 48 75 31 71 45 38 35 42 31 57 60 
81 34 55 61 63 33 76 36 59 56 53 29 25 48 29 44 59 23 55 41 36 33 56 33 72 57 
114 69 60 73 102 17 116 78 59 62 67 96 61 67 37 83 103 68 40 118 50 83 57 92 25 
84 92 78 25 107 22 85 77 84 60 24 69 60 77 84 21 85 73 13 64 66 61 79 89 
12 100 88 77 72 9 87 7 26 80 82 26 53 14 64 1 51 79 56 100 65 116 59 
99 94 69 82 19 85 8 32 86 81 32 49 24 73 10 48 89 56 101 65 116 54 
54 57 94 108 15 95 78 54 18 78 51 111 83 100 51 89 43 14 35 19 53 
92 45 92 56 87 63 8 48 63 65 93 38 89 62 37 52 42 45 54 76 
112 86 43 70 68 87 47 68 32 91 100 76 36 113 43 67 47 76 20 
71 90 74 53 41 81 53 80 69 12 73 76 10 69 84 69 98 93 
95 16 31 84 90 31 61 5 65 10 59 80 64 107 73 123 68 
81 66 53 8 66 36 98 78 87 36 86 30 24 23 34 38 
24 78 77 24 47 21 65 6 45 81 51 96 60 111 53 
54 60 38 33 43 26 35 58 36 76 43 92 48 
45 54 59 84 32 81 56 35 45 43 40 56 70 
60 33 92 69 82 33 78 25 22 17 35 38 
38 33 43 26 35 58 36 76 43 92 48 
65 67 52 3 81 13 55 22 68 12 
63 15 63 78 67 109 76 125 73 
65 64 15 57 73 57 88 80 
51 80 56 100 65 116 59 
77 11 54 20 68 16 
69 78 68 91 94 
45 9 60 25 
35 15 60 
50 31 
72 
