32 2
47 12 57 8 45 47 26 33 57 52 8 39 55 46 44 59 47 47 41 25 36 63 53 51 59 51 3 17 37 23 46 
35 101 46 75 68 46 80 102 38 55 67 96 58 17 32 69 83 61 56 83 99 96 13 98 98 48 31 18 41 45 
68 12 51 49 25 45 68 45 20 43 64 44 33 49 50 54 41 29 48 71 63 39 68 63 13 6 26 20 41 
63 39 51 78 28 1 89 53 77 62 94 92 117 50 72 86 71 41 79 59 108 71 39 54 74 86 78 76 
53 55 18 37 63 57 10 32 52 38 46 54 55 42 33 18 37 58 51 48 55 52 11 15 38 16 52 
12 72 42 41 52 48 82 83 92 62 99 11 84 86 70 58 97 80 85 90 66 42 57 57 69 39 
73 51 53 41 51 85 90 93 53 95 1 90 88 72 66 104 88 79 98 75 44 55 50 69 28 
50 78 68 26 21 52 20 53 42 73 36 17 11 45 52 52 43 52 59 29 21 46 5 66 
28 77 26 49 40 66 75 91 50 46 57 42 16 56 38 84 49 24 31 50 68 51 66 
90 53 77 61 94 93 117 52 71 85 70 40 78 58 108 70 38 55 74 87 78 77 
61 88 107 86 21 70 42 99 85 74 87 116 106 51 112 100 51 46 23 63 13 
34 46 44 52 64 50 40 38 22 28 56 45 58 51 43 9 24 45 25 53 
34 20 73 59 85 17 10 13 37 32 35 63 33 49 41 41 67 26 84 
54 98 93 90 18 45 41 24 17 3 95 9 23 56 66 91 56 100 
68 41 93 36 9 23 56 49 55 50 51 68 49 40 63 24 85 
49 54 87 69 60 81 104 97 30 101 95 44 32 7 47 28 
95 76 49 53 87 90 93 19 92 102 62 43 48 40 75 
89 88 72 66 103 87 80 97 74 44 55 50 69 29 
27 26 30 16 20 80 16 37 49 54 80 41 93 
16 47 41 46 55 43 59 44 38 63 22 83 
34 43 41 54 42 48 28 28 54 15 70 
39 21 84 32 15 36 52 73 47 77 
20 95 8 40 65 71 97 58 109 
95 12 20 54 65 90 56 98 
95 99 53 34 30 39 58 
32 60 69 94 57 105 
50 67 88 62 90 
19 37 26 44 
25 16 44 
41 27 
61 
