24 3
72 37 43 68 35 92 69 51 70 75 74 34 65 55 8 19 71 19 92 3 52 52 21 
52 82 22 88 60 17 53 37 63 13 83 17 70 79 72 35 60 27 75 28 40 56 
29 38 70 96 41 13 34 86 48 31 38 76 46 51 36 18 63 41 48 57 39 
66 78 123 69 33 59 110 77 9 67 95 50 62 61 32 90 46 76 83 56 
92 82 5 33 14 81 12 69 6 82 76 74 12 51 25 71 41 54 58 
84 92 83 98 61 95 69 88 36 28 18 99 52 114 32 61 53 34 
77 103 96 23 73 120 76 48 93 78 94 92 84 93 48 41 72 
38 19 77 7 72 3 80 76 74 17 53 23 72 37 51 57 
26 95 45 37 36 88 59 65 28 31 57 54 55 66 51 
94 25 63 19 93 78 79 2 51 32 73 53 66 64 
75 105 75 25 74 58 93 78 90 74 41 29 55 
79 10 80 82 77 23 59 18 77 38 51 61 
69 89 41 54 65 27 94 37 73 79 50 
77 73 70 18 50 26 68 35 48 54 
53 36 92 63 97 54 42 29 38 
16 79 27 100 5 57 55 24 
80 34 96 17 47 42 16 
53 30 74 52 65 64 
76 22 46 51 25 
95 55 68 80 
54 53 21 
13 33 
31 
