200 2
19 100 48 50 72 44 85 54 72 81 104 91 5 62 44 93 68 76 89 25 17 57 47 14 74 78 12 19 59 68 54 72 38 50 46 7 46 43 46 52 70 46 72 42 6 49 55 103 35 97 107 28 86 30 65 70 81 81 73 79 80 60 35 88 27 71 37 63 85 67 45 26 60 18 39 61 37 53 74 76 84 10 30 49 6 104 12 53 74 40 59 50 78 18 73 52 68 50 73 53 25 55 50 48 86 20 96 9 22 70 33 6 23 72 22 10 2 19 45 28 33 88 61 96 69 11 93 80 28 76 9 13 45 76 33 61 77 18 51 55 13 70 69 74 21 60 80 82 63 87 75 78 52 59 90 53 59 82 81 48 45 50 28 29 82 67 82 91 68 79 75 66 67 23 57 102 57 21 65 104 80 79 67 35 89 10 85 27 44 76 91 28 100 91 86 6 35 10 19 
84 29 32 53 31 66 41 52 72 85 71 25 58 25 73 55 56 69 10 20 50 27 32 55 59 29 11 42 49 52 68 29 34 29 14 32 27 33 40 51 31 54 26 18 30 54 86 29 79 89 13 68 18 57 61 64 68 67 61 71 41 27 68 15 53 19 44 65 55 26 26 41 35 28 53 26 34 63 59 66 28 10 41 19 86 31 34 59 37 40 30 59 7 57 52 59 31 56 35 26 35 42 38 70 15 76 18 39 52 14 25 4 58 28 19 21 16 25 21 34 74 42 77 49 29 77 67 19 57 25 28 43 61 16 41 59 33 38 38 29 54 62 54 25 50 62 62 44 70 56 73 47 45 73 49 51 69 62 33 32 32 18 25 69 51 63 74 54 60 66 66 52 20 47 83 37 38 47 85 61 61 48 17 69 29 65 7 25 58 73 35 83 71 66 25 27 20 19 
77 82 75 96 69 46 62 40 31 52 105 63 77 41 33 56 52 88 104 56 67 114 39 77 112 81 86 76 69 62 103 88 55 93 53 56 97 49 76 91 30 87 101 76 70 6 68 24 19 89 87 70 49 41 93 25 53 88 38 47 67 52 93 32 65 42 43 36 81 108 80 118 60 47 98 72 36 26 86 110 77 56 95 29 106 72 26 70 48 60 73 90 99 73 44 75 91 49 82 61 54 54 100 80 33 102 122 32 77 104 79 28 87 92 100 99 66 73 79 14 80 26 55 102 8 25 72 34 108 99 71 24 85 55 31 117 100 86 100 30 50 52 85 45 87 55 48 13 40 58 60 41 12 65 49 24 33 93 54 81 71 105 24 33 79 14 31 75 40 76 99 79 48 30 60 121 38 23 54 85 69 83 41 105 54 78 61 33 21 89 6 47 41 104 103 93 83 
5 24 19 38 47 26 80 68 47 53 75 4 53 58 32 45 23 39 65 11 58 40 30 54 38 14 20 72 84 28 12 30 43 40 33 19 49 22 14 47 10 44 1 74 77 49 64 75 20 38 37 68 69 35 70 80 32 78 30 46 44 24 44 26 35 45 60 4 38 12 59 41 63 22 6 69 50 36 54 19 55 48 69 60 6 58 58 29 18 30 30 31 73 68 2 28 31 53 16 55 49 42 42 58 42 63 45 15 54 28 58 55 48 50 33 13 44 58 72 13 61 27 58 69 68 41 44 51 57 64 60 15 22 47 55 23 12 58 51 74 32 52 59 33 38 29 63 39 87 64 50 65 68 62 71 47 16 40 4 38 33 71 47 34 64 54 31 74 87 28 45 57 66 17 62 40 70 37 32 20 13 49 58 41 23 21 45 60 63 74 48 47 54 29 49 47 
22 15 38 53 28 85 71 49 55 80 8 55 63 33 47 25 39 70 16 59 44 28 55 42 10 18 77 89 25 7 35 45 45 38 15 55 20 10 52 8 46 6 79 82 54 68 79 22 36 41 74 75 31 75 85 29 83 35 51 46 24 49 32 40 48 65 5 37 10 59 47 69 20 9 75 55 34 55 23 60 50 72 62 9 63 62 34 23 29 32 26 78 74 7 24 36 57 21 60 55 38 46 61 44 64 50 19 56 31 63 59 51 52 33 19 48 63 77 11 65 30 60 73 73 46 48 52 60 69 65 17 26 51 56 18 7 61 56 79 35 56 64 30 40 33 68 43 92 69 55 70 73 68 76 51 11 46 1 43 32 76 52 32 68 59 29 79 92 22 49 63 69 21 62 45 74 38 29 20 15 52 60 43 26 26 49 64 67 79 50 49 56 27 52 50 
36 15 60 13 89 57 31 77 91 28 40 67 19 29 47 62 80 27 82 36 6 78 61 17 4 89 99 46 25 45 67 55 49 35 63 2 30 49 31 68 23 92 74 69 56 67 44 16 57 82 80 18 76 93 13 87 35 66 29 47 46 46 39 34 70 27 59 13 82 59 77 42 19 79 51 15 77 43 71 72 58 84 19 63 77 35 31 6 54 24 92 80 22 16 42 75 25 71 65 25 64 48 66 86 48 39 78 51 64 78 72 74 56 31 65 79 74 12 53 20 82 67 74 62 42 74 81 83 64 39 25 45 78 34 20 82 56 87 23 75 72 13 23 31 63 35 100 80 61 63 86 76 77 42 31 56 22 59 54 77 52 10 61 61 7 84 104 25 67 71 55 22 85 44 61 22 11 7 37 37 82 25 46 37 43 55 85 71 34 36 78 48 73 69 
52 63 43 95 87 65 47 87 19 71 75 49 62 21 29 78 29 50 59 41 46 42 19 32 82 96 10 10 46 41 54 48 2 64 34 5 66 9 38 20 84 97 58 83 94 17 46 46 82 84 39 88 94 38 94 49 56 62 17 63 39 53 64 76 15 24 23 49 53 78 7 25 85 69 44 46 26 67 46 88 55 25 76 67 48 36 43 27 29 82 83 21 31 49 57 35 68 63 43 46 77 36 53 63 24 49 32 76 58 48 46 24 31 51 65 90 24 80 46 55 88 86 49 63 43 56 73 78 16 42 66 45 7 16 56 69 88 51 55 74 39 55 48 82 59 100 75 66 84 79 76 89 66 5 54 16 47 19 89 65 44 83 72 42 89 96 23 50 71 85 36 52 58 89 54 39 36 16 68 54 58 29 37 64 79 66 93 66 65 49 12 49 50 
65 14 90 46 19 91 96 41 30 68 15 18 61 77 86 39 96 34 12 92 73 32 19 96 103 62 41 52 80 62 57 51 68 18 46 48 47 82 37 98 66 78 47 58 59 18 68 85 82 26 76 96 21 88 39 75 18 62 45 55 42 26 72 42 75 28 97 67 81 58 32 80 49 18 92 56 77 85 48 97 32 63 85 38 39 9 68 36 99 83 35 28 47 85 33 76 71 32 76 38 81 101 48 52 91 64 65 89 85 87 71 42 75 89 71 27 44 21 95 62 74 73 39 89 94 91 64 53 30 41 93 50 36 95 56 90 20 86 76 20 14 34 59 32 103 86 65 58 92 80 76 37 46 63 37 70 70 76 53 11 55 62 10 86 110 39 78 76 45 30 100 46 52 15 18 18 51 28 95 15 59 46 40 48 96 64 23 28 91 64 86 81 
51 32 59 58 59 31 45 54 14 50 57 48 61 20 37 68 35 65 66 35 61 58 32 38 67 59 17 47 9 15 64 4 60 60 24 54 56 47 34 50 22 50 57 50 77 24 21 21 78 27 33 74 31 26 20 56 54 26 24 23 48 14 49 67 57 73 14 16 62 46 23 27 75 64 38 13 49 58 60 46 20 25 26 31 63 48 78 35 21 46 73 18 35 36 12 8 85 34 53 57 76 23 39 57 36 18 40 46 54 57 34 26 33 34 57 50 43 55 40 26 26 33 63 52 29 22 48 36 33 72 69 59 53 18 26 45 39 11 74 54 31 34 36 40 21 5 38 27 15 28 39 62 9 52 25 65 28 18 69 40 14 65 26 45 75 32 10 57 38 75 21 55 52 72 53 47 51 58 55 37 26 33 43 43 48 56 48 58 66 46 36 
78 44 21 78 82 29 28 56 6 19 49 65 72 25 84 24 15 80 59 26 14 82 89 53 33 37 66 47 42 43 54 14 38 37 37 70 25 84 61 63 43 54 47 26 53 72 70 31 65 83 26 76 25 60 18 51 34 41 29 21 59 31 64 21 85 53 67 48 20 68 39 25 80 42 63 71 46 84 20 51 71 25 25 12 55 37 85 70 24 29 33 71 19 62 57 38 62 35 68 90 36 39 78 50 53 75 71 74 59 28 60 74 62 20 40 8 81 54 62 58 29 77 80 76 52 42 15 32 82 44 28 81 44 77 10 72 62 25 12 20 50 22 90 72 51 50 78 67 65 29 39 48 27 55 60 65 40 18 48 50 14 73 96 37 64 62 43 16 88 33 49 10 23 8 39 25 82 14 45 32 30 42 81 58 23 23 78 55 72 67 
67 78 85 26 77 69 22 75 77 80 91 25 68 94 56 93 93 63 93 88 34 22 99 92 49 75 41 47 97 32 89 92 41 87 85 79 35 46 45 58 58 82 105 54 16 11 108 16 13 103 2 53 46 76 86 45 56 49 67 19 82 98 88 99 44 19 94 78 10 42 103 91 70 31 75 65 83 78 27 42 54 62 90 79 109 38 13 78 103 48 57 66 30 34 115 61 65 86 103 42 71 83 68 25 62 71 80 88 66 53 51 26 88 59 69 79 39 17 53 51 90 75 40 27 80 64 49 99 101 91 76 33 13 70 61 22 103 77 58 37 58 18 30 29 40 32 21 16 55 94 41 84 54 97 16 37 97 44 27 92 6 37 107 58 25 65 68 101 45 60 75 100 81 79 68 82 77 69 59 51 52 60 45 74 66 84 98 72 61 
27 110 85 69 16 52 38 28 86 103 76 60 118 29 56 115 86 71 59 89 87 96 77 58 97 62 62 86 63 58 81 35 79 104 66 91 26 80 9 13 85 64 76 71 64 72 50 78 67 64 44 78 28 89 34 67 41 23 56 72 104 65 121 70 68 91 62 60 31 64 113 76 71 101 2 113 62 43 84 45 55 52 90 80 93 67 65 72 51 93 53 70 67 78 87 9 103 125 36 74 109 81 46 97 99 105 97 61 82 92 41 65 9 40 110 27 49 81 28 111 107 87 42 80 46 27 118 88 73 108 41 73 36 95 64 66 33 41 29 29 84 79 55 26 85 69 50 23 82 63 70 78 100 50 41 57 22 47 54 65 99 82 87 66 2 51 124 40 7 34 64 52 78 19 112 31 78 60 28 16 101 24 23 21 110 97 100 91 
97 89 50 11 58 15 2 69 86 79 43 103 23 30 100 75 47 34 90 94 74 54 50 85 58 55 64 62 33 59 37 58 89 46 93 49 76 29 39 67 37 68 76 72 45 63 86 40 76 35 73 3 71 34 56 35 10 62 52 85 42 105 65 72 70 41 69 36 37 99 61 71 89 29 102 41 51 82 35 41 26 75 54 94 74 45 46 44 86 36 71 66 51 78 19 88 110 37 58 97 68 53 90 88 92 80 45 75 88 56 41 26 21 99 45 61 73 27 96 97 87 51 62 30 28 102 65 49 98 45 80 16 87 67 39 9 30 44 22 93 80 57 42 86 72 63 22 60 59 48 70 81 63 42 30 39 52 27 75 103 56 79 68 26 33 108 37 33 10 37 29 60 10 100 6 63 48 27 30 96 46 4 12 97 76 89 82 
65 49 98 73 81 94 30 19 61 53 8 80 83 8 24 64 73 57 75 41 55 52 12 51 49 50 57 75 50 77 47 9 54 58 108 39 103 112 33 91 35 69 75 85 86 77 84 85 66 40 93 31 77 43 68 91 72 50 27 65 14 45 66 41 58 79 82 89 6 35 54 10 110 8 58 79 43 65 55 83 23 77 55 72 55 77 59 28 60 55 53 90 25 101 11 17 75 39 3 29 78 25 13 5 23 51 33 36 94 66 101 75 10 99 85 33 81 6 13 48 82 38 67 83 15 55 60 13 75 73 80 24 65 85 88 69 92 81 81 56 64 96 56 64 87 87 52 51 55 34 31 87 73 87 96 74 84 80 68 71 27 61 108 63 16 71 109 86 84 72 40 95 7 91 33 50 82 97 30 106 96 92 2 38 13 23 
72 83 33 81 88 68 75 10 65 73 66 96 73 48 90 89 8 10 88 86 46 57 36 42 89 28 90 85 52 79 67 75 9 68 29 76 79 70 108 41 14 21 108 37 13 104 27 57 31 87 74 55 48 55 79 29 76 83 86 79 33 17 84 75 26 54 106 71 60 20 56 84 61 75 42 22 57 60 94 65 107 12 18 75 102 49 37 66 20 26 115 44 80 69 82 52 63 62 55 39 40 52 61 73 62 37 29 48 87 76 74 57 60 37 38 62 71 53 17 43 71 67 61 80 94 87 54 44 13 76 41 21 104 85 62 56 67 16 11 32 60 9 16 38 68 87 35 80 40 83 38 46 100 63 38 96 23 14 103 40 21 83 68 81 52 80 83 102 83 71 81 61 86 58 55 62 69 37 67 86 78 63 86 52 43 
55 56 34 48 19 35 62 10 54 41 34 50 34 18 24 68 81 26 14 28 39 37 30 20 47 26 15 46 10 40 5 70 78 46 65 76 17 42 33 66 67 39 69 77 37 76 29 43 47 21 44 23 34 47 58 4 35 16 55 38 61 21 9 67 50 41 50 15 52 44 70 56 9 57 54 28 17 34 26 35 70 66 6 32 30 49 17 52 47 46 38 60 39 60 44 11 50 24 57 51 44 46 29 12 40 54 71 17 62 29 54 69 67 38 44 47 53 60 59 12 23 47 52 24 15 54 50 71 34 48 57 37 41 29 63 40 84 60 48 65 65 59 70 48 17 38 7 35 31 70 46 38 64 53 35 72 83 31 41 55 67 18 58 39 71 39 36 23 9 51 54 44 18 18 45 61 59 74 51 48 50 27 45 43 
50 22 12 72 89 73 47 106 19 40 102 75 55 42 85 87 81 61 48 86 55 53 71 58 42 66 30 63 91 51 87 37 73 17 28 71 48 67 70 65 56 54 79 51 67 33 70 12 75 28 56 32 7 55 57 90 49 108 62 66 75 46 61 28 48 101 63 67 90 18 103 46 42 79 33 43 36 77 64 89 67 50 56 41 84 39 66 62 62 77 8 91 112 31 61 98 69 45 89 88 94 84 48 73 85 46 49 14 25 99 35 52 72 21 99 97 83 42 66 32 21 105 72 57 98 38 73 20 86 61 50 17 29 33 18 85 75 51 31 81 66 53 15 67 56 55 69 86 53 36 41 28 45 38 67 97 65 78 62 15 36 111 33 22 18 48 36 64 3 101 15 65 48 21 20 94 35 7 6 98 82 89 82 
53 56 61 75 24 47 82 35 71 80 49 71 65 37 36 80 70 29 61 23 28 76 16 66 71 20 66 71 57 39 38 35 43 47 63 82 38 19 14 85 13 28 80 20 31 34 56 67 23 37 27 47 4 60 81 65 87 28 16 75 55 12 22 81 78 51 22 63 51 73 55 9 36 32 40 68 62 87 41 16 57 80 26 48 44 21 20 92 48 47 72 91 20 52 71 50 6 53 60 68 71 44 40 45 20 66 43 47 69 29 11 40 30 77 65 37 10 61 42 29 86 80 69 67 12 22 48 52 12 80 55 35 23 36 35 27 9 27 33 17 14 35 73 23 62 39 79 14 15 74 30 5 70 17 47 85 46 15 50 45 89 22 47 54 78 59 60 48 72 56 50 38 30 36 55 36 54 46 72 79 60 50 
13 53 70 70 28 88 19 20 84 61 33 20 81 87 59 39 37 70 47 42 49 53 20 44 33 42 74 30 83 55 64 37 48 51 30 55 70 67 36 61 81 31 73 24 61 12 55 30 43 26 15 56 36 70 27 89 53 65 54 25 65 34 30 83 46 62 74 40 87 25 47 71 23 27 16 59 43 84 68 29 35 32 73 21 61 56 43 64 29 73 94 32 42 82 53 49 77 73 77 64 30 62 75 57 26 34 7 84 49 58 60 24 81 82 76 48 46 16 27 86 50 34 84 41 74 5 74 60 30 6 18 45 17 88 71 49 45 77 65 61 23 45 48 33 57 65 61 37 22 42 47 18 70 95 43 66 60 37 18 93 30 42 5 28 14 44 19 85 9 48 34 25 36 83 52 17 17 82 60 74 69 
67 83 77 41 101 21 28 97 73 45 32 89 93 72 52 48 82 56 53 62 61 31 57 36 55 87 44 91 49 74 29 40 65 36 66 75 71 44 62 85 39 75 33 71 1 69 33 54 33 9 60 49 83 40 103 63 71 67 39 68 35 36 97 59 70 87 30 100 39 50 80 33 39 24 72 52 92 72 42 44 42 84 34 69 64 50 75 20 86 107 36 55 94 66 52 88 86 90 78 43 73 86 56 39 26 19 97 45 60 71 26 94 95 85 50 60 27 27 100 63 47 96 44 79 14 85 66 38 7 28 43 20 92 79 55 42 85 71 62 21 58 57 46 68 79 62 41 29 38 51 26 74 102 54 77 67 27 31 106 36 34 8 36 27 57 10 98 4 61 45 26 30 94 46 5 11 95 74 87 80 
17 59 25 35 56 53 31 21 34 43 62 77 20 26 33 21 39 33 23 48 45 22 58 17 21 24 63 90 39 80 91 3 61 26 65 69 56 75 76 54 79 42 37 66 6 56 24 46 65 62 20 19 35 36 36 61 16 29 71 62 59 30 10 49 26 86 37 29 64 46 42 30 53 7 48 62 67 25 48 38 36 33 50 46 61 25 77 19 40 55 12 31 12 64 37 27 27 11 24 31 44 79 36 78 48 35 80 73 29 59 27 36 53 67 8 40 61 33 29 30 36 58 70 53 34 58 55 60 44 74 56 82 56 52 77 59 59 76 63 24 39 25 27 17 76 55 57 77 59 54 74 76 43 30 55 84 36 39 50 87 58 54 43 10 69 35 63 11 26 59 75 45 87 69 66 31 18 28 29 
69 42 21 73 67 17 28 47 57 68 85 21 38 49 19 52 47 31 60 59 33 74 30 11 40 69 106 47 97 107 18 74 37 76 80 68 88 86 67 90 59 46 83 14 73 39 63 82 75 35 8 49 20 47 72 22 45 83 78 72 17 27 60 22 103 28 45 79 53 58 47 68 13 58 67 78 41 60 54 39 50 61 57 72 31 94 8 24 72 29 22 24 78 38 25 19 5 41 39 48 94 50 95 64 29 96 87 38 75 14 31 59 81 23 57 78 16 35 43 31 74 81 69 36 69 68 77 61 90 73 91 65 66 93 66 70 90 80 34 52 39 37 11 90 71 71 93 74 69 85 81 52 35 66 101 53 23 66 104 75 67 59 25 86 26 79 26 43 76 92 45 103 86 83 21 18 26 32 
55 69 55 86 68 41 80 78 13 18 79 76 36 51 25 32 79 17 79 76 42 70 61 65 15 61 22 67 71 62 97 32 8 16 98 31 17 94 25 46 23 76 65 45 38 44 68 20 66 76 75 75 24 8 75 65 21 45 95 66 51 10 51 75 58 65 33 17 47 50 83 57 97 17 12 65 92 38 32 55 10 15 105 38 71 63 78 41 53 58 47 30 37 47 56 66 52 30 26 42 76 67 64 54 52 31 31 52 66 50 15 34 62 56 51 75 85 77 51 35 12 66 37 12 94 74 51 47 56 22 5 21 51 9 7 32 58 78 24 69 32 75 32 36 89 54 29 85 20 24 93 34 10 74 58 77 41 71 72 92 73 61 70 57 75 49 44 52 60 35 59 75 68 59 78 47 37 
60 31 33 56 34 24 24 63 74 36 23 19 41 30 23 30 39 26 25 36 20 45 10 65 68 41 56 66 24 44 30 58 58 43 59 69 39 67 19 38 40 29 34 18 24 39 49 14 43 20 61 32 53 31 9 58 40 42 55 17 45 46 61 59 9 47 49 18 7 32 31 41 65 58 9 36 20 47 7 45 39 50 37 51 44 66 34 14 53 25 47 50 46 49 37 3 37 52 61 21 53 22 56 59 57 35 34 52 55 56 49 19 14 37 58 34 22 56 40 63 27 47 48 39 35 19 53 31 76 54 39 55 59 52 60 38 27 30 15 31 40 60 36 37 54 43 34 63 77 38 40 47 58 10 64 29 62 33 38 21 17 43 57 37 20 10 35 51 57 64 43 40 53 37 47 42 
88 87 4 33 68 78 65 83 42 59 60 21 60 58 52 66 80 54 86 51 14 59 66 117 48 111 121 37 95 44 78 84 89 95 86 88 94 73 49 100 35 85 51 76 98 81 54 27 69 6 54 75 43 64 88 90 93 4 42 63 19 118 13 64 88 52 73 63 88 28 79 63 81 60 81 67 37 67 64 62 93 34 109 15 8 84 45 11 36 86 33 22 13 26 58 42 44 102 70 109 82 17 107 94 42 89 7 21 56 90 42 74 91 8 56 64 20 84 82 87 32 74 89 95 76 101 88 90 65 73 104 64 73 96 95 55 60 59 43 32 96 82 91 105 83 89 88 76 73 36 70 116 70 7 79 117 93 88 78 45 102 13 97 40 57 90 105 38 114 103 99 10 39 22 32 
39 85 57 47 37 67 71 68 50 29 68 36 33 59 39 37 54 14 50 74 39 69 38 54 24 35 56 50 48 53 49 55 42 63 50 54 14 51 21 60 11 38 13 13 39 44 75 41 91 43 49 62 34 46 15 49 84 46 48 72 30 84 34 29 60 15 26 35 60 60 71 51 37 52 22 65 24 47 43 62 58 21 74 95 14 44 80 51 31 70 70 76 67 31 54 66 38 41 22 16 81 31 39 52 5 81 78 64 29 51 17 8 88 62 47 79 22 57 14 67 44 49 20 12 26 1 70 57 33 27 63 49 42 7 55 37 43 50 71 42 19 42 25 29 38 52 80 60 59 45 27 22 94 14 30 19 47 30 49 16 82 20 48 30 6 20 74 35 20 13 80 68 71 63 
84 67 21 10 95 104 51 30 50 73 61 55 39 68 8 35 53 37 74 29 97 75 75 57 68 50 11 63 86 85 16 80 98 11 91 40 72 28 52 49 52 44 35 74 33 64 18 88 65 82 47 25 83 54 10 83 49 76 78 58 90 25 67 83 39 36 4 60 24 97 85 28 16 47 81 30 76 70 22 70 48 72 92 51 45 84 57 68 84 78 80 62 37 71 85 77 17 54 24 88 69 78 68 44 80 87 89 68 45 29 47 84 38 25 88 60 91 25 81 77 10 23 35 66 38 105 86 66 65 91 81 81 44 35 61 28 65 59 81 56 4 63 66 2 89 109 26 73 76 55 28 91 48 62 23 8 13 43 38 88 25 52 43 45 56 91 72 33 37 84 53 79 75 
31 64 74 65 83 38 55 57 18 58 55 48 64 76 50 83 47 10 55 66 114 47 108 118 33 91 41 76 82 85 93 85 84 92 70 47 97 31 82 48 73 95 79 50 23 65 6 51 74 39 60 86 87 89 2 38 61 17 115 14 60 86 51 70 59 84 25 75 63 80 57 77 64 36 63 62 60 89 32 106 11 10 81 42 11 33 84 33 21 12 22 54 40 44 100 66 106 78 17 105 92 40 86 3 21 56 88 39 70 88 7 52 60 20 81 81 83 32 72 85 91 73 98 85 89 64 71 102 64 71 94 92 51 57 55 40 28 94 79 87 102 80 85 87 76 69 35 69 112 66 9 76 114 89 84 74 41 99 13 94 36 54 87 102 38 112 100 96 10 35 21 31 
52 57 41 58 41 45 28 12 27 24 44 33 59 42 53 37 21 38 43 84 19 79 88 24 76 10 48 53 73 62 58 71 63 42 18 72 26 53 19 44 68 48 36 35 50 37 21 44 38 41 56 57 75 29 18 32 15 86 27 41 55 26 42 34 66 17 68 41 50 39 66 34 15 40 33 30 80 4 78 22 41 51 22 23 10 53 17 13 19 25 31 11 22 69 51 77 54 23 74 61 10 57 27 21 32 57 27 45 59 36 50 48 22 50 53 59 14 42 71 67 46 67 57 63 37 40 71 39 42 63 63 44 26 41 9 35 63 48 71 72 49 67 58 55 63 8 39 84 43 40 46 85 65 70 55 28 72 25 70 15 27 58 73 25 81 74 69 24 38 13 8 
13 86 98 29 9 44 55 54 48 18 63 14 14 57 17 55 14 89 85 64 69 81 31 27 52 83 83 21 82 94 20 91 40 61 44 33 54 41 45 48 73 15 43 6 67 56 78 26 15 83 60 25 64 34 69 60 73 71 15 69 73 39 30 23 41 17 88 82 15 13 44 67 26 70 64 27 56 62 53 71 55 30 65 42 70 69 61 61 42 28 58 73 82 6 66 31 70 78 80 56 52 61 70 79 71 26 31 55 63 17 4 71 62 88 35 66 73 21 38 38 73 46 101 78 63 74 83 76 83 53 14 55 10 53 38 83 58 24 72 66 23 87 101 13 60 71 70 26 70 50 75 37 20 18 25 52 69 41 37 35 53 67 77 82 49 50 65 32 62 61 
87 96 42 21 42 63 53 47 31 61 2 26 49 27 64 19 89 75 66 57 69 40 19 54 80 79 20 76 91 15 86 34 63 31 43 45 42 38 36 68 23 55 8 78 56 75 38 15 78 51 17 73 39 68 68 60 80 15 62 74 33 28 10 50 23 89 79 18 15 40 71 22 68 63 27 61 50 62 82 47 35 74 47 63 74 68 70 52 28 61 76 74 8 54 21 78 68 73 59 42 70 77 80 64 35 23 45 74 31 16 78 55 85 24 71 70 15 25 30 63 36 98 78 60 64 83 74 76 43 27 53 18 56 50 76 51 14 62 60 11 83 101 23 64 69 57 20 81 43 63 24 13 7 33 39 78 28 42 34 43 56 81 72 36 38 74 44 69 66 
18 82 82 44 49 34 40 84 28 88 81 55 75 59 72 2 74 23 80 84 65 106 36 20 28 106 43 22 102 35 57 25 88 68 57 45 55 80 33 72 76 83 71 30 21 78 73 33 58 104 63 55 19 48 88 52 73 46 15 57 58 93 58 103 4 24 72 99 48 29 64 19 25 113 37 84 61 73 54 58 54 49 43 32 44 53 66 59 30 21 54 84 80 74 48 65 44 32 64 63 44 9 47 66 66 64 72 89 84 45 48 21 77 33 25 102 86 62 61 68 25 10 34 65 4 20 45 70 83 33 76 34 76 45 49 99 67 42 95 30 14 99 33 23 87 67 72 53 84 84 100 82 66 83 52 87 53 52 64 73 28 72 88 80 55 80 44 35 
98 95 54 67 44 50 98 35 98 94 56 89 77 84 17 68 39 78 80 80 115 50 17 22 116 37 9 112 24 64 40 92 83 59 57 61 83 32 85 93 94 89 42 22 93 84 27 58 113 81 69 29 66 85 71 84 44 32 64 68 101 74 115 21 20 83 110 56 47 74 28 34 123 54 83 79 91 56 72 72 65 41 50 62 71 83 70 47 39 48 95 78 81 66 61 38 48 67 81 62 27 45 80 74 65 90 103 96 63 48 13 82 51 27 112 91 69 57 72 7 21 38 61 19 22 38 72 97 43 88 50 93 38 51 107 64 42 103 22 14 112 50 27 85 76 90 57 81 89 110 91 80 85 70 91 67 63 66 71 46 67 90 82 73 96 62 53 
21 51 37 58 52 11 67 44 15 73 17 32 29 84 104 59 92 103 17 56 47 85 88 48 93 96 48 98 56 57 72 14 70 43 61 73 81 23 15 33 40 56 81 5 34 90 76 54 38 29 69 41 97 49 34 81 67 55 43 53 24 38 82 86 30 40 54 56 43 70 65 52 45 86 29 44 70 28 43 32 81 56 44 40 18 37 51 63 96 34 89 55 49 95 91 49 71 36 51 73 84 19 50 74 36 15 26 51 75 90 60 53 77 49 65 56 89 67 102 76 71 92 79 79 94 75 15 58 26 47 10 94 71 54 91 77 53 93 96 32 49 74 94 45 43 65 98 64 49 46 20 77 47 68 30 42 72 88 63 101 76 75 42 3 45 48 
42 47 51 45 9 61 23 5 59 8 46 13 84 89 59 74 85 22 36 46 80 81 30 82 92 29 90 42 56 51 24 56 37 47 54 72 10 34 12 58 52 75 17 16 82 62 34 55 27 66 52 78 63 16 70 67 41 30 32 33 22 83 80 14 22 43 61 28 66 61 35 49 68 44 62 57 24 56 35 70 62 53 53 33 25 53 67 84 13 71 36 62 80 80 50 55 52 62 74 72 18 33 58 54 11 5 62 63 85 41 59 71 30 45 40 75 50 98 74 62 76 79 74 83 57 5 52 8 48 29 83 59 33 75 66 32 86 97 17 53 69 75 28 61 52 80 44 29 25 17 58 61 48 30 32 56 71 70 85 56 55 56 23 54 54 
39 10 5 47 19 44 42 25 37 47 29 47 57 26 51 60 34 61 18 38 39 62 42 50 58 48 15 23 47 39 24 10 16 41 30 32 53 40 64 15 33 46 29 39 29 60 56 23 26 43 58 55 29 31 33 15 14 48 35 61 47 38 29 56 6 36 20 26 20 69 29 50 47 68 23 23 51 25 30 40 41 47 44 16 25 38 45 40 49 30 51 47 40 23 29 54 49 39 33 32 22 31 62 52 42 50 25 43 34 38 29 58 43 20 41 30 57 35 20 44 41 32 43 35 45 11 34 20 50 43 21 54 44 26 50 43 59 58 30 27 55 22 67 18 57 41 56 37 31 45 53 45 23 9 30 44 46 54 48 41 52 50 42 33 
39 36 43 45 65 43 65 38 10 44 50 96 29 90 100 24 81 23 59 64 77 74 68 75 74 53 29 81 24 64 30 56 78 60 40 27 55 25 33 55 35 48 68 69 79 17 24 43 5 97 17 48 67 35 52 43 73 14 70 48 61 45 69 46 20 48 44 42 82 13 89 12 29 63 28 12 16 65 19 7 8 19 39 21 28 81 56 89 63 15 86 73 21 69 15 14 40 69 28 55 70 24 49 51 15 63 63 68 17 54 76 76 56 80 68 73 47 52 83 48 53 76 74 45 38 45 21 29 76 60 77 84 61 74 69 62 64 17 50 95 51 28 58 97 74 74 62 30 82 15 79 21 37 69 84 26 93 84 79 12 34 7 14 
6 56 9 54 51 27 46 48 39 36 57 18 54 62 41 72 16 28 30 72 36 40 68 40 23 15 55 45 28 15 23 49 23 41 58 50 64 7 23 53 39 32 31 70 56 29 15 41 62 53 39 28 24 23 24 58 39 71 37 29 39 66 14 30 30 15 9 79 26 55 49 68 26 30 50 27 26 35 38 46 48 26 20 30 42 51 53 40 49 47 34 19 34 54 45 29 30 39 32 35 63 61 52 47 24 34 43 33 19 68 52 28 41 37 47 25 13 44 30 22 37 40 54 1 44 17 56 37 22 64 45 22 60 35 48 68 25 17 60 33 67 22 60 50 66 48 38 52 51 53 28 19 34 47 39 54 56 49 50 57 39 30 
49 16 48 45 28 39 45 33 42 59 21 54 63 35 66 14 35 36 66 41 46 62 46 20 18 52 39 28 9 20 46 29 34 52 43 61 10 30 47 33 38 32 64 53 23 21 39 62 51 33 31 28 20 18 53 34 65 42 35 33 60 11 31 24 22 16 73 25 54 45 65 26 24 48 23 30 36 37 44 43 20 20 33 46 44 53 35 48 49 39 18 33 51 45 34 34 33 27 34 60 54 45 46 26 40 39 33 26 62 48 25 43 34 53 31 19 46 36 29 42 39 47 7 38 16 50 42 24 59 47 26 55 41 54 61 25 24 59 27 64 21 60 46 60 42 32 49 50 50 22 12 34 48 41 56 53 46 48 51 38 29 
65 33 5 66 10 40 20 85 97 60 83 94 19 44 48 84 86 37 89 95 36 95 49 58 61 19 64 41 54 63 77 16 26 22 51 55 79 9 25 87 70 42 48 28 69 48 88 58 25 77 69 48 37 41 29 27 84 85 22 29 50 60 36 70 64 41 48 77 38 55 64 26 51 34 77 61 50 48 26 32 53 67 91 23 80 46 57 89 87 51 63 45 58 75 79 18 42 66 47 5 15 59 70 89 50 58 75 38 55 48 83 59 102 77 67 85 81 78 90 66 4 56 16 49 21 90 66 42 83 73 41 91 98 21 53 73 85 37 54 59 89 54 37 35 17 67 56 58 31 38 64 80 68 94 66 65 51 14 51 53 
62 61 28 55 55 49 30 53 19 54 60 50 80 23 19 21 81 29 30 77 31 29 17 60 54 30 24 27 52 15 51 66 59 71 12 14 62 48 23 31 78 62 38 9 47 62 57 48 23 21 30 33 66 47 80 31 19 48 75 21 32 38 8 4 88 32 57 56 74 27 39 55 36 21 37 43 52 56 35 24 29 36 60 53 47 53 44 27 24 37 61 49 25 25 48 39 37 70 70 61 50 22 24 49 36 10 77 57 34 38 40 37 18 8 42 24 13 30 43 63 9 54 23 65 30 22 72 43 18 68 26 41 77 30 8 61 41 73 25 59 56 74 55 48 55 56 59 37 28 37 47 39 51 60 52 56 66 44 34 
28 49 29 66 21 91 75 68 57 68 42 17 56 81 80 18 76 92 14 87 35 64 30 45 46 44 39 35 69 25 57 10 80 58 76 40 17 79 51 16 75 41 70 70 60 82 17 63 76 34 30 8 52 23 90 80 20 15 41 73 24 70 64 26 63 49 64 84 48 37 76 49 64 76 70 72 54 29 63 78 75 9 54 21 80 68 74 61 42 72 79 82 65 37 24 45 76 32 18 80 56 86 24 73 71 14 24 31 64 36 100 79 61 64 85 75 77 43 28 55 20 58 52 77 52 12 62 61 9 84 103 23 66 70 57 21 83 44 63 24 12 7 35 39 80 27 44 36 43 56 83 72 35 37 76 46 71 68 
61 5 41 15 83 92 57 78 89 18 41 45 80 82 35 84 91 34 91 44 55 56 19 58 37 49 58 73 11 29 18 53 51 75 11 19 82 64 39 50 25 65 48 82 58 19 72 66 43 32 37 29 26 81 80 16 27 45 58 30 66 60 39 46 72 39 57 59 22 52 32 72 59 50 48 28 27 50 65 86 18 75 40 57 83 82 48 58 47 58 72 74 15 37 61 49 9 10 58 65 85 45 56 71 35 50 43 78 53 98 73 63 79 77 74 85 61 2 52 11 46 24 85 61 39 78 68 37 86 95 21 50 69 79 31 56 54 84 48 34 30 14 62 56 53 28 33 59 74 67 89 61 60 52 17 50 51 
57 72 46 57 32 45 26 35 58 64 43 39 34 68 27 49 63 39 17 43 35 63 3 35 12 26 24 50 77 51 89 35 35 67 43 32 4 63 82 47 37 68 34 80 43 14 49 18 29 49 61 72 59 36 45 64 19 58 31 36 32 75 53 29 73 94 2 46 76 50 16 63 65 73 69 35 47 57 25 51 25 29 76 22 25 46 10 79 73 53 15 54 26 9 87 70 57 74 8 43 28 60 30 63 35 19 16 16 56 45 21 19 51 35 27 15 63 28 51 44 74 27 6 56 19 14 51 37 66 70 53 32 32 31 92 7 32 33 60 42 53 28 78 35 48 31 9 20 66 29 34 26 77 73 66 57 
38 12 77 88 52 75 86 14 44 39 74 76 38 79 86 37 85 40 49 55 16 54 31 44 56 67 6 28 18 50 46 69 12 17 77 60 42 47 19 59 43 80 54 17 67 60 39 27 38 24 31 76 75 13 30 40 52 26 60 55 43 41 69 36 55 54 16 48 27 67 54 45 44 25 22 45 59 81 19 72 38 53 79 77 43 54 44 53 66 69 10 33 57 47 14 13 54 60 80 43 51 65 38 48 39 73 50 92 68 57 75 72 68 80 58 8 46 9 40 23 80 56 40 74 63 38 81 90 26 45 63 77 28 54 49 81 47 37 29 9 60 52 51 22 28 55 71 62 85 59 57 48 18 46 46 
45 60 104 39 97 107 24 82 32 69 74 76 84 78 75 84 59 39 86 22 72 37 63 84 70 41 19 56 16 42 65 31 50 77 77 80 9 28 53 11 104 17 50 76 45 59 48 74 14 67 57 71 46 68 53 30 53 54 51 81 23 95 2 21 70 31 11 22 74 28 15 8 13 43 31 38 90 57 95 68 17 94 82 31 75 7 19 50 78 29 59 77 15 45 51 19 71 73 72 26 63 76 80 62 88 74 83 57 61 91 58 63 85 81 42 47 46 31 22 85 69 78 92 70 75 79 71 62 27 60 102 55 19 65 104 78 75 64 31 88 15 83 26 43 76 91 34 101 89 85 10 29 15 24 
74 76 49 63 74 22 38 37 68 69 35 69 80 32 77 29 46 43 25 43 26 34 44 59 5 39 12 60 41 63 24 5 69 49 36 55 20 55 49 67 61 5 57 58 28 17 29 31 31 73 68 1 28 30 53 15 55 49 41 42 57 44 64 44 16 55 28 57 56 49 51 34 13 44 59 71 13 60 26 59 68 67 42 43 52 58 64 59 16 21 45 57 24 12 59 50 73 31 53 59 32 37 27 62 38 86 63 49 64 68 62 70 46 17 40 5 39 34 70 46 33 63 53 30 73 86 28 46 57 64 16 63 39 69 35 31 18 14 48 59 40 23 20 43 59 63 73 47 45 55 30 50 47 
76 25 82 86 67 108 38 21 29 108 45 22 104 36 59 27 90 69 59 47 57 82 35 74 77 85 72 32 23 80 75 34 60 107 64 57 21 49 90 53 75 48 17 60 61 95 60 106 3 26 74 101 50 30 67 22 27 115 39 86 62 74 56 60 55 51 45 33 45 54 68 61 32 22 56 86 82 76 49 67 45 34 66 64 45 10 49 67 68 66 73 91 86 46 50 22 79 34 27 105 88 65 62 71 24 12 36 66 6 22 46 72 85 35 78 36 78 46 51 101 69 44 97 31 12 101 34 25 89 69 73 55 86 86 103 84 68 85 53 89 54 54 66 75 28 74 90 82 56 81 45 36 
73 20 13 90 84 73 54 47 91 31 59 86 44 48 71 49 95 34 67 43 40 41 81 110 79 121 64 53 99 72 41 28 84 113 79 60 99 24 110 72 30 74 49 61 71 93 98 79 50 75 90 51 86 61 59 58 98 84 29 105 125 34 78 107 82 32 91 96 104 101 67 77 83 20 79 22 54 106 9 30 76 33 111 102 76 28 86 55 30 119 100 86 104 33 55 51 89 50 85 52 48 16 39 64 65 45 13 71 54 30 32 93 58 81 74 106 30 35 77 13 35 73 46 81 98 82 53 25 60 124 39 18 52 83 68 85 38 108 51 80 63 32 19 93 3 44 38 108 104 96 87 
72 79 42 85 12 29 35 84 47 39 81 45 41 3 73 44 46 23 41 67 33 49 54 61 54 11 26 55 51 39 49 84 45 32 14 29 80 38 51 42 8 41 38 73 35 81 24 32 50 77 32 13 44 15 14 91 16 73 41 57 43 35 37 26 40 18 26 35 44 38 8 12 55 62 71 57 34 63 46 9 52 44 30 14 44 42 48 53 53 66 61 32 40 34 60 17 25 81 69 46 57 55 44 18 27 61 20 24 48 59 60 17 53 11 54 48 39 79 62 37 75 40 38 77 12 21 78 47 56 40 78 67 79 62 43 70 37 71 29 31 53 65 21 70 74 67 38 57 26 16 
11 80 65 69 62 55 73 42 69 68 55 38 70 29 84 26 60 34 22 47 68 99 63 114 62 59 86 58 50 23 65 107 70 63 94 8 106 58 34 76 38 50 53 84 80 84 58 61 72 44 85 48 61 58 79 80 9 97 119 28 68 102 75 37 89 92 98 92 56 74 84 32 63 3 37 102 19 40 73 21 104 99 79 33 75 41 20 112 85 70 101 32 64 33 87 55 67 34 36 20 24 75 70 46 17 76 60 41 17 79 55 67 71 96 41 32 58 13 38 55 56 90 81 80 57 7 47 117 32 6 34 65 51 73 19 104 32 72 54 21 7 93 18 24 20 103 92 92 84 
91 76 78 65 58 84 43 71 79 56 48 77 40 95 35 70 44 33 50 79 110 75 124 69 62 98 69 53 30 76 116 80 68 103 11 115 69 38 82 49 61 64 94 91 88 61 72 83 53 92 59 67 65 90 88 20 107 128 37 79 111 84 41 97 100 107 102 66 82 90 32 74 14 49 111 19 42 81 32 114 108 84 36 86 52 29 122 97 82 109 38 67 45 95 59 78 45 47 23 35 76 75 52 19 80 64 42 28 91 63 78 79 106 42 39 69 17 43 66 58 93 92 88 62 13 58 127 41 6 45 76 62 84 30 113 43 82 64 31 15 100 13 35 31 112 103 101 92 
58 29 68 71 52 76 79 51 81 42 39 64 4 56 26 47 63 64 17 19 32 38 38 63 13 26 73 62 56 33 12 52 29 86 40 26 65 50 41 30 50 10 45 65 69 23 44 39 40 32 53 48 58 29 76 22 42 56 12 34 15 65 41 31 30 12 24 34 47 80 33 78 46 39 81 74 32 58 30 39 56 68 5 39 61 34 25 27 40 59 73 51 38 60 52 58 44 75 55 85 59 54 77 62 61 77 63 20 41 22 30 16 77 56 54 77 61 51 76 79 39 33 57 83 34 41 50 86 56 51 41 7 68 38 61 13 27 59 75 49 87 68 65 34 16 32 33 
74 98 96 10 91 109 7 103 51 82 36 60 60 62 55 43 85 41 70 26 94 76 93 52 35 94 65 2 91 58 87 86 66 98 35 78 94 50 47 14 68 21 108 96 37 15 58 91 41 87 82 14 80 56 80 98 62 54 92 66 79 94 87 88 69 47 81 96 88 25 62 35 96 79 89 79 55 88 96 99 79 53 41 58 90 41 31 97 71 103 35 91 88 6 31 46 76 48 116 97 77 75 102 92 91 54 40 73 36 76 65 91 67 8 73 77 12 100 121 26 83 87 63 39 97 60 70 32 7 24 51 46 96 33 61 54 56 65 101 82 41 45 92 58 88 85 
39 43 72 52 49 69 53 33 10 65 32 43 12 35 60 38 36 44 49 48 10 35 43 39 46 47 72 40 19 23 25 76 37 39 44 21 33 28 62 25 68 36 41 37 65 25 18 34 24 20 79 10 69 33 52 41 22 33 14 42 22 22 30 34 26 7 21 58 50 68 48 33 63 50 5 48 38 30 27 46 30 39 49 47 53 48 31 40 44 52 19 32 69 61 38 57 49 55 29 29 60 33 33 53 54 47 15 41 2 43 53 38 68 61 38 64 48 50 64 11 29 74 37 51 36 75 59 67 51 30 64 35 63 17 21 48 62 28 70 66 60 34 45 23 14 
8 100 23 11 95 16 46 30 74 71 42 43 43 66 15 70 83 78 83 29 5 81 67 13 41 96 75 56 16 59 70 67 67 28 25 47 52 84 64 99 24 4 68 94 39 41 57 15 19 107 45 67 70 86 39 58 66 53 25 45 55 64 73 55 37 34 34 79 62 64 62 46 24 38 49 74 58 24 29 67 57 48 83 89 81 59 31 5 65 45 9 95 73 51 42 55 18 13 20 46 17 6 25 55 82 28 73 39 82 25 34 90 49 25 86 11 28 96 41 11 69 59 85 39 66 71 93 74 66 68 66 74 54 47 49 55 44 53 73 65 67 84 55 45 
99 15 14 94 10 44 35 70 75 38 45 41 61 10 71 87 78 89 33 8 83 67 5 36 95 80 59 21 65 63 73 67 22 33 45 52 82 68 99 32 3 68 93 38 47 56 19 23 106 50 61 75 92 35 60 73 57 19 52 61 70 77 55 42 42 26 78 56 61 69 39 16 43 45 80 65 31 22 69 55 43 89 91 81 66 26 9 62 51 11 94 70 49 35 51 21 21 19 39 25 11 17 50 84 30 74 43 86 17 30 88 42 20 84 5 35 97 47 14 62 58 91 36 59 68 92 72 69 63 72 70 58 48 44 48 51 45 68 60 73 87 61 51 
95 111 5 106 54 81 44 54 65 61 58 51 88 37 63 23 88 76 95 46 33 97 70 8 85 55 88 82 74 93 33 82 93 53 48 20 63 12 108 99 34 8 60 89 42 88 82 7 77 64 74 92 67 51 87 63 83 91 83 83 63 47 79 94 93 22 70 39 92 85 93 77 60 82 92 99 83 48 43 63 84 33 25 92 75 105 41 88 90 6 39 50 82 54 118 97 80 82 102 94 96 60 34 73 32 74 58 96 71 15 79 80 18 103 121 17 81 89 71 40 91 63 78 39 8 26 46 54 91 41 58 53 61 72 98 88 49 53 86 51 84 82 
28 90 13 42 46 61 80 31 50 37 52 13 73 94 77 100 41 23 88 67 10 26 90 91 64 33 76 49 86 67 13 46 43 52 77 75 98 48 19 69 91 39 60 55 31 32 102 61 49 85 103 28 65 84 64 12 65 72 81 84 57 53 55 11 77 43 56 81 24 2 53 36 90 77 46 12 74 52 34 99 93 81 79 20 24 56 64 21 90 62 45 21 43 33 36 22 24 40 25 1 40 86 36 74 52 92 1 24 83 28 16 79 15 50 96 58 25 49 56 102 32 44 61 88 69 73 52 84 62 64 51 36 35 65 30 59 51 85 92 73 62 
107 15 57 40 84 82 52 54 54 76 24 81 93 90 91 40 16 92 79 18 50 108 83 67 26 67 77 74 79 36 33 58 64 95 74 111 26 12 79 106 51 49 69 25 31 118 55 75 80 94 49 69 74 63 33 52 63 72 83 66 47 41 39 90 70 75 69 52 29 48 59 82 65 29 36 78 68 58 92 101 92 67 41 6 76 53 21 107 84 62 48 65 7 21 31 52 21 17 29 64 94 39 85 49 92 29 44 101 55 34 97 13 23 108 51 22 76 71 93 50 72 82 104 85 78 77 73 84 65 59 59 62 50 58 83 75 75 94 63 54 
101 49 78 39 53 60 57 53 46 84 34 62 20 87 72 90 45 30 93 65 5 84 52 84 80 69 91 30 77 89 48 43 15 61 15 104 94 31 8 55 86 38 84 78 12 75 59 73 91 62 48 85 61 78 88 81 81 62 43 76 91 88 19 65 34 90 80 88 74 55 81 90 95 78 46 38 58 83 34 24 90 70 100 36 85 85 1 34 45 76 49 114 93 75 76 98 89 91 55 33 69 29 71 57 91 66 10 74 75 13 98 117 19 78 84 66 36 90 58 73 34 3 21 44 49 89 36 55 50 56 67 96 83 44 48 85 51 82 80 
51 45 74 85 43 55 47 65 18 80 97 86 99 43 18 93 76 8 39 101 91 69 31 75 63 83 76 25 42 52 60 88 78 107 39 13 77 101 47 57 64 30 33 113 61 63 86 102 40 70 83 67 23 62 71 80 87 64 52 51 24 86 57 67 79 37 15 53 49 90 75 40 25 79 62 47 99 100 90 76 31 14 68 61 21 101 74 56 35 55 20 30 27 38 33 21 14 53 93 40 82 53 96 14 35 95 42 25 90 5 38 105 57 24 63 66 101 43 58 73 99 79 78 66 82 75 68 57 48 49 61 43 72 64 83 97 71 61 
38 32 47 14 23 5 26 34 33 62 35 76 30 41 50 26 43 20 50 69 32 38 57 44 69 26 28 47 1 13 37 46 56 60 45 28 49 9 51 14 37 32 61 44 35 59 81 15 30 65 37 29 55 55 61 54 18 40 53 42 35 36 17 66 39 39 38 16 67 63 52 30 38 10 18 74 53 40 65 21 51 19 53 36 49 28 5 33 15 65 47 26 35 53 41 42 21 46 24 34 35 58 42 17 43 34 26 39 48 71 54 45 36 42 14 79 10 44 26 47 28 36 30 67 30 33 16 17 32 61 45 33 26 65 56 56 48 
70 43 43 20 38 64 32 46 53 58 54 8 26 53 48 39 47 81 45 29 14 29 77 39 48 41 11 38 35 70 34 78 26 32 47 74 29 15 41 15 13 88 15 71 40 57 41 32 38 24 38 20 26 35 43 34 7 15 54 59 68 53 35 61 45 8 50 44 31 17 43 40 45 50 53 63 58 33 38 35 57 18 25 78 66 43 55 52 45 19 25 59 22 24 47 56 57 14 50 9 52 47 37 76 60 35 72 40 40 74 12 21 75 44 56 38 75 64 76 59 40 67 38 68 27 28 50 63 23 68 71 64 38 55 26 16 
68 32 53 32 9 60 49 82 39 102 62 70 67 38 67 34 36 96 58 69 86 30 99 38 49 79 32 38 24 72 52 91 72 42 44 41 83 33 68 63 50 74 20 85 106 35 55 93 65 51 87 85 89 77 42 72 85 55 38 26 18 96 45 59 70 25 93 94 84 49 59 26 27 99 62 47 95 43 78 13 84 65 38 6 27 43 19 91 78 54 41 84 70 61 21 57 56 45 67 78 61 40 29 38 50 26 73 101 54 76 66 27 30 105 35 34 7 36 26 57 10 97 3 60 44 25 30 93 46 5 10 94 73 86 79 
61 30 51 68 68 20 15 34 35 42 67 11 30 77 67 58 31 16 55 29 90 39 30 70 52 46 34 53 10 45 68 73 26 46 44 42 36 56 52 59 31 80 20 39 60 16 32 18 69 42 31 29 9 28 37 49 85 35 82 50 38 85 79 35 63 28 39 59 72 9 43 65 31 24 29 39 64 76 55 39 64 54 62 48 79 60 88 62 58 82 65 65 82 67 20 45 24 33 11 82 60 56 81 65 54 80 82 40 35 61 87 38 38 55 91 60 53 44 11 72 37 65 17 31 64 79 50 92 72 69 32 12 32 34 
34 9 23 27 48 76 48 89 36 38 65 40 35 6 59 81 46 39 68 34 80 40 17 51 15 27 46 59 68 61 39 42 61 18 58 28 38 34 72 53 27 72 93 3 44 76 49 19 63 65 72 67 33 48 58 28 48 25 25 76 25 28 46 7 79 73 55 18 52 23 7 87 67 54 74 11 46 25 61 33 59 31 16 19 12 59 47 23 21 53 38 31 13 60 29 48 44 72 31 8 52 20 18 48 41 69 67 53 34 31 28 91 6 32 30 57 38 51 25 78 32 47 29 7 20 67 30 31 23 77 70 66 57 
25 49 38 27 43 38 54 15 38 38 28 47 39 60 46 14 28 34 67 46 28 40 31 22 16 50 25 58 46 44 26 54 16 30 22 29 23 68 21 59 37 58 33 15 42 15 39 34 32 38 34 14 19 33 55 39 58 36 43 57 48 17 38 44 40 37 42 24 27 40 52 46 39 42 34 48 40 31 34 58 49 27 51 38 61 37 28 54 41 37 51 44 39 15 31 14 41 51 31 56 54 35 52 50 60 54 23 32 65 25 57 28 66 47 56 39 23 53 44 51 13 9 39 54 40 64 55 49 42 42 33 26 
26 30 38 66 40 79 30 38 55 31 39 15 54 72 36 36 59 41 72 31 24 47 6 17 41 50 61 58 41 33 54 9 52 19 35 30 65 46 33 62 84 10 34 67 40 25 57 57 64 58 23 41 53 37 40 33 20 68 34 35 39 13 70 65 51 25 42 15 14 77 58 45 67 16 48 21 54 33 53 30 8 28 14 61 45 23 31 51 38 37 18 51 24 39 37 63 37 12 47 30 21 43 44 68 59 46 34 39 19 82 5 41 28 51 32 41 29 70 31 37 20 13 29 61 40 33 26 68 61 58 50 
51 49 82 42 100 56 62 68 39 58 25 43 94 56 61 83 24 95 39 40 73 26 35 31 70 58 84 63 42 50 35 77 31 61 56 57 70 13 83 105 26 53 90 62 42 82 81 86 76 40 66 79 46 42 19 17 92 36 50 65 16 91 90 77 40 58 24 18 97 65 50 91 34 70 13 79 57 45 12 22 33 12 82 70 46 32 76 62 52 12 59 50 47 62 78 52 32 36 29 41 33 64 93 59 71 58 21 29 103 27 27 12 43 29 56 4 93 10 58 41 17 21 87 38 7 2 91 74 82 75 
62 81 68 86 27 12 76 58 9 26 84 77 52 19 62 55 72 58 13 33 35 42 71 62 89 37 12 59 83 29 46 46 18 18 95 47 51 71 89 24 53 70 50 10 51 58 67 71 46 39 42 22 68 47 50 67 32 12 39 34 76 64 34 14 62 45 33 85 82 72 65 16 18 51 50 8 83 59 39 27 40 31 24 10 31 29 13 15 39 75 23 64 39 79 15 19 77 34 9 73 14 43 87 44 12 54 48 88 26 51 57 81 62 61 52 71 59 51 39 34 40 52 39 58 50 71 80 59 49 
33 15 55 42 65 18 10 72 54 39 50 18 56 45 73 57 10 61 57 32 21 33 27 32 73 70 7 29 34 51 20 56 51 43 40 63 39 59 48 14 51 26 61 54 46 47 29 16 43 58 75 16 65 31 55 73 71 41 48 47 55 64 63 12 26 50 51 20 12 55 54 75 36 50 61 35 42 32 67 43 88 64 52 69 69 63 74 51 13 42 5 38 29 74 50 37 68 57 34 76 87 27 44 59 70 21 58 43 74 41 34 24 10 53 55 45 21 22 49 64 61 78 53 51 51 24 47 45 
46 25 54 79 17 44 89 81 68 24 30 67 31 105 36 44 84 61 61 49 66 19 53 75 85 40 55 58 48 51 68 64 67 38 95 17 29 75 31 30 30 83 46 34 28 10 43 46 56 99 47 97 65 37 100 92 45 78 21 39 67 86 24 58 80 21 30 39 39 78 88 70 44 76 64 76 63 94 75 98 72 71 97 74 77 95 82 29 57 37 44 5 95 75 68 96 79 66 92 89 47 43 73 102 53 28 70 106 75 63 57 26 87 34 79 30 46 79 94 54 106 86 84 29 12 34 41 
69 53 73 29 10 77 54 24 65 32 65 60 67 72 10 64 70 34 26 19 42 21 85 78 11 16 39 65 21 65 60 30 54 56 54 73 49 28 66 40 64 68 61 62 43 24 56 71 76 1 60 25 70 72 75 54 46 62 70 76 65 27 25 49 65 23 7 70 56 83 29 65 68 20 33 32 67 40 97 74 59 68 79 72 77 47 18 51 10 51 41 77 52 22 66 61 19 82 98 19 58 67 64 20 72 45 69 31 19 13 25 46 70 35 35 31 47 61 75 76 44 44 66 35 62 59 
58 80 42 65 93 94 92 8 44 68 24 121 19 65 92 58 76 65 89 30 78 69 86 61 80 70 42 69 69 67 92 38 112 17 4 87 47 17 39 91 39 28 18 25 60 47 50 107 70 112 84 23 111 98 46 92 10 27 62 95 43 76 94 4 55 63 26 88 87 89 38 79 88 96 79 105 91 95 70 78 108 70 78 101 98 54 64 59 47 30 101 85 91 109 87 89 94 82 72 41 75 118 72 3 82 121 94 87 79 45 104 19 99 42 60 93 108 44 118 105 101 16 37 27 37 
25 51 42 35 39 74 50 27 13 35 70 45 42 34 18 30 28 63 35 73 32 31 41 69 21 22 34 14 10 82 20 63 43 62 33 29 43 24 32 27 31 40 44 29 12 23 48 53 61 46 41 54 40 12 42 48 38 23 36 37 37 43 57 60 54 39 31 34 49 25 22 72 58 35 48 44 46 22 19 52 26 23 42 48 54 6 46 11 53 42 30 69 53 29 65 38 45 69 18 19 68 37 61 30 67 56 70 52 37 59 44 60 25 22 42 55 31 61 63 56 44 54 32 22 
76 62 13 37 91 72 51 12 56 67 64 62 25 24 42 47 79 60 94 25 6 63 89 34 38 52 11 15 102 42 63 67 83 35 53 64 49 22 43 52 61 69 50 33 33 33 74 59 59 60 44 22 34 45 71 56 23 26 62 52 44 80 84 76 57 27 10 60 42 5 90 68 47 39 50 23 13 15 43 18 2 24 50 77 23 68 35 78 24 29 85 46 21 81 13 31 91 38 6 66 54 82 35 63 67 88 69 62 63 63 69 50 42 45 52 43 51 69 61 65 79 52 42 
29 85 71 50 39 24 65 40 92 49 29 76 63 49 37 49 21 36 78 82 25 38 49 53 38 66 61 50 42 81 29 46 65 23 43 29 76 53 42 39 18 32 47 60 91 30 84 50 49 90 86 46 66 36 50 69 78 14 45 68 38 13 22 50 70 86 55 50 72 46 60 50 84 62 98 72 66 86 76 74 89 69 12 53 21 43 12 89 66 50 85 72 49 88 93 30 46 70 89 39 45 60 93 59 46 41 15 72 47 63 26 37 67 82 61 96 71 69 42 6 43 46 
67 46 33 59 24 55 53 63 65 54 59 25 15 25 35 31 74 67 3 26 29 56 12 55 49 40 45 52 48 69 41 20 59 32 55 59 53 55 39 13 46 61 68 11 55 21 63 64 65 44 39 57 62 65 56 21 17 41 61 27 14 63 47 73 26 56 58 30 32 24 59 34 86 64 48 60 69 61 68 41 21 40 8 41 39 68 43 29 59 51 26 72 87 29 48 56 60 12 68 36 64 30 28 14 19 43 63 35 27 20 40 55 66 69 42 40 59 35 54 50 
32 93 84 61 25 68 58 78 67 18 37 44 52 80 70 99 38 8 68 93 38 52 56 23 25 105 54 57 79 96 32 62 76 59 15 56 65 74 79 56 46 46 21 78 51 59 73 34 11 46 42 83 69 36 18 71 54 40 92 91 81 71 24 14 60 56 13 92 67 48 30 48 24 26 19 34 30 15 11 46 84 32 74 46 88 11 27 86 37 17 82 5 40 96 51 17 58 57 95 34 54 65 90 71 70 59 77 67 60 49 41 44 56 40 65 57 77 89 65 55 
64 86 51 40 72 31 84 46 14 53 21 33 50 65 74 62 38 48 66 23 62 34 39 35 77 58 26 77 98 6 50 80 54 17 67 70 77 73 39 51 61 23 54 22 30 80 18 24 50 10 84 77 56 14 58 29 7 92 73 60 78 10 44 29 64 33 64 35 22 13 16 57 48 24 15 54 38 27 13 66 32 54 48 78 27 9 57 15 16 53 38 69 73 57 35 29 34 96 11 28 34 62 44 57 26 82 35 52 35 9 16 70 25 32 24 81 76 70 61 
89 56 86 84 66 96 33 77 92 49 46 13 66 20 107 95 35 13 57 89 40 86 80 14 78 56 78 96 61 52 90 65 78 92 85 86 67 46 79 94 87 23 62 34 94 79 88 77 54 86 94 98 78 51 39 57 88 39 29 95 70 101 34 89 86 4 31 45 75 47 115 95 76 75 101 91 90 53 38 71 34 74 63 90 66 7 72 76 11 99 119 25 81 86 63 37 95 58 70 31 5 22 49 46 94 33 59 52 55 65 99 81 41 45 90 56 86 83 
38 59 15 114 13 59 84 49 68 58 84 24 75 61 78 56 77 63 34 63 61 59 89 30 105 11 12 79 41 9 32 82 31 19 10 22 53 38 42 99 66 105 77 15 103 90 38 85 3 19 54 86 38 69 87 9 53 60 18 80 79 82 30 70 85 90 72 97 84 87 62 69 100 62 69 93 90 51 56 55 39 28 93 77 87 101 79 85 85 74 70 33 67 111 65 10 75 113 88 84 74 40 98 12 93 35 53 86 101 36 110 99 95 8 35 19 29 
41 29 77 41 24 54 40 31 20 49 14 50 56 57 21 47 28 33 25 41 36 61 22 67 27 49 45 4 35 8 53 35 29 31 21 15 25 39 68 33 68 39 39 70 62 23 48 35 38 47 56 10 31 51 42 34 30 39 48 61 44 32 48 53 52 34 63 46 74 48 42 66 52 50 65 53 27 29 23 20 27 65 44 53 66 49 50 64 70 45 26 45 74 27 47 39 77 50 51 38 10 60 39 55 3 16 49 65 43 76 61 57 36 28 30 27 
44 71 53 55 30 13 38 40 74 48 86 22 18 54 82 29 27 46 1 5 95 29 66 54 71 36 43 51 37 28 32 40 49 57 41 21 22 42 66 62 55 48 51 32 22 46 58 44 16 32 51 47 46 68 74 67 46 30 21 57 31 11 84 66 43 45 49 32 9 16 49 15 10 34 52 67 14 59 23 66 34 31 80 51 25 76 25 33 83 26 7 69 48 70 34 68 64 82 63 51 64 51 68 39 34 46 56 32 58 69 61 52 68 40 30 
101 12 53 69 34 56 48 78 19 75 46 62 50 74 49 19 53 45 43 87 15 93 14 27 66 33 8 21 67 16 4 5 23 43 22 27 83 61 92 68 10 89 74 23 72 15 9 39 71 33 59 74 24 54 56 10 65 63 72 15 55 81 81 60 82 72 72 46 54 86 47 54 77 78 50 41 50 24 33 77 63 82 87 64 79 69 60 69 17 51 99 56 26 61 100 79 79 67 35 86 10 83 26 41 73 88 23 96 88 83 9 38 4 13 
113 63 42 84 45 56 54 91 82 92 66 66 74 51 92 54 70 66 80 87 10 104 125 36 74 109 82 45 97 99 105 98 62 82 92 39 66 8 42 110 26 48 80 28 111 107 87 41 81 47 27 119 89 74 108 40 72 37 95 63 68 35 42 28 30 82 78 54 24 84 68 48 23 84 63 71 78 101 48 40 59 21 46 56 64 98 83 87 65 3 52 124 40 5 36 66 54 79 20 112 33 78 61 28 15 101 22 25 22 110 98 100 91 
65 80 41 69 60 90 30 85 50 70 62 85 62 25 65 54 53 98 26 105 20 21 78 45 6 33 78 21 14 10 31 56 33 32 94 73 104 80 4 100 85 33 85 14 8 44 82 45 72 86 21 63 67 7 77 70 85 21 64 92 93 73 94 85 77 53 65 97 52 62 87 90 60 52 62 35 39 87 75 94 98 74 91 78 63 79 27 60 111 68 20 73 112 91 91 79 47 99 2 96 38 54 85 100 25 107 101 96 6 46 13 23 
54 59 25 15 25 35 31 74 67 3 26 29 56 12 55 49 40 45 52 48 69 41 20 59 32 55 59 53 55 39 13 46 61 68 11 55 21 63 64 65 44 39 57 62 65 56 21 17 41 61 27 14 63 47 73 26 56 58 30 32 24 59 34 86 64 48 60 69 61 68 41 21 40 8 41 39 68 43 29 59 51 26 72 87 29 48 56 60 12 68 36 64 30 28 14 19 43 63 35 27 20 40 55 66 69 42 40 59 35 54 50 
44 29 40 63 66 85 50 24 56 78 27 56 42 29 28 89 54 39 77 96 15 54 78 55 3 61 66 74 75 45 47 53 14 64 34 43 76 20 11 46 24 82 72 46 2 62 39 22 91 81 68 74 7 31 42 59 21 76 49 32 14 30 42 36 15 18 42 26 13 28 74 28 62 45 82 13 11 70 21 5 66 24 56 83 53 24 41 43 95 18 38 48 74 55 61 41 79 49 54 39 23 27 63 27 47 39 78 81 67 57 
47 46 81 43 89 15 29 58 86 38 15 52 15 17 100 22 78 47 61 48 43 41 34 42 19 30 39 51 46 15 9 56 70 75 64 36 65 46 17 58 49 32 6 46 51 55 58 58 74 70 34 43 29 67 19 24 89 76 52 59 61 38 12 29 63 13 22 48 64 68 23 62 20 61 48 43 87 65 39 83 37 29 85 18 21 82 55 59 46 81 74 87 70 51 76 40 78 38 39 58 69 19 72 80 73 42 65 30 21 
12 36 45 55 60 46 27 48 9 51 13 38 32 60 43 36 58 80 16 30 64 36 30 55 55 60 53 17 40 53 43 34 36 17 65 40 40 38 17 66 63 52 31 37 10 19 73 52 39 64 22 52 19 52 37 48 28 5 34 15 65 47 26 36 53 42 43 22 45 24 33 35 57 43 18 43 35 27 38 49 71 53 44 37 42 13 79 11 45 26 46 27 35 30 67 30 33 15 17 33 61 46 33 27 65 55 56 48 
34 35 47 61 51 16 42 13 46 6 40 34 55 37 46 48 69 27 18 55 26 40 50 47 51 41 5 35 49 54 26 48 20 57 52 50 33 28 56 55 52 42 25 11 31 62 41 29 57 33 57 24 47 42 44 33 14 46 26 71 49 33 48 55 46 53 33 34 25 22 30 45 53 29 40 47 36 36 56 73 44 39 41 53 9 68 22 56 31 42 23 23 39 58 35 22 7 29 45 56 58 40 36 56 43 48 42 
60 28 95 82 28 19 45 80 28 74 68 26 70 44 73 93 48 45 84 57 65 83 78 80 63 36 69 84 73 18 50 20 88 65 74 67 41 81 87 87 65 45 27 44 85 41 26 88 56 89 21 80 74 14 19 32 62 34 102 83 63 62 89 78 77 40 37 59 29 64 61 77 53 6 59 62 2 85 107 30 72 73 51 25 92 45 58 19 12 11 43 34 88 21 52 41 42 52 90 68 29 33 84 55 79 75 
55 58 66 32 55 41 31 38 49 45 68 21 81 13 34 58 17 24 11 65 31 21 20 9 29 27 39 81 43 82 53 28 83 74 26 62 21 29 49 68 15 45 65 27 35 37 29 60 69 58 29 57 62 66 49 77 61 80 53 52 80 56 58 76 67 30 39 32 25 18 76 57 64 80 61 61 73 72 50 25 54 88 41 33 53 91 64 61 50 17 74 28 68 12 30 63 79 39 90 75 71 24 21 21 24 
105 99 32 8 60 83 42 87 81 14 72 72 65 82 70 46 78 57 86 85 76 75 54 45 75 90 97 21 77 44 84 91 96 73 65 72 84 96 86 41 45 68 74 23 19 85 77 105 47 82 90 16 46 52 86 59 118 95 80 87 100 93 98 66 25 72 27 70 48 98 73 25 85 82 26 104 118 6 76 88 79 41 81 66 85 46 17 30 40 61 83 49 53 52 66 79 93 95 57 60 78 41 77 77 
29 73 101 51 27 67 23 28 115 37 88 60 71 58 59 52 49 47 30 42 51 66 61 31 19 59 86 84 77 46 70 48 33 68 61 42 9 51 66 69 68 70 90 85 43 52 25 80 31 29 104 89 65 65 72 28 14 38 69 8 24 49 74 84 36 77 35 76 49 53 101 72 46 97 35 14 101 32 27 91 69 70 56 88 87 102 84 67 86 50 90 53 54 68 77 25 77 91 84 53 80 42 34 
67 93 38 44 56 17 21 106 48 63 73 89 36 59 70 55 21 49 58 67 75 55 40 38 30 78 58 62 66 42 19 40 46 77 62 28 25 68 55 45 86 90 80 63 28 6 63 48 9 94 71 50 38 52 19 17 19 42 21 8 20 52 83 28 73 41 84 20 31 89 45 21 84 7 32 96 44 12 65 58 88 37 62 69 92 73 67 65 69 71 56 47 46 51 48 48 70 62 70 85 58 48 
27 30 54 14 55 49 41 43 56 45 66 43 17 56 29 56 56 50 52 35 13 44 59 70 12 59 24 60 67 66 42 41 53 59 64 58 18 20 44 58 25 13 60 49 73 29 53 58 32 35 26 61 37 86 63 49 63 68 61 69 44 18 40 6 39 36 69 45 32 61 52 29 73 86 28 46 56 63 14 64 38 68 34 30 17 15 46 60 38 24 20 42 57 64 72 46 44 56 31 51 48 
54 81 36 82 76 13 70 63 66 84 63 43 79 55 79 83 75 75 55 40 72 87 89 15 69 36 84 83 89 70 57 74 84 92 79 40 39 60 76 26 17 84 70 99 39 80 84 9 38 45 79 51 113 91 74 79 96 88 92 58 26 67 24 67 50 92 66 17 77 76 18 98 114 11 73 83 71 35 83 59 77 38 9 22 38 53 83 41 50 47 58 71 91 87 49 52 78 43 76 75 
42 18 29 23 67 36 43 53 74 17 27 58 31 27 47 47 54 49 18 31 44 41 39 42 26 58 42 37 30 22 60 55 43 29 36 18 24 68 54 43 57 20 44 28 44 29 55 37 14 35 23 58 38 19 38 44 33 40 28 47 15 35 27 55 40 16 51 38 23 47 43 62 58 36 29 49 19 73 12 50 35 53 34 34 38 60 39 28 12 23 38 52 48 42 35 58 54 48 40 
52 28 28 95 11 85 32 45 56 37 25 25 53 5 15 24 38 44 11 8 69 66 83 66 21 76 59 13 64 34 17 20 58 42 57 65 43 65 64 18 53 45 70 4 38 86 79 56 70 66 53 28 40 74 28 36 61 70 60 29 56 16 49 61 52 85 75 50 81 52 41 78 7 35 90 55 44 52 90 77 84 68 43 81 25 81 30 39 65 78 10 83 84 78 26 53 15 7 
46 40 49 43 43 52 73 29 21 60 32 43 56 52 56 44 9 41 56 56 21 46 14 63 52 53 39 27 60 61 58 44 27 7 30 66 39 26 62 35 62 19 53 47 38 27 12 47 23 76 55 37 49 61 51 56 31 32 31 20 36 47 56 31 34 47 39 30 61 79 40 45 46 51 3 72 24 54 25 36 17 25 35 64 30 27 13 28 44 62 58 36 32 61 44 53 48 
5 95 31 65 56 73 35 44 53 38 26 33 41 50 58 42 22 24 41 66 61 55 49 50 31 23 45 60 46 17 31 52 47 45 69 75 67 47 29 20 57 32 10 84 66 42 44 49 32 9 15 48 15 9 33 51 68 14 59 24 67 33 30 80 50 24 76 24 33 83 27 6 68 48 71 33 66 64 82 63 52 63 53 67 40 34 45 54 34 57 68 60 54 69 42 31 
89 28 61 53 71 31 38 51 34 25 33 39 48 54 36 20 25 41 60 58 49 49 48 31 20 41 57 45 21 30 47 41 41 66 70 62 46 26 25 52 31 12 78 61 37 42 44 37 15 12 46 21 13 34 47 63 9 54 20 63 34 26 74 48 22 70 28 39 77 26 9 65 42 69 29 64 59 76 57 47 59 52 62 35 29 41 51 35 55 63 56 52 64 40 30 
84 70 79 96 74 57 92 69 90 97 89 88 67 53 86 101 100 29 76 46 97 92 100 84 67 86 97 106 90 54 50 70 88 37 31 98 82 112 48 94 97 12 45 57 88 61 125 104 87 88 109 101 103 66 38 80 38 80 62 103 78 21 86 87 24 110 128 20 87 96 77 47 95 70 84 45 14 33 52 60 96 47 64 60 68 79 105 95 55 59 91 55 90 89 
79 25 42 51 26 23 14 52 13 12 20 29 34 8 18 68 55 78 57 22 74 60 8 59 29 19 28 56 31 48 60 38 54 52 21 50 50 61 10 40 75 70 48 67 59 60 34 39 71 35 40 62 64 48 26 45 9 39 62 49 74 72 49 71 55 51 67 4 37 85 46 41 47 86 68 74 58 32 74 24 72 19 30 59 73 21 81 76 71 24 42 12 5 
95 116 30 65 101 72 42 90 91 97 88 52 74 85 40 56 7 31 101 28 47 73 20 102 99 82 38 71 36 20 109 79 63 100 36 70 26 87 59 58 25 32 28 20 81 74 50 25 80 64 48 14 73 56 61 70 91 48 35 49 22 42 46 62 95 73 80 61 7 41 115 32 14 25 56 43 69 10 103 23 69 51 20 13 94 27 15 12 101 87 92 83 
21 70 30 13 22 75 30 18 11 11 43 33 40 91 55 95 67 20 95 83 32 75 8 22 52 79 27 59 77 14 43 49 22 72 75 72 28 65 74 79 62 88 74 85 59 62 92 60 65 86 80 40 48 44 32 20 86 69 76 92 71 73 80 74 59 29 61 101 55 20 65 104 77 73 63 29 87 18 82 25 43 76 91 37 102 88 84 13 26 18 26 
91 51 19 43 95 41 31 22 30 64 50 52 111 74 117 88 25 115 102 50 97 14 29 65 99 48 80 99 8 59 67 28 92 90 93 41 82 92 101 83 109 95 98 73 81 112 73 81 105 102 58 68 64 51 34 105 90 96 113 91 93 97 84 76 45 79 123 76 1 86 125 99 91 83 50 109 21 103 47 64 97 113 46 122 110 106 18 41 31 41 
44 74 48 17 61 63 70 66 33 46 55 27 49 27 27 74 25 26 44 10 77 71 52 16 52 24 10 85 68 55 72 8 43 27 59 30 61 34 17 18 15 56 44 20 21 50 35 29 16 61 26 49 42 72 29 5 54 21 15 50 38 66 69 51 31 34 29 90 5 34 33 59 40 50 28 76 35 46 29 10 21 65 31 34 26 75 70 64 55 
39 12 53 39 33 35 23 12 29 43 68 29 66 36 43 69 63 26 47 38 42 50 56 9 28 49 44 31 26 43 47 63 41 36 50 49 49 32 63 44 76 51 43 65 55 52 66 51 24 30 19 24 28 66 44 49 65 49 46 65 73 41 30 47 72 24 50 38 75 47 47 34 8 57 43 52 7 15 47 63 47 75 58 54 39 27 34 31 
28 76 22 11 4 25 51 31 33 92 67 100 75 7 97 83 31 80 9 10 45 80 39 67 82 18 57 61 9 74 70 80 21 63 86 88 68 91 80 78 53 62 94 53 61 85 86 53 49 56 32 33 85 72 88 95 72 85 77 65 73 25 59 107 63 18 70 108 86 85 73 41 94 4 91 33 49 81 96 27 104 96 91 1 40 11 21 
53 27 21 24 20 22 18 32 69 41 73 46 31 72 62 17 53 29 30 40 57 16 38 55 37 40 38 31 49 58 51 24 46 61 59 40 66 52 69 43 41 69 47 47 65 58 34 27 31 14 29 65 46 61 69 49 58 62 64 53 18 43 79 34 42 43 81 57 60 46 17 66 32 62 5 21 53 69 35 79 67 63 29 31 22 19 
58 64 73 74 45 45 50 16 65 37 44 74 23 10 44 26 81 70 43 4 62 40 24 90 81 69 72 8 28 44 57 18 78 51 33 17 32 40 33 13 21 39 23 13 30 74 26 62 43 81 13 12 71 24 4 67 21 53 84 50 21 44 44 93 20 41 50 76 57 61 43 77 51 53 39 25 30 60 30 49 41 77 80 65 55 
12 21 38 47 15 11 74 69 88 70 17 81 64 17 69 31 13 23 63 44 61 70 40 66 66 14 58 49 74 3 43 89 83 60 75 70 56 32 45 79 31 41 66 75 61 34 59 20 48 66 57 88 80 55 84 56 43 80 11 39 95 59 40 57 95 81 87 72 45 85 20 85 32 43 69 83 7 88 88 82 23 53 12 8 
9 26 43 19 23 80 62 90 67 10 86 71 19 70 19 9 35 68 35 58 72 28 56 57 10 62 59 71 11 51 82 80 59 79 70 68 42 51 83 43 50 74 76 51 38 51 21 36 74 61 82 84 60 79 66 56 71 13 47 97 55 30 59 98 78 80 67 36 85 12 82 26 40 71 85 19 93 87 82 12 41 1 9 
21 47 28 32 89 63 97 71 9 94 80 28 77 10 11 44 77 35 62 78 19 53 57 11 70 68 76 20 60 82 84 64 87 76 77 51 59 91 52 59 82 82 50 46 52 29 31 82 68 84 91 69 81 75 64 69 22 56 103 59 21 66 105 82 81 69 37 90 8 86 29 45 77 92 27 101 92 87 4 37 9 18 
36 36 47 89 44 89 59 31 91 82 35 70 19 32 57 77 17 51 72 22 31 38 33 69 78 64 35 66 63 71 55 85 67 88 62 61 88 64 67 85 75 29 48 33 34 10 85 66 65 88 69 63 82 80 48 33 63 95 47 29 61 98 69 62 53 20 80 29 73 21 38 71 86 45 98 80 77 24 15 26 31 
33 48 59 24 53 24 53 58 55 31 34 51 52 52 47 19 16 37 57 36 25 53 38 60 29 44 45 43 37 19 52 31 73 50 36 54 55 48 58 39 29 27 18 28 39 58 34 41 53 41 37 60 74 41 36 43 59 12 63 27 62 35 41 24 17 44 54 39 18 7 35 51 54 64 45 41 51 37 44 39 
14 61 57 73 55 29 67 52 2 54 37 25 21 49 35 46 55 46 59 55 27 44 42 59 13 32 76 68 45 61 55 52 26 31 64 28 31 54 60 53 19 48 5 46 54 42 75 66 41 71 47 45 70 5 28 80 44 49 42 80 66 75 58 36 70 31 70 22 28 54 68 21 74 73 67 31 49 20 9 
65 72 83 68 28 73 55 17 64 42 24 12 55 49 59 65 51 72 70 25 52 38 72 12 33 91 81 58 68 67 45 21 38 72 20 31 57 71 67 29 62 20 57 57 51 89 73 47 86 46 33 85 14 30 90 58 51 52 89 79 89 73 50 82 32 83 36 42 65 77 10 81 86 79 34 61 23 15 
76 34 53 90 13 10 60 32 97 86 56 12 77 51 29 106 95 82 87 21 35 52 72 31 87 57 44 12 39 44 46 29 15 51 35 10 34 88 43 76 59 96 10 25 80 18 20 76 26 61 96 66 35 39 56 109 32 34 56 85 67 76 46 93 56 68 53 31 27 75 19 52 44 93 96 81 71 
60 25 71 72 75 55 46 63 71 77 65 28 25 49 66 23 8 71 57 84 29 66 69 19 32 32 67 40 97 75 59 68 80 73 78 47 19 51 11 51 42 78 52 21 66 61 18 83 99 19 59 68 63 20 73 45 69 31 18 12 26 46 71 35 36 31 47 60 76 76 43 44 67 36 63 60 
35 101 21 41 72 20 103 98 78 33 73 39 18 110 83 68 99 32 65 31 86 55 64 31 34 21 22 76 70 46 18 76 60 42 14 76 54 64 69 93 42 31 55 15 38 52 57 90 78 78 57 7 44 115 31 8 31 62 48 71 16 103 29 70 52 19 7 92 20 21 17 101 90 91 82 
77 47 54 53 21 75 76 69 44 41 9 24 81 47 32 77 36 68 5 67 54 34 13 12 42 15 82 64 43 43 70 58 56 22 42 41 29 50 60 56 32 27 41 42 23 65 88 44 59 54 38 12 87 24 44 11 31 14 39 22 78 15 42 27 22 35 76 51 21 19 75 56 68 62 
96 80 29 81 17 4 40 78 43 69 82 24 63 66 3 73 66 82 17 59 91 91 70 90 81 73 49 60 93 48 58 83 87 59 48 60 31 40 83 71 92 94 70 89 73 59 78 23 56 107 66 24 69 108 89 89 77 45 96 4 93 36 51 81 96 21 103 98 93 8 46 9 19 
23 66 26 101 92 66 18 77 47 23 110 92 78 94 23 48 44 79 41 80 48 40 6 32 57 56 36 4 62 45 23 25 85 48 72 65 97 23 25 71 6 26 68 39 74 91 73 44 26 52 114 30 20 47 77 61 75 34 99 47 70 54 25 15 83 7 41 34 98 95 87 77 
51 34 89 76 46 10 72 50 32 97 91 79 78 18 25 53 63 21 88 60 43 19 41 34 35 21 23 40 24 3 38 84 35 72 51 90 3 22 81 26 14 77 16 51 94 57 24 47 54 101 30 43 58 85 67 71 50 83 60 62 49 33 34 65 29 57 49 84 90 72 61 
52 37 26 23 48 33 44 53 46 57 53 28 43 43 57 14 32 74 66 43 60 53 53 27 31 63 30 32 54 58 51 18 45 3 44 54 41 73 65 41 69 48 47 68 6 29 78 42 49 40 79 64 72 56 34 68 32 68 20 26 52 66 23 73 71 65 32 47 20 10 
83 78 62 24 54 21 3 90 66 52 80 18 53 19 67 40 55 25 15 21 6 66 54 30 22 60 45 37 6 60 35 47 50 74 37 15 47 20 25 43 48 76 65 59 41 26 26 95 12 28 24 52 35 52 18 83 25 50 32 1 16 73 30 23 15 81 72 71 63 
20 54 85 35 67 85 9 50 57 19 78 78 80 30 69 82 87 69 95 81 87 61 68 98 62 68 91 88 48 54 52 37 26 91 75 84 99 77 82 84 74 67 32 66 109 63 12 72 111 86 81 71 37 95 13 90 33 50 83 99 36 108 96 92 8 32 19 28 
36 74 43 67 80 28 64 66 1 69 62 80 13 56 90 89 68 86 79 69 45 57 90 44 54 79 84 60 45 60 28 42 79 68 91 91 67 88 69 55 79 20 52 105 64 28 67 105 87 89 76 45 93 8 91 35 49 79 93 17 100 96 90 11 48 8 15 
48 57 61 62 63 81 76 37 46 26 72 24 25 95 81 57 61 65 33 10 32 65 8 21 48 68 74 28 68 26 67 48 47 93 67 41 89 35 23 91 24 22 85 61 63 50 84 79 94 76 57 80 44 82 44 45 62 72 20 73 84 77 46 71 35 26 
65 40 22 93 83 70 76 9 31 43 61 22 78 50 33 13 31 43 38 17 17 43 27 12 28 76 30 64 47 84 12 13 71 20 7 67 24 57 85 55 25 40 45 97 20 37 48 76 57 63 41 81 50 56 41 24 26 65 25 47 39 81 83 69 59 
34 56 40 23 22 44 56 72 46 41 58 47 53 39 71 51 84 59 52 73 63 60 75 58 17 39 17 31 20 75 52 49 73 58 46 74 80 36 35 56 78 29 46 47 82 51 46 35 2 63 43 56 13 23 55 71 51 83 63 60 39 18 36 35 
24 73 45 31 68 31 62 13 58 47 38 22 7 42 17 75 56 36 43 62 51 53 24 38 33 25 41 54 53 27 33 41 37 29 59 80 44 50 46 44 5 79 20 48 20 36 17 32 28 70 24 34 18 22 37 67 52 29 25 67 51 59 53 
92 69 55 81 17 52 22 68 40 57 27 18 18 9 64 54 30 19 60 45 34 6 63 36 50 51 77 34 15 50 17 23 46 46 76 68 60 41 25 29 97 13 26 26 55 38 55 19 84 27 52 34 2 14 74 27 25 17 83 74 73 64 
51 59 27 86 87 86 39 78 84 93 76 103 88 96 71 76 106 71 78 100 95 50 63 56 46 26 100 84 88 107 86 85 93 83 68 41 75 116 69 7 80 118 91 83 75 42 102 20 96 40 58 91 106 45 116 102 99 17 33 28 37 
15 64 74 94 52 63 80 35 56 51 86 61 107 82 72 88 86 83 94 69 7 61 19 54 25 94 70 41 86 77 40 96 104 17 58 78 86 39 58 63 91 54 35 36 23 69 61 58 36 42 67 82 74 97 67 67 56 18 57 58 
67 61 86 37 63 71 25 40 38 73 47 99 76 62 74 80 74 82 54 10 53 7 50 34 82 57 28 72 65 26 86 99 15 56 69 71 26 66 50 76 39 24 20 21 54 65 43 33 33 53 67 73 83 51 51 61 28 58 57 
71 63 81 15 57 91 90 69 88 80 70 46 58 91 45 55 80 85 60 46 61 30 42 80 69 92 93 68 89 71 56 79 21 53 106 65 27 68 107 88 90 77 46 95 7 92 36 50 80 94 18 101 97 92 10 48 9 17 
35 36 56 23 69 43 25 16 24 48 38 14 20 44 28 21 23 67 24 55 41 75 21 4 63 21 6 59 29 59 76 49 25 39 36 91 11 37 41 67 48 55 36 75 43 48 32 17 25 61 30 42 34 74 74 63 54 
70 49 15 100 77 56 44 59 13 17 25 48 19 11 25 58 88 33 78 44 87 25 38 95 51 28 91 9 26 102 46 16 71 64 89 44 68 76 98 79 72 71 70 78 60 53 53 57 47 54 77 69 71 89 59 50 
71 55 35 9 14 40 13 83 67 44 40 73 60 56 19 46 44 34 54 65 56 32 27 38 42 23 65 90 47 63 55 34 17 92 25 39 7 33 17 44 17 83 11 47 31 20 32 80 48 16 14 80 61 72 66 
42 86 80 57 73 68 57 32 43 77 32 40 65 73 58 32 55 17 46 65 55 85 78 53 81 56 45 77 8 38 93 56 40 55 93 78 84 69 42 83 21 82 29 40 67 80 10 87 86 80 22 50 11 5 
85 64 42 36 45 28 15 10 40 21 5 23 46 73 19 63 32 75 23 25 80 42 17 76 16 36 87 37 3 62 49 81 30 59 62 83 64 58 59 63 64 47 38 40 48 43 48 64 56 63 76 51 41 
33 44 76 48 114 93 75 76 99 89 90 54 34 69 30 71 59 90 65 9 73 75 12 98 117 20 78 84 65 36 91 58 72 33 2 21 45 48 90 35 56 50 55 66 96 82 43 47 86 52 82 80 
23 45 19 91 75 53 44 81 68 62 22 51 53 39 63 72 62 40 24 41 49 21 73 99 48 72 64 32 25 99 33 39 2 31 20 51 15 91 2 55 40 26 33 89 50 11 14 88 67 81 75 
35 12 70 52 31 36 58 46 46 19 45 29 32 40 59 46 21 38 35 30 34 53 76 51 49 41 39 12 82 13 42 21 42 23 37 26 71 25 36 19 16 31 66 45 28 22 69 56 60 53 
27 54 51 30 4 57 40 20 22 79 41 67 58 91 20 19 68 7 20 64 35 70 86 66 38 28 47 107 24 24 44 74 56 69 33 92 44 64 47 20 14 77 13 39 32 91 89 80 70 
72 58 35 28 64 50 43 7 55 38 42 50 71 43 21 40 26 30 36 54 81 59 60 46 27 22 94 15 31 17 46 29 49 15 83 19 48 31 7 20 75 36 19 12 81 68 71 63 
26 38 58 25 24 34 71 100 46 91 55 98 34 51 108 61 41 104 18 21 115 56 29 82 78 97 57 78 89 111 92 84 84 77 91 72 66 65 68 53 63 89 81 79 100 68 59 
24 55 6 11 37 60 76 24 68 29 72 37 39 89 58 32 85 25 23 92 30 13 77 58 72 43 74 74 91 73 59 72 53 77 46 43 54 63 30 63 77 70 54 75 42 33 
34 30 15 24 36 65 13 55 30 69 24 15 70 35 10 65 23 46 77 37 11 53 39 80 19 51 51 73 53 51 49 63 54 41 29 30 39 47 43 54 46 63 70 51 41 
61 44 24 21 81 45 69 62 93 24 22 68 3 24 64 39 74 87 70 43 24 48 111 26 20 43 73 57 72 31 96 43 67 50 21 12 81 10 38 30 95 92 84 74 
16 42 66 80 29 73 32 74 42 45 95 63 38 91 28 18 96 31 19 83 63 72 49 80 80 97 78 63 79 52 83 50 48 60 69 28 69 83 76 54 77 43 34 
26 51 76 21 67 33 76 26 30 85 47 22 80 15 31 90 36 5 67 53 80 35 64 67 87 68 60 64 61 69 48 41 45 53 41 52 69 61 62 77 50 40 
40 87 37 75 54 93 25 83 27 17 79 16 51 97 60 26 48 57 103 32 43 61 88 69 74 52 86 62 65 52 36 35 67 29 58 50 86 93 74 64 
62 41 50 56 78 40 21 46 19 30 42 52 82 66 65 47 20 29 101 18 23 21 52 36 56 13 89 22 55 37 6 13 80 29 18 10 87 75 77 69 
54 12 48 24 87 63 39 80 70 37 89 98 19 53 71 81 33 57 56 85 49 33 31 17 63 58 53 30 35 61 76 69 90 62 61 53 18 52 53 
45 17 56 37 23 65 46 23 61 35 48 68 25 17 61 33 66 23 61 51 67 48 38 53 50 54 28 20 35 48 38 55 57 50 50 57 38 29 
42 32 75 51 32 67 58 29 78 91 23 49 62 68 20 63 44 73 38 29 20 15 51 60 42 26 25 48 63 66 78 50 49 56 27 52 50 
43 54 39 69 63 40 66 48 49 65 9 29 76 39 49 38 77 61 69 53 31 65 34 65 18 23 50 64 26 72 68 62 33 45 22 13 
93 72 63 93 77 61 91 90 42 43 72 98 49 33 67 102 70 58 53 22 82 38 74 28 43 75 91 56 103 82 79 33 7 37 42 
25 83 27 17 79 16 51 97 60 26 48 57 103 32 43 61 88 69 74 52 86 62 65 52 36 35 67 29 58 50 86 93 74 64 
59 23 9 55 33 61 72 48 26 38 32 88 7 38 38 63 44 51 34 73 40 45 29 15 25 61 32 39 31 72 71 61 52 
65 69 4 92 113 28 77 80 56 31 94 52 63 24 7 17 47 39 92 26 56 47 48 58 95 74 34 38 88 57 83 80 
26 61 42 77 85 71 45 21 47 111 26 17 40 71 55 71 28 97 40 67 50 19 8 83 10 34 27 96 91 85 75 
65 23 52 80 47 19 45 40 89 17 42 48 73 54 57 43 73 50 49 35 24 31 57 33 48 40 73 76 61 51 
88 109 29 74 75 53 27 92 47 60 21 10 13 44 36 89 23 53 43 44 54 91 70 31 35 85 55 80 76 
35 101 52 19 63 62 96 40 59 71 96 76 73 65 77 73 63 53 47 50 55 45 71 63 78 92 66 56 
114 47 35 97 81 83 66 94 97 115 96 81 95 63 100 67 67 76 83 38 80 100 92 66 94 56 48 
71 85 80 40 75 64 86 47 21 30 35 63 77 50 48 48 66 79 88 95 59 61 72 35 72 72 
34 85 48 43 47 85 70 77 61 36 75 26 74 23 32 59 73 17 80 78 72 26 47 14 4 
64 48 77 31 61 62 82 63 55 60 59 65 44 36 41 50 40 51 65 57 60 73 48 38 
49 121 38 7 32 63 51 76 17 109 30 76 58 25 14 99 24 22 19 107 95 98 89 
75 24 53 23 33 15 27 33 66 27 30 16 27 43 65 57 33 30 63 46 56 51 
85 123 97 90 82 49 107 20 102 45 63 96 111 45 121 108 104 17 40 29 39 
38 31 56 37 45 30 72 34 40 23 12 26 61 36 34 27 70 65 60 51 
39 70 57 80 24 110 37 78 60 27 12 99 17 29 25 109 99 99 90 
31 18 49 15 89 4 53 38 25 33 87 49 12 14 86 65 79 73 
19 44 46 89 33 55 48 53 64 94 80 41 45 85 51 81 79 
33 33 77 22 41 30 36 49 79 65 31 31 73 47 68 63 
60 45 53 13 22 53 69 53 81 60 58 41 19 37 36 
97 13 62 45 18 20 90 36 6 3 95 78 86 78 
94 36 52 83 98 25 106 99 94 5 44 12 22 
57 42 26 32 91 48 8 12 91 70 83 77 
17 50 66 40 77 63 59 33 29 27 24 
33 48 49 60 47 42 50 42 41 35 
15 74 29 24 16 82 72 72 63 
86 16 26 19 97 88 86 77 
91 94 87 28 61 19 16 
42 36 105 101 94 84 
8 96 77 88 81 
92 76 83 75 
39 12 22 
42 46 
10 
