120 5
32 42 29 87 40 73 88 41 107 98 84 85 63 99 19 79 74 90 22 76 91 47 72 99 80 7 22 88 30 42 77 106 31 58 32 44 89 8 63 64 45 10 79 61 85 58 9 72 96 87 23 8 79 32 25 100 62 19 25 60 8 21 68 56 38 63 63 75 71 76 88 44 20 36 33 84 66 44 52 40 60 101 67 27 24 24 55 48 68 71 90 86 25 72 45 12 69 35 77 37 2 79 44 40 56 58 31 41 83 55 106 52 9 30 27 77 69 87 72 
10 54 75 65 90 88 12 90 110 95 91 31 82 15 64 85 88 50 73 68 17 54 82 71 35 26 83 2 10 88 88 59 51 61 37 84 25 31 61 28 32 78 54 91 64 26 84 87 70 46 38 62 59 16 82 30 32 56 29 33 46 64 63 63 35 58 66 88 68 90 54 43 19 1 89 41 54 55 63 42 86 73 59 51 38 39 24 45 49 85 97 57 52 41 20 65 65 62 29 34 55 37 68 45 54 28 30 79 71 89 28 25 7 30 67 59 89 77 
63 73 74 96 91 8 86 115 99 94 22 78 25 62 91 89 59 75 63 11 52 79 71 45 34 84 12 93 84 68 52 71 39 84 35 20 63 27 42 80 55 94 69 36 89 85 67 55 48 60 69 23 78 21 40 66 20 43 55 65 68 72 28 59 65 95 68 93 60 52 22 9 93 35 60 60 71 40 83 77 69 61 46 37 21 40 45 85 102 67 48 45 31 67 75 60 33 44 49 39 77 45 56 34 33 80 78 85 25 35 14 37 66 58 91 81 
80 11 44 68 59 102 71 59 63 80 94 39 76 49 73 7 62 93 71 72 94 70 22 30 73 53 63 52 102 7 52 11 43 75 31 82 52 53 23 62 53 63 39 30 47 86 84 8 21 76 6 40 96 79 23 14 83 23 8 57 36 9 75 53 67 43 67 67 26 11 48 55 62 74 26 37 11 63 94 46 23 7 19 58 60 74 75 76 60 19 74 40 39 56 15 74 41 28 84 43 14 54 49 35 44 68 28 101 62 30 49 30 69 63 67 51 
84 73 36 65 22 73 61 48 64 15 73 11 59 29 83 24 29 83 21 15 11 82 65 23 77 73 59 23 87 29 91 43 20 80 71 28 47 78 31 27 48 46 78 60 13 11 76 85 14 86 65 17 64 69 93 86 80 79 23 48 83 51 27 13 74 13 40 55 76 56 75 47 42 55 44 77 33 14 44 101 85 67 36 52 35 30 21 64 98 27 42 84 25 95 13 50 88 34 43 90 31 31 56 47 23 67 20 48 78 69 59 11 17 39 43 
37 67 70 106 64 54 60 90 99 50 81 44 73 17 64 100 82 78 99 73 33 40 74 64 74 47 107 9 58 12 51 77 43 93 56 62 34 62 58 60 39 41 42 88 89 19 31 82 8 51 101 89 33 19 94 34 19 60 37 2 85 57 71 35 70 66 29 22 58 66 60 83 29 40 7 70 98 46 27 16 29 66 70 82 82 77 55 24 81 47 50 59 13 79 50 38 92 51 6 61 54 45 53 69 23 105 72 42 60 40 73 68 65 50 
43 89 94 27 20 31 105 89 76 76 14 51 52 49 98 106 78 88 62 65 63 55 89 96 16 96 47 57 49 60 58 73 110 49 74 64 43 56 31 31 70 13 71 82 50 65 78 46 73 91 104 59 57 117 66 52 52 31 37 96 52 62 2 60 40 36 53 75 90 32 90 36 39 33 75 86 29 64 51 53 72 84 87 85 58 19 61 83 55 80 49 50 75 64 72 94 60 42 64 51 62 66 52 18 93 84 71 83 59 64 64 40 30 
82 54 37 25 12 90 51 80 44 28 8 74 16 65 102 51 50 27 81 68 14 90 91 26 57 74 39 78 52 17 83 97 28 63 78 10 36 12 30 81 29 30 48 69 82 46 73 74 53 90 69 83 109 80 72 26 32 67 78 31 31 44 28 4 44 70 69 89 11 70 44 36 61 55 46 22 92 75 64 55 72 64 60 17 28 88 57 47 89 23 81 44 59 88 67 52 74 46 34 61 58 14 44 53 70 81 81 62 32 36 3 17 
79 107 91 86 21 71 22 54 83 81 56 66 56 19 44 71 62 42 29 76 15 8 85 77 65 43 68 31 76 33 23 54 19 39 72 47 86 61 33 82 77 59 51 45 52 65 19 71 20 36 63 27 40 52 56 60 68 23 51 57 88 59 84 53 48 14 11 85 29 53 52 66 32 75 69 67 58 41 29 13 33 38 77 94 65 40 36 31 59 72 52 25 43 43 31 73 37 48 27 24 71 72 78 17 32 11 31 58 50 83 73 
91 79 66 73 8 91 27 80 46 105 45 27 96 36 8 33 103 85 40 93 86 79 4 109 50 113 62 37 99 80 50 63 99 50 48 66 68 98 80 24 20 98 105 28 108 84 8 73 89 115 96 101 101 46 70 105 61 49 35 95 36 58 77 97 73 90 65 52 77 66 99 48 8 66 123 106 88 52 66 46 41 37 82 119 38 63 102 48 117 30 69 108 39 62 113 50 53 75 66 42 89 1 62 98 86 80 33 38 57 64 
15 25 120 88 98 80 24 45 78 51 101 126 85 87 63 90 85 51 110 115 22 94 73 68 76 76 54 96 126 57 90 89 43 65 25 45 94 26 67 84 75 90 82 72 94 90 119 82 84 135 90 77 58 46 64 109 60 66 29 63 33 56 78 93 110 26 102 56 55 60 86 83 38 91 78 76 85 99 97 94 54 12 88 91 70 104 55 77 79 82 97 101 76 69 76 62 81 82 50 43 90 98 94 103 80 67 70 34 35 
13 104 76 83 66 10 34 66 37 88 110 70 75 50 77 70 39 95 99 7 82 63 52 66 60 42 82 110 42 74 75 30 50 13 30 80 12 56 71 62 77 68 62 79 78 103 68 73 119 76 65 43 31 54 93 45 51 21 49 22 41 65 77 95 14 86 41 39 49 71 71 22 81 66 61 69 83 82 79 42 3 78 76 55 89 40 67 65 66 84 87 60 59 60 46 66 67 38 31 78 83 80 87 65 53 55 22 20 
97 63 81 54 17 20 70 25 76 105 59 62 38 78 68 26 92 94 15 69 68 44 72 55 29 82 103 33 68 75 18 41 27 80 19 42 59 65 79 56 67 76 65 96 67 77 113 77 68 33 29 60 85 36 40 33 37 8 41 67 72 91 1 77 41 35 54 62 58 18 86 70 61 61 77 72 69 29 16 83 66 49 89 30 74 54 61 85 76 55 66 52 38 63 61 25 37 65 75 80 84 62 42 45 9 13 
65 44 52 97 87 77 73 47 26 42 66 66 64 50 81 34 22 99 70 86 52 89 44 80 55 7 63 30 60 80 55 97 75 55 96 78 55 72 67 50 86 40 65 1 57 84 23 62 73 64 75 88 13 60 61 104 64 93 70 69 32 30 95 22 70 66 85 34 71 81 89 79 61 35 21 28 33 81 107 86 37 50 52 67 93 51 41 65 34 44 94 44 58 45 39 77 89 72 21 54 33 50 61 54 91 84 
83 19 75 43 97 40 21 88 27 1 27 94 76 37 84 78 74 7 102 42 106 54 34 91 72 43 55 90 46 41 63 62 90 75 22 12 90 97 20 101 75 2 65 81 107 88 92 93 39 63 98 53 42 28 89 29 55 70 89 65 82 62 44 70 59 92 40 7 60 115 98 80 44 58 38 33 34 79 111 30 55 94 41 109 21 61 100 31 54 105 42 45 67 58 38 82 7 53 89 77 71 26 31 54 59 
64 73 81 34 67 73 32 55 83 67 20 13 78 14 25 76 90 43 46 46 31 79 10 45 54 28 17 71 49 81 53 11 72 84 71 31 23 63 44 7 84 43 17 41 44 18 31 58 52 48 44 52 62 74 64 81 41 27 18 16 80 47 41 45 47 43 86 62 44 36 23 38 29 50 53 80 85 42 54 34 11 59 50 62 23 21 60 31 52 42 48 19 25 73 57 90 33 10 11 18 63 56 80 67 
63 38 78 28 22 72 10 19 16 75 57 31 66 62 63 27 83 23 87 35 29 72 60 27 36 71 36 22 54 46 70 63 25 7 71 78 2 82 56 20 52 62 88 74 73 74 24 47 79 39 25 14 76 16 47 52 70 46 64 53 30 52 41 74 22 21 47 96 79 60 25 41 24 19 30 69 92 15 36 75 27 91 2 42 80 23 35 87 23 27 48 38 29 66 26 37 70 59 52 12 13 46 47 
36 56 35 85 101 66 74 48 67 60 40 86 91 3 82 53 46 56 53 43 72 102 36 66 65 29 44 17 22 70 2 57 69 52 67 65 52 69 77 96 58 63 111 66 54 39 22 44 87 40 49 15 47 25 31 54 69 86 17 80 31 31 39 65 71 16 71 56 51 63 76 76 74 43 12 68 71 47 80 36 57 62 58 74 82 53 50 54 40 57 59 37 21 78 75 70 78 55 51 51 25 16 
79 14 58 100 46 42 22 83 70 6 89 89 34 49 79 37 83 51 9 85 94 27 61 80 11 34 20 34 83 37 22 41 72 85 41 78 74 45 86 71 88 106 82 75 24 36 72 74 30 26 52 23 12 48 73 68 88 19 65 48 38 66 52 38 27 96 79 66 52 69 60 55 9 36 93 52 47 91 22 86 38 59 90 61 51 79 44 33 62 57 9 51 45 67 83 81 64 26 32 11 23 
67 94 66 73 97 74 16 27 78 48 59 59 105 9 55 12 44 80 26 79 56 52 17 67 56 70 44 24 54 90 86 7 14 78 9 37 98 76 20 9 79 17 4 61 42 16 73 56 70 50 71 74 31 8 45 50 69 73 31 41 18 63 97 52 18 2 18 58 58 74 75 81 67 14 75 42 33 60 16 76 40 21 84 44 18 56 52 34 44 73 35 104 61 25 45 29 72 66 73 57 
50 86 34 39 13 70 56 11 75 75 35 47 69 22 73 36 13 71 80 13 47 67 7 19 25 24 69 35 24 34 60 72 31 68 60 41 73 57 76 92 69 64 9 26 63 61 15 14 50 12 20 36 61 54 74 24 53 36 26 57 38 36 21 85 68 53 38 55 47 44 13 40 81 40 33 77 8 76 28 44 77 50 36 70 30 19 48 43 6 44 44 53 69 66 50 16 20 18 19 
71 21 22 38 88 70 52 71 63 85 23 100 42 104 49 49 82 54 49 45 84 58 42 76 67 82 85 40 17 87 91 20 100 66 20 47 76 104 70 86 90 46 68 98 35 46 36 98 38 69 71 86 54 68 74 27 71 61 93 31 28 69 111 96 76 36 44 23 19 50 91 108 19 52 84 49 108 23 54 92 13 49 106 38 48 61 51 51 87 26 40 81 65 66 34 34 68 69 
62 89 82 50 43 95 18 11 104 93 75 63 78 50 95 40 21 74 39 48 92 66 105 80 42 100 96 77 63 53 70 76 33 88 25 49 71 13 49 63 76 79 80 35 71 76 105 79 104 70 59 33 16 104 44 70 71 80 50 93 88 74 68 55 48 31 50 55 96 113 72 58 56 35 78 81 70 44 49 58 50 84 56 68 44 44 91 88 95 35 41 23 47 77 69 102 92 
28 24 68 50 39 57 52 66 34 79 21 83 29 38 64 50 29 27 64 42 22 59 47 63 65 35 15 66 71 8 78 48 28 42 55 83 64 66 69 27 48 76 29 26 20 78 22 54 50 65 37 54 58 20 50 40 72 12 31 49 90 75 55 17 31 14 9 39 73 87 6 31 67 30 87 8 34 73 16 29 84 17 27 41 31 37 66 34 27 62 50 45 19 14 53 50 
26 95 77 36 85 79 73 8 101 42 106 54 33 91 73 43 55 90 45 41 62 61 90 74 20 12 90 97 20 101 76 3 66 81 107 89 93 93 38 63 97 54 42 28 89 29 54 70 90 65 82 61 45 70 58 92 40 5 60 115 99 80 44 58 39 34 33 78 111 31 55 94 41 109 21 61 100 32 54 105 42 45 67 58 37 82 6 54 89 78 72 26 31 53 58 
74 57 15 73 71 48 34 77 21 81 36 14 73 73 17 43 70 20 18 38 34 71 48 16 21 67 76 19 76 60 29 65 61 83 86 72 70 12 36 72 53 17 5 62 3 31 44 67 52 71 36 44 44 33 66 31 25 33 92 75 58 33 50 38 33 15 53 88 30 34 78 14 84 16 44 80 39 36 79 26 21 49 42 13 55 32 47 71 65 52 5 12 30 32 
18 81 33 45 69 102 25 53 27 40 83 10 65 58 43 4 72 55 78 51 9 65 91 83 15 3 75 25 24 96 63 13 21 63 2 14 62 49 32 63 57 70 64 71 81 37 12 35 36 77 64 37 45 33 57 96 60 25 17 17 52 47 66 68 84 79 22 69 40 17 63 30 73 33 7 77 40 34 52 53 27 37 76 47 101 51 10 31 23 72 64 80 65 
67 26 34 63 84 36 36 39 22 68 15 52 43 25 14 59 39 68 40 13 59 74 64 22 21 56 36 10 77 49 7 36 55 16 23 47 39 38 46 41 53 62 54 69 28 19 18 27 67 46 28 32 37 38 78 49 42 29 11 33 31 48 50 69 72 38 50 23 21 48 43 55 15 23 58 22 44 34 37 9 19 62 45 83 34 13 20 6 55 47 68 54 
85 84 39 43 79 32 83 47 3 82 88 24 56 78 12 29 26 34 80 41 16 34 71 83 34 78 71 39 80 68 87 101 80 75 20 36 73 68 26 20 55 17 18 47 72 64 84 25 59 47 37 67 46 32 29 96 79 64 47 64 53 49 3 42 92 45 44 88 19 86 32 55 88 55 47 80 39 30 59 53 5 53 39 61 80 77 61 20 26 17 25 
12 88 91 57 52 60 38 85 23 33 62 30 30 80 55 92 65 24 84 89 72 45 36 65 58 16 85 33 31 54 30 31 45 65 64 62 38 59 68 88 70 91 54 41 21 3 90 43 54 56 62 44 88 73 57 50 37 41 26 48 52 86 98 55 54 42 18 67 63 64 30 32 58 38 66 47 56 29 31 80 71 91 31 23 8 30 69 61 90 78 
93 84 68 52 71 39 84 35 20 63 27 42 80 55 94 69 36 89 85 67 55 48 60 69 23 78 21 40 66 20 43 55 65 68 72 28 59 65 95 68 93 60 52 22 9 93 35 60 60 71 40 83 77 69 61 46 37 21 40 45 85 102 67 48 45 31 67 75 60 33 44 49 39 77 45 56 34 33 80 78 85 25 35 14 37 66 58 91 81 
81 56 47 59 54 42 75 104 37 68 68 28 45 15 24 73 5 55 69 55 70 65 55 72 76 98 60 66 113 69 57 39 24 47 88 41 49 17 47 23 34 57 71 88 15 81 34 33 42 66 70 17 74 59 54 64 78 77 75 42 9 71 72 49 82 36 60 62 60 76 83 54 53 55 41 59 60 36 24 78 77 73 81 58 51 51 23 16 
109 50 114 62 40 98 77 51 62 98 53 48 69 69 97 82 27 19 98 105 27 109 82 6 70 89 115 93 100 101 47 71 105 58 50 36 97 37 61 78 97 72 88 68 49 78 66 100 47 11 68 123 106 87 51 64 43 38 40 85 119 36 63 101 49 117 29 68 107 36 62 113 50 53 74 65 44 90 4 59 96 84 79 34 38 60 66 
59 4 50 82 35 88 59 59 27 68 60 68 45 33 51 92 91 14 23 83 1 46 103 85 29 10 88 26 13 64 42 9 82 60 74 45 74 73 32 17 54 60 67 81 32 44 14 70 101 52 18 7 25 65 66 81 82 83 64 15 81 48 42 63 8 81 48 30 91 50 8 61 56 42 51 74 32 108 69 34 54 36 76 70 72 57 
64 15 33 51 58 11 24 49 28 3 44 26 50 46 38 31 48 55 24 59 39 43 51 40 65 69 51 50 13 27 56 41 7 16 57 18 41 29 47 31 51 43 34 29 19 51 18 43 30 73 56 38 17 33 30 28 34 55 69 26 13 56 15 67 21 23 59 37 15 64 7 6 27 21 28 45 48 31 50 44 31 18 11 40 32 
55 86 37 91 63 63 29 72 65 72 49 35 54 97 95 17 24 88 5 49 107 88 32 8 90 28 16 68 47 12 85 64 78 47 78 77 37 20 57 62 71 85 37 48 17 74 106 56 15 10 29 69 70 85 86 87 67 12 85 52 44 67 4 85 51 30 95 55 8 66 60 45 55 79 35 112 73 36 57 40 80 75 76 61 
48 37 49 24 13 36 41 18 55 30 35 51 52 42 37 42 34 50 24 55 43 27 54 58 38 40 27 30 49 35 21 31 60 33 53 26 36 17 37 53 32 26 21 45 19 56 38 61 46 26 14 23 30 31 49 63 58 30 5 41 28 59 33 8 45 40 56 12 17 13 6 42 45 61 23 35 30 17 32 25 52 41 
83 87 25 57 79 15 30 29 37 81 44 13 32 73 85 32 81 72 36 79 70 89 100 82 77 21 39 75 67 27 19 59 16 21 49 74 64 84 28 58 49 39 70 46 29 31 98 81 66 47 64 52 48 1 45 94 44 45 89 20 89 30 56 90 53 48 83 39 31 60 54 7 55 36 61 81 77 62 19 26 20 28 
55 58 37 8 74 54 82 54 2 70 89 79 24 13 71 35 17 92 54 14 31 53 8 23 62 52 41 55 56 68 71 70 83 41 20 28 26 81 57 41 47 41 52 93 63 34 27 20 47 40 60 63 84 84 32 64 38 7 63 41 69 29 10 70 37 44 49 52 24 33 77 54 98 44 2 21 21 70 62 82 68 
70 36 62 87 61 103 80 56 101 85 63 74 68 57 88 42 72 7 59 86 16 63 75 70 80 91 20 66 68 109 71 99 74 71 35 30 101 29 74 71 89 41 78 87 89 81 63 41 26 36 41 88 113 87 44 55 51 73 95 58 46 65 41 49 96 50 64 49 44 84 93 79 27 55 34 53 68 61 98 90 
35 54 17 8 33 18 56 36 33 34 49 60 29 58 47 45 62 45 66 81 56 52 5 20 54 52 3 15 49 14 30 26 50 41 61 31 44 26 15 49 29 42 20 74 57 41 28 44 40 37 26 45 71 34 20 64 5 67 26 31 64 45 24 62 19 6 35 30 19 39 49 42 56 54 37 17 15 28 21 
39 53 27 68 44 36 65 59 43 45 46 35 59 20 56 29 32 61 45 41 47 37 44 60 23 32 38 73 40 65 39 43 9 28 66 21 39 35 57 15 58 51 67 54 34 11 9 22 25 57 77 64 26 19 39 39 67 34 12 47 33 13 66 17 29 17 9 52 58 62 10 36 22 23 39 31 64 55 
69 52 75 48 6 63 87 78 15 7 70 27 20 91 59 9 24 61 2 14 59 46 32 59 53 66 63 67 78 34 12 31 33 74 60 34 42 33 53 92 57 28 19 14 48 43 62 64 80 77 25 65 36 16 59 33 69 29 10 72 36 36 48 49 23 33 73 46 97 47 7 28 18 68 60 77 62 
25 18 23 72 29 28 41 61 73 38 67 64 48 79 60 76 98 71 64 16 25 61 68 21 22 44 19 12 36 62 59 79 16 60 36 27 55 45 42 16 85 68 55 45 61 55 51 15 33 81 48 37 80 13 75 36 49 79 58 41 69 36 24 51 48 8 41 49 59 72 71 53 24 27 11 13 
41 25 52 44 35 30 49 58 23 60 42 42 54 42 66 72 54 52 9 26 57 43 5 14 56 15 38 29 49 34 54 40 36 29 18 51 21 41 28 74 58 39 19 36 31 29 31 53 71 27 15 59 12 68 21 26 62 38 18 64 10 5 30 24 25 44 47 34 52 47 33 16 10 37 30 
27 80 19 42 59 65 79 56 67 76 65 96 67 77 113 77 68 33 29 60 85 36 40 33 37 8 41 67 72 91 1 77 41 35 54 62 58 18 86 70 61 61 77 72 69 29 16 83 66 49 89 30 74 54 61 85 76 55 66 52 38 63 61 25 37 65 75 80 84 62 42 45 9 13 
52 21 48 53 38 52 47 44 48 63 74 39 53 89 50 41 22 2 38 65 21 33 31 32 30 14 40 47 65 26 59 14 9 32 44 60 9 62 45 34 41 54 56 54 38 33 58 52 25 61 20 52 44 36 58 63 30 46 32 20 36 36 30 20 67 53 52 57 35 35 33 29 14 
68 88 78 22 12 69 34 16 91 54 12 30 54 7 21 60 50 39 55 54 67 69 68 81 38 18 27 27 78 57 38 45 39 51 92 61 33 26 18 46 39 59 62 82 82 31 63 37 10 61 39 68 28 10 70 35 42 47 50 22 31 75 52 97 43 1 22 19 68 61 80 66 
57 69 50 65 65 50 68 77 95 56 61 109 64 52 39 21 42 86 39 49 14 47 26 30 52 68 85 19 80 30 30 37 64 72 16 69 54 50 62 75 76 73 44 13 66 71 46 78 36 55 62 56 72 82 51 48 53 39 55 57 38 19 79 74 68 77 54 51 51 26 16 
24 83 93 27 92 76 24 77 77 99 99 89 86 28 50 87 65 34 21 72 19 34 60 83 68 87 41 55 60 48 81 45 16 44 108 91 74 48 64 49 44 13 58 104 40 51 94 29 100 26 60 97 47 52 94 42 38 65 58 19 68 23 61 88 81 68 20 28 33 42 
79 85 8 90 63 13 55 69 96 78 81 82 30 55 87 42 32 20 82 22 51 60 78 53 70 57 33 60 49 82 28 16 53 103 87 68 32 46 27 22 32 74 100 19 43 82 33 99 9 49 88 23 42 95 30 35 55 46 33 74 19 42 77 65 60 18 20 50 53 
15 71 14 32 91 71 15 16 75 16 3 54 36 17 68 49 63 48 64 68 24 3 40 47 64 67 24 34 17 56 90 47 25 8 11 51 52 67 68 74 64 21 68 35 31 54 21 69 34 22 77 37 22 49 45 28 37 66 32 97 55 23 41 22 65 59 67 52 
77 23 27 98 66 15 18 66 5 13 64 50 30 66 59 72 63 73 82 38 12 38 39 78 67 38 46 32 60 98 61 21 15 18 55 50 69 71 86 79 19 72 42 19 64 28 75 36 7 80 42 32 55 55 30 40 78 47 104 54 13 34 25 74 67 81 66 
83 55 21 49 61 88 72 73 74 26 49 80 37 26 16 78 18 50 53 70 45 62 55 27 53 42 75 20 23 49 96 80 60 24 39 21 16 33 71 92 13 36 74 29 91 3 41 80 20 34 88 22 28 47 38 32 68 27 35 69 57 52 14 14 49 49 
46 102 85 29 11 88 27 13 63 42 8 82 59 73 44 73 72 32 17 54 60 66 81 32 43 13 69 101 51 19 8 25 65 66 80 81 82 63 16 81 47 42 62 8 80 47 30 91 50 8 61 55 41 51 74 31 107 69 35 54 36 75 70 71 56 
76 39 17 44 44 22 33 51 47 49 38 45 55 72 57 75 38 29 11 17 74 40 38 40 47 35 78 57 49 39 22 31 23 43 46 73 81 46 47 27 18 52 53 54 16 27 53 24 54 34 41 13 18 66 55 82 27 15 9 14 56 48 74 62 
65 82 108 88 94 94 41 65 99 53 44 30 91 31 57 71 91 65 82 64 44 71 60 94 40 8 62 116 100 81 45 58 38 33 36 81 113 30 56 95 43 111 22 62 101 31 55 107 43 47 68 59 40 84 7 54 90 78 73 28 32 56 61 
56 83 23 61 72 63 74 87 12 59 60 103 63 92 69 68 31 30 94 22 69 65 84 34 71 81 88 78 60 34 20 28 33 80 106 85 37 49 51 66 92 51 40 64 34 43 93 43 57 44 38 77 88 72 20 53 32 49 60 53 91 84 
29 61 11 16 49 38 32 53 43 56 58 57 69 26 12 25 33 66 53 26 33 30 44 83 49 35 22 6 39 38 54 56 71 70 32 56 26 21 50 36 60 21 19 65 27 37 39 39 15 25 63 41 88 41 12 26 9 58 51 68 53 
84 23 14 71 51 19 82 66 80 55 80 82 40 18 54 57 77 82 40 51 24 73 107 61 8 8 28 68 67 83 85 90 74 5 85 52 37 70 10 86 50 23 94 54 17 66 62 43 53 82 42 113 70 31 52 38 82 76 81 66 
61 75 82 88 92 35 77 81 115 84 111 81 72 41 28 112 44 81 79 91 54 94 96 87 81 66 53 36 50 56 101 122 85 59 64 48 85 94 73 53 62 57 58 97 62 75 54 52 97 99 95 39 53 34 57 81 74 109 100 
15 61 48 33 60 55 68 64 69 80 36 12 33 34 76 62 36 44 33 55 94 59 27 19 16 50 45 64 66 82 78 24 67 38 15 61 32 71 31 8 74 38 35 50 51 25 35 75 47 99 49 8 29 21 70 63 79 64 
57 39 18 69 52 66 50 67 71 27 4 41 47 67 69 27 38 19 59 93 50 22 6 13 54 54 69 71 78 66 18 71 38 30 57 20 72 36 20 80 40 21 51 48 30 39 70 34 99 57 22 41 24 68 62 70 55 
24 59 52 6 10 52 10 29 31 55 44 64 31 44 31 20 53 29 37 23 79 62 46 29 45 39 36 22 46 76 33 24 68 3 72 23 35 69 43 27 67 20 10 39 33 15 43 44 43 60 57 41 13 12 27 23 
36 65 22 35 30 34 32 12 38 46 64 28 59 12 8 30 44 62 11 59 43 32 41 53 56 55 40 34 56 53 24 59 22 49 46 35 56 64 30 44 33 21 35 36 32 18 69 53 50 56 34 37 34 31 16 
83 55 69 35 69 65 27 21 56 64 59 81 27 39 5 68 97 45 27 15 27 64 68 80 80 76 55 24 80 45 48 57 13 78 48 37 90 49 7 59 52 43 51 68 23 103 70 40 58 38 71 67 65 49 
48 48 95 51 81 62 65 28 34 84 9 62 56 80 22 58 71 88 75 56 24 15 15 20 68 96 85 24 41 54 55 89 38 35 65 22 35 89 33 47 40 32 65 81 60 13 54 34 45 48 41 79 73 
14 52 14 33 27 49 38 58 35 41 27 16 50 26 41 23 74 57 40 24 40 36 34 28 48 71 31 18 62 7 67 23 29 63 42 21 63 15 4 33 27 21 41 48 38 54 51 35 16 12 32 25 
62 2 34 41 63 47 66 39 39 41 30 64 26 27 33 88 71 54 28 45 33 29 20 55 85 26 30 73 13 82 13 39 76 36 31 77 21 17 44 37 17 54 34 42 66 60 47 2 7 33 33 
61 41 34 51 74 89 33 90 34 39 31 75 86 29 62 49 51 72 83 87 85 59 21 60 83 54 79 49 48 75 63 70 94 60 40 64 51 61 65 52 16 93 83 69 81 58 64 64 41 30 
31 41 64 49 68 36 42 41 30 63 29 27 31 89 72 55 30 47 36 32 17 52 85 29 31 74 12 82 16 41 77 38 33 77 23 18 45 39 14 53 34 44 68 62 49 4 9 30 31 
44 70 71 90 8 73 44 36 59 58 50 21 90 74 64 58 74 67 64 21 24 87 60 48 90 26 79 47 60 88 70 53 72 49 36 62 60 18 42 57 72 81 83 63 35 40 1 16 
26 39 55 40 58 11 22 44 69 23 48 31 20 40 48 56 55 50 43 45 54 21 48 30 40 50 28 44 64 26 35 33 24 26 30 42 18 76 49 39 47 24 44 39 43 28 
37 43 66 65 26 35 21 55 90 49 25 10 10 50 50 65 67 75 66 21 67 34 28 54 24 68 32 19 76 36 25 48 45 26 35 67 35 96 52 19 37 20 65 59 69 54 
19 71 29 39 38 53 25 68 55 60 47 29 20 12 31 35 65 80 57 36 23 29 46 61 44 11 38 42 17 62 26 35 13 11 59 58 72 16 27 13 18 48 40 70 59 
90 40 55 56 63 42 85 73 60 52 38 39 24 45 49 85 98 58 51 42 21 66 66 62 29 35 55 37 69 45 55 29 30 79 72 89 28 26 7 31 67 59 89 78 
76 40 34 53 61 57 17 85 69 60 60 75 71 68 28 17 82 64 48 88 28 73 52 60 84 75 53 66 50 37 61 60 24 36 64 74 79 82 61 40 43 8 12 
58 51 77 15 49 64 89 75 55 18 17 6 11 59 89 85 14 37 58 47 89 29 33 67 14 32 88 26 40 39 29 56 76 51 13 56 38 44 39 33 71 66 
11 22 44 69 23 48 31 20 40 48 56 55 50 43 45 54 21 48 30 40 50 28 44 64 26 35 33 24 26 30 42 18 76 49 39 47 24 44 39 43 28 
33 36 58 17 59 42 28 32 44 48 47 39 42 55 45 15 53 19 51 39 26 52 56 21 46 25 13 27 27 31 26 64 44 45 48 27 32 28 35 21 
64 91 39 32 18 25 60 65 76 76 70 50 29 75 41 49 52 19 72 45 39 85 45 13 55 47 40 48 62 18 98 67 40 57 35 66 61 59 43 
43 49 80 65 45 5 19 12 12 46 74 76 12 23 54 32 78 20 23 61 21 19 76 11 25 29 19 43 62 47 15 50 37 35 26 19 57 51 
57 115 99 81 47 62 43 38 29 74 112 35 56 97 39 109 24 63 102 37 56 104 44 45 69 60 33 80 7 58 91 81 73 25 31 49 55 
69 53 43 47 61 60 57 32 25 66 55 32 70 20 59 46 44 67 66 38 52 38 24 44 44 25 24 65 60 61 66 44 35 35 20 5 
17 35 75 72 90 92 99 82 3 92 60 39 78 15 94 56 25 100 61 23 73 70 50 60 91 50 121 76 34 56 45 90 84 90 74 
20 60 60 76 77 82 67 13 77 44 34 61 14 77 42 22 86 46 16 57 54 36 46 74 35 105 63 27 47 31 73 67 73 58 
40 41 55 57 67 63 31 57 24 28 46 33 58 22 24 66 26 33 38 36 16 26 59 34 86 43 18 31 11 56 49 63 48 
17 16 17 48 72 71 17 19 50 31 73 23 18 56 26 14 71 9 23 24 14 43 58 51 14 45 33 30 28 20 56 49 
21 25 65 86 69 27 29 40 48 74 39 20 50 31 23 74 25 38 25 18 60 67 65 4 39 20 30 45 37 73 64 
5 53 85 86 8 35 61 42 89 22 33 70 10 30 87 23 36 39 29 50 74 45 17 58 42 45 33 27 66 62 
48 82 88 3 35 64 39 90 18 35 72 9 31 88 22 34 41 31 46 73 40 21 61 46 46 29 24 62 59 
45 95 45 46 90 21 90 31 57 91 53 49 84 40 32 61 55 8 56 36 62 82 78 63 20 27 20 29 
79 79 58 92 43 68 68 69 86 90 63 60 63 49 69 70 41 32 81 86 82 90 67 56 58 25 23 
88 56 37 75 13 90 53 23 97 58 21 70 67 47 57 87 47 118 73 32 53 41 87 80 86 71 
34 66 36 89 14 35 73 11 30 87 20 32 41 31 43 71 37 23 62 47 47 25 21 59 56 
44 25 56 33 12 46 44 5 53 13 14 15 12 39 39 62 29 36 34 17 31 24 47 36 
69 47 73 33 14 71 41 51 53 58 29 36 83 62 101 44 9 20 27 74 66 89 75 
70 26 36 69 47 28 65 22 11 40 35 14 41 46 46 61 58 42 15 15 24 20 
89 55 34 99 59 8 69 64 50 59 82 37 116 77 40 61 44 84 78 78 63 
39 78 23 33 85 20 26 45 36 30 65 28 35 68 57 50 12 11 46 46 
38 43 8 54 19 25 6 3 50 47 68 22 28 22 11 40 32 59 48 
80 45 38 57 59 32 42 83 54 107 54 11 31 28 78 70 87 72 
40 97 31 43 50 40 53 82 38 27 69 52 55 34 31 69 67 
56 12 17 13 6 42 45 61 23 35 30 17 32 25 52 41 
67 60 49 58 76 29 111 76 43 62 44 79 74 72 56 
13 25 16 34 51 49 23 47 39 29 22 14 47 40 
29 24 25 39 51 36 50 47 31 19 14 34 26 
10 54 44 74 27 22 21 5 45 38 61 49 
49 49 65 19 31 23 15 38 30 59 48 
48 41 57 75 72 56 18 23 16 22 
87 68 53 65 41 56 53 42 27 
61 96 84 78 32 37 56 63 
43 25 32 42 34 71 63 
21 19 68 60 80 66 
23 61 53 82 70 
49 42 62 49 
8 34 35 
38 35 
15 
