23 5
100 71 60 107 52 32 15 90 82 31 91 5 57 77 42 89 50 59 69 65 70 18 
34 70 24 73 81 87 16 30 75 12 96 77 41 66 40 72 78 52 35 67 97 
61 52 61 48 56 34 38 42 22 68 67 44 33 52 38 68 21 21 37 65 
62 7 68 57 54 40 59 69 54 7 29 62 38 75 8 77 40 89 71 
68 94 96 18 24 87 35 102 70 33 80 25 89 70 73 42 89 108 
62 50 58 44 54 71 47 6 34 58 44 71 8 75 41 86 64 
18 76 73 9 70 32 68 72 14 84 18 71 39 52 38 18 
78 72 16 78 14 56 68 27 80 35 58 54 54 55 14 
14 68 21 86 61 25 62 24 70 62 55 24 71 90 
65 33 78 47 11 60 13 71 48 59 21 75 85 
65 30 60 63 11 75 21 62 38 44 40 22 
88 75 43 55 45 60 76 40 30 55 87 
52 72 41 84 50 54 68 61 70 21 
37 64 45 78 2 81 46 92 69 
61 12 72 37 64 23 79 82 
72 13 66 27 39 30 32 
83 45 73 33 88 94 
80 23 50 20 36 
83 48 94 71 
41 16 58 
56 66 
56 
