30 5
57 119 44 48 74 74 56 64 72 75 74 83 25 94 15 39 21 22 79 72 78 67 26 99 88 97 74 68 32 
74 22 42 20 34 67 17 31 21 72 38 43 38 63 25 37 37 25 22 40 46 49 51 61 49 70 25 32 
96 74 54 45 86 59 47 53 72 37 95 46 130 80 105 97 50 51 40 55 97 23 40 25 71 92 87 
50 42 54 73 38 51 43 83 59 40 59 45 29 23 30 47 44 60 62 46 73 79 71 82 23 32 
45 33 24 34 33 44 32 43 23 63 61 21 42 29 48 40 35 19 23 57 39 57 31 66 21 
20 68 11 18 1 67 20 55 20 81 36 56 52 5 6 25 40 60 30 48 29 66 39 44 
53 17 3 19 48 10 51 33 84 35 60 51 20 14 6 21 53 25 28 24 47 57 42 
58 54 68 20 62 36 86 71 44 59 46 71 63 53 33 32 75 46 75 19 90 41 
14 11 59 21 44 31 73 25 47 42 15 8 23 32 49 36 44 34 58 40 33 
17 50 11 49 31 82 33 58 50 18 11 9 23 52 26 31 25 49 54 40 
67 19 55 20 82 36 56 52 4 5 24 39 60 29 47 28 65 40 44 
56 52 81 89 53 74 61 69 61 46 27 49 65 32 66 1 97 53 
60 25 93 44 68 61 17 15 9 30 63 15 30 14 55 59 51 
75 38 19 22 10 59 52 54 42 6 76 63 75 51 61 11 
101 56 76 72 16 24 35 54 80 25 55 23 80 48 64 
49 25 33 86 81 89 80 40 108 101 107 88 68 43 
25 16 41 33 40 34 24 59 54 58 52 46 8 
13 61 55 65 59 28 83 79 82 73 47 21 
56 50 56 47 16 76 68 75 60 52 10 
8 24 41 64 26 47 24 67 42 49 
19 33 56 28 42 27 60 44 41 
20 57 22 22 22 45 63 46 
43 42 20 42 26 71 38 
78 63 78 48 67 16 
35 2 64 68 66 
36 31 85 58 
64 66 65 
95 52 
52 
