27 4
34 63 40 32 90 48 55 77 42 31 49 59 47 75 80 44 43 50 92 69 35 34 74 38 98 82 
30 26 59 64 18 31 43 8 59 31 33 21 54 61 13 35 71 77 51 48 34 43 56 81 56 
50 89 62 32 44 27 24 89 50 40 21 62 70 29 43 100 88 63 77 48 34 85 89 57 
48 50 18 16 48 27 49 9 22 48 35 40 21 61 53 54 29 30 57 41 38 59 42 
96 65 65 96 65 2 56 71 76 78 80 63 75 20 87 70 21 66 90 17 95 89 
45 35 37 57 98 41 31 76 19 21 50 97 95 35 27 76 97 27 82 31 8 
14 31 13 65 18 14 35 36 43 5 53 72 60 34 48 52 26 56 63 37 
34 27 66 9 6 49 22 30 19 67 68 46 20 46 65 26 53 50 27 
35 96 43 28 46 43 50 33 68 102 68 48 79 72 11 87 67 34 
66 29 27 22 49 57 7 40 76 74 48 53 40 35 61 77 50 
57 72 76 80 82 64 74 22 89 72 23 65 91 19 97 90 
15 51 26 31 22 67 58 46 21 36 64 35 44 51 33 
48 22 30 20 67 74 48 22 52 67 20 60 50 23 
71 79 30 22 90 96 70 69 26 50 76 99 70 
8 42 89 76 25 8 57 88 32 63 27 13 
49 97 76 17 11 59 95 39 65 20 18 
47 72 66 40 49 47 30 57 69 43 
92 113 87 73 9 72 79 117 90 
78 67 23 84 94 15 86 88 
26 66 111 57 70 8 34 
49 85 37 55 30 21 
66 72 8 74 68 
74 71 115 90 
79 56 23 
78 75 
32 
