100 3
59 82 23 111 84 69 109 53 111 87 94 79 65 36 95 90 11 79 66 80 90 88 76 103 85 17 64 50 68 63 98 118 38 95 33 36 69 40 88 93 50 92 35 57 32 58 22 95 13 97 87 26 40 8 59 58 56 58 17 87 40 85 14 88 93 96 64 58 56 49 92 76 57 96 31 68 83 85 30 58 81 69 76 73 42 49 62 60 78 86 82 67 45 30 95 33 82 54 62 
84 36 60 39 74 61 8 58 32 36 66 14 26 51 31 49 24 17 84 64 76 20 46 39 44 12 29 26 64 75 68 61 55 33 33 58 62 28 34 19 45 33 7 66 4 37 65 46 59 70 37 63 52 26 2 26 57 62 33 60 56 45 31 86 88 34 24 25 11 33 81 64 50 65 9 24 50 45 21 30 19 31 44 20 32 29 41 35 88 64 12 15 28 47 56 53 59 54 
79 85 123 13 77 86 90 113 92 22 98 69 65 96 74 78 71 2 39 19 103 95 66 84 75 55 110 21 36 85 44 60 63 59 26 42 102 100 65 70 60 77 52 87 81 44 80 58 26 88 42 83 58 81 57 28 66 114 42 43 82 88 13 16 52 60 58 76 95 6 25 68 52 90 96 50 55 102 113 103 115 45 89 52 110 43 62 4 29 96 75 77 72 49 43 29 29 
91 62 67 90 29 90 64 71 70 42 16 76 67 15 57 44 78 77 80 53 81 65 8 42 33 46 58 87 98 41 78 18 22 60 43 64 70 30 73 21 34 40 35 2 81 9 80 78 8 43 16 41 35 38 52 31 64 41 71 9 66 87 90 48 39 37 27 69 75 54 77 39 44 60 68 24 36 59 46 54 58 20 34 41 47 59 84 72 44 22 7 75 34 68 50 53 
81 83 8 68 7 63 30 63 67 75 20 38 100 35 46 87 46 66 62 23 27 100 50 62 79 77 52 9 93 25 78 75 64 93 49 39 61 19 76 58 102 63 93 41 100 27 59 95 94 106 52 59 55 73 107 65 91 42 100 32 77 77 49 53 55 65 35 87 82 18 101 56 46 35 85 79 70 69 78 45 80 64 85 57 34 87 56 63 69 83 16 92 42 79 67 
113 86 38 76 18 51 104 25 60 80 43 77 52 53 123 100 114 21 59 69 67 48 68 16 103 111 90 97 86 68 69 97 99 32 42 58 73 69 46 100 35 62 100 71 90 108 58 100 76 65 41 65 96 93 16 97 92 70 50 125 126 72 62 64 48 46 120 103 78 99 33 35 85 80 26 11 20 8 82 42 71 22 79 68 127 101 26 50 57 73 92 89 98 93 
76 75 88 105 86 21 88 57 63 89 61 72 63 11 40 25 94 91 62 71 67 44 99 10 41 85 31 59 50 47 20 29 95 93 55 67 48 67 39 77 68 46 67 57 29 76 29 70 49 71 48 17 53 106 29 41 68 82 24 27 44 51 49 65 89 8 12 66 39 81 88 48 42 91 104 93 105 40 77 41 99 34 56 17 29 86 64 65 70 36 41 17 20 
69 15 69 35 55 70 74 15 43 98 37 46 79 38 58 66 30 24 98 50 59 83 70 44 9 88 17 76 73 57 88 54 45 60 17 73 58 97 65 91 33 98 19 51 95 89 104 49 60 53 67 103 71 86 34 98 36 69 68 45 50 53 65 40 79 76 13 97 59 50 29 82 81 74 73 82 40 81 60 88 52 31 79 48 66 68 82 14 88 35 73 60 
66 36 43 69 14 22 58 39 43 32 24 86 69 80 24 53 46 37 19 31 24 65 80 76 59 62 30 31 61 61 34 41 20 53 31 12 63 5 30 71 39 66 75 30 62 45 30 9 30 58 58 36 59 61 39 39 90 92 38 28 28 9 41 83 65 57 62 15 31 56 42 16 31 18 30 49 12 33 24 44 42 90 68 15 12 22 54 54 58 60 56 
58 25 68 63 75 25 33 100 33 46 92 51 72 57 17 28 99 48 63 75 81 59 14 95 30 78 76 68 96 44 34 61 21 77 56 104 61 92 47 99 32 64 94 96 106 53 57 56 77 108 60 94 47 99 28 83 83 50 53 56 64 30 92 86 22 103 53 41 40 86 75 65 65 73 49 78 65 81 59 35 92 61 59 68 82 18 94 47 82 70 
33 93 22 58 64 25 79 37 42 114 86 102 12 41 54 71 38 61 24 95 97 72 94 70 65 66 87 95 14 24 51 57 65 38 98 31 65 86 74 75 96 62 96 80 55 35 57 88 94 2 93 78 73 33 114 115 61 53 55 43 28 112 96 62 97 24 19 71 77 31 8 18 18 70 45 64 31 70 55 117 89 21 47 58 57 89 76 91 84 
70 39 58 33 8 83 16 29 93 58 77 32 10 26 79 29 50 50 77 68 39 85 39 63 61 67 86 19 10 45 26 62 36 93 38 72 56 81 43 70 73 87 87 41 36 44 72 93 35 84 51 80 5 89 90 43 40 43 44 5 92 81 30 92 29 16 43 73 51 40 40 48 47 56 53 56 53 30 95 64 34 48 63 25 82 50 77 66 
80 56 43 74 69 57 51 24 18 10 84 73 44 77 56 39 93 19 20 64 44 38 52 48 10 43 82 78 49 47 49 59 54 70 72 24 74 36 8 78 43 78 40 63 39 21 65 95 42 21 75 66 20 22 32 42 41 60 73 24 26 46 54 71 75 28 49 86 94 85 97 23 75 37 94 25 40 25 7 77 60 66 50 47 21 26 17 
36 61 32 57 33 29 98 77 90 10 48 49 49 24 43 13 78 88 76 73 66 44 45 72 75 24 33 33 55 45 21 77 10 42 78 52 70 84 40 76 57 40 16 41 71 72 22 73 69 51 35 100 102 48 38 39 23 34 95 78 60 76 11 23 62 56 12 17 5 16 58 23 46 18 55 47 102 77 4 26 36 56 68 66 73 68 
60 55 25 43 29 68 62 67 46 67 49 24 28 18 45 47 72 83 37 61 7 9 47 38 54 59 14 57 9 22 40 27 18 65 24 64 63 23 39 30 25 24 22 40 36 58 37 55 24 52 75 77 32 23 21 15 56 65 45 61 39 35 49 52 19 35 54 41 52 42 20 19 42 32 43 73 57 37 11 10 60 31 52 40 40 
40 83 28 34 67 27 47 59 32 12 85 39 44 74 56 36 24 73 6 61 58 43 73 50 43 46 7 59 46 82 55 78 24 84 10 40 82 74 90 35 49 38 53 88 66 71 22 84 31 59 59 30 36 39 52 37 67 61 3 82 50 45 15 67 72 69 64 75 25 69 46 79 37 17 67 36 57 55 69 8 73 22 59 46 
80 17 29 97 64 82 24 16 31 75 27 51 42 80 74 47 86 46 61 60 70 87 11 4 43 33 60 33 92 33 68 62 77 50 75 69 88 83 42 32 45 74 92 27 85 57 77 8 94 95 45 41 44 41 3 95 83 37 91 24 8 49 72 44 32 33 40 50 51 54 49 55 34 99 69 28 45 60 32 82 55 78 69 
68 55 73 79 79 67 92 73 12 53 38 61 54 88 107 31 84 22 25 59 34 78 83 39 81 24 46 28 49 15 84 7 86 77 21 34 9 48 48 44 49 16 79 33 74 9 78 84 87 53 47 44 39 81 69 48 84 27 58 73 73 20 51 74 61 69 62 35 38 56 49 66 78 72 58 34 21 84 25 71 45 52 
13 79 48 65 31 24 17 65 14 34 46 62 59 44 69 33 47 45 52 70 24 21 29 22 46 22 77 28 58 48 66 38 58 60 71 73 25 23 28 56 77 39 68 41 66 11 77 78 27 24 27 30 17 78 65 27 76 22 18 33 57 44 41 36 46 33 45 37 51 37 17 82 52 29 34 49 23 66 38 61 51 
71 47 60 32 38 22 53 5 22 43 53 58 54 57 38 34 32 45 58 32 33 16 29 32 12 64 21 46 48 53 42 55 48 59 60 13 15 16 46 64 43 56 39 53 24 72 73 19 12 15 18 29 69 55 34 63 20 25 33 43 38 43 34 46 28 35 25 46 28 18 75 48 26 22 37 31 53 36 50 42 
41 22 103 97 67 83 76 55 110 20 39 87 42 62 62 58 26 40 103 101 65 71 59 77 50 87 80 46 79 60 28 87 40 82 58 81 57 27 64 115 40 45 80 89 16 19 52 60 59 76 96 4 24 70 50 90 97 52 54 101 114 103 115 46 88 52 109 43 63 6 31 96 75 77 74 47 45 28 29 
20 78 59 32 85 52 44 90 36 11 46 59 21 59 55 24 58 73 68 51 33 56 57 69 68 79 5 82 19 13 85 59 88 39 61 41 36 79 88 57 8 83 56 32 31 31 41 42 61 62 41 43 30 69 67 67 15 60 85 89 81 93 20 77 43 93 30 31 41 11 74 62 72 35 61 10 42 30 
93 79 51 87 66 50 103 26 16 66 52 41 62 58 20 51 90 86 59 53 59 69 62 80 82 25 84 39 7 89 51 88 49 73 50 30 74 103 50 26 85 74 12 12 42 52 51 70 80 24 33 50 62 80 83 34 59 96 104 95 107 32 85 48 104 36 48 21 12 87 70 76 55 56 27 35 27 
41 48 59 27 50 18 84 89 71 82 64 53 54 77 83 15 25 39 52 53 27 86 19 53 78 62 69 87 51 84 68 45 23 46 77 82 12 81 70 62 30 104 106 51 43 44 31 27 101 84 57 85 13 16 63 65 21 10 9 16 60 33 53 25 60 47 107 80 9 35 46 52 77 68 80 74 
29 89 38 58 59 83 69 32 93 39 72 70 71 93 27 17 54 26 70 46 101 48 82 56 90 43 72 83 94 97 48 45 52 78 102 43 91 53 90 14 91 91 49 48 51 54 13 96 87 29 100 39 25 45 81 61 48 49 56 51 66 61 66 59 35 98 67 44 58 73 24 90 52 83 72 
74 27 35 63 54 43 33 67 16 51 48 42 67 41 35 35 7 49 34 76 43 67 31 73 20 43 70 68 80 25 37 29 49 80 56 65 25 74 23 63 63 22 26 29 41 30 67 58 11 75 38 35 17 58 60 58 53 64 22 57 37 67 31 7 69 38 45 44 58 10 65 23 54 43 
50 41 51 63 94 107 43 86 25 29 67 45 72 78 38 81 28 43 41 42 7 89 5 89 85 9 46 9 49 43 46 57 29 70 44 79 3 74 93 96 56 48 46 35 77 79 59 85 40 52 68 77 29 41 64 52 59 66 25 41 45 54 67 89 79 51 31 16 84 37 76 55 60 
24 38 57 63 58 59 43 33 32 49 60 29 31 16 33 32 8 65 16 43 53 51 47 60 45 61 58 17 10 19 50 64 39 58 44 51 24 77 78 24 15 18 15 28 74 58 38 64 14 23 38 44 33 38 29 41 33 31 27 41 32 23 79 53 21 19 34 35 55 42 53 46 
55 34 54 68 35 45 17 13 30 36 53 55 10 43 14 22 42 32 35 47 40 47 46 41 37 46 10 26 6 27 44 62 34 37 40 45 59 61 14 10 7 21 51 52 34 46 41 37 47 35 23 47 60 48 60 24 35 3 55 14 28 59 39 42 20 28 46 32 34 29 25 
89 102 88 82 79 52 54 85 84 33 43 44 68 54 33 84 23 46 91 55 83 97 42 84 60 53 29 53 82 77 22 82 82 54 47 113 115 61 51 52 33 45 107 89 73 83 24 33 76 64 10 15 10 8 71 26 58 7 67 60 114 91 17 35 41 69 76 80 84 80 
40 79 26 52 41 38 13 24 85 84 45 59 38 57 35 67 60 42 60 52 28 67 25 63 39 61 38 7 48 96 24 36 61 73 30 33 35 41 39 55 79 17 7 59 35 71 79 41 34 81 94 83 95 32 68 31 89 25 48 25 25 76 54 56 62 30 35 9 11 
51 65 30 69 65 29 64 84 78 61 43 66 68 75 79 89 12 91 26 12 95 64 96 50 72 51 41 86 99 63 19 92 66 26 25 42 52 52 72 72 40 47 39 74 78 78 26 68 96 100 93 104 31 88 53 104 40 42 37 15 85 73 82 44 68 21 47 36 
97 26 85 82 66 97 58 48 68 25 82 66 107 72 100 41 107 27 59 103 98 113 58 67 62 76 112 74 96 43 107 41 77 76 54 59 62 73 44 88 85 22 106 65 55 38 91 88 79 78 87 49 89 70 94 61 40 87 56 72 77 91 23 97 44 83 70 
71 29 28 36 2 88 90 43 74 28 55 10 63 42 65 38 72 53 49 2 40 44 59 41 23 22 94 2 57 40 80 55 58 44 45 42 50 86 38 19 75 9 70 82 60 17 72 91 78 89 48 56 32 79 36 60 48 49 73 47 42 77 6 55 17 29 
62 58 39 71 56 49 48 13 59 50 81 59 79 17 85 4 34 84 72 91 36 53 39 50 87 72 69 17 85 38 53 53 30 38 40 55 44 62 58 9 80 55 51 11 66 76 74 69 80 23 72 46 83 36 20 62 31 62 58 71 15 71 17 56 43 
4 42 31 61 65 17 59 3 28 33 34 20 63 23 64 60 26 32 29 26 31 22 34 30 65 29 53 24 57 70 72 31 25 22 22 62 58 38 62 32 42 55 52 12 43 61 49 59 41 27 16 50 29 44 67 54 44 18 14 62 24 50 33 35 
38 29 61 64 16 56 1 28 33 35 24 59 27 61 56 30 30 32 23 31 19 31 32 66 27 50 27 56 66 68 28 22 19 22 61 55 35 59 32 42 55 48 12 45 62 50 61 37 30 13 52 25 41 64 50 45 19 18 59 23 47 30 32 
35 76 74 41 47 39 51 46 62 62 29 64 39 18 69 35 68 32 55 31 12 56 88 33 23 65 62 28 30 26 34 33 51 69 25 19 46 45 64 70 28 39 77 87 77 89 20 66 28 85 17 36 30 13 70 51 56 50 38 22 18 7 
89 91 44 74 30 56 11 64 44 64 41 72 52 51 1 42 45 60 42 22 24 96 2 56 42 81 53 56 45 46 43 52 87 36 17 75 10 71 83 59 19 74 92 80 90 48 58 33 81 36 60 46 48 75 49 44 77 8 54 16 29 
10 45 43 61 33 94 29 65 72 74 61 83 64 90 80 46 30 48 79 91 16 87 65 73 18 102 103 50 44 47 39 14 101 87 48 93 19 6 58 73 36 21 24 29 58 46 56 40 60 42 106 77 21 43 57 42 84 63 82 74 
47 36 64 37 96 35 71 66 80 54 79 71 92 86 46 35 49 78 95 26 89 60 80 12 98 99 49 45 48 44 5 99 87 40 95 26 10 52 76 46 31 34 39 55 54 58 50 59 38 103 73 29 48 63 35 86 59 82 73 
43 16 12 49 22 31 54 38 51 55 35 45 44 12 16 10 38 48 52 42 44 38 39 69 71 20 10 9 10 44 63 45 47 48 27 39 40 28 36 49 38 49 31 26 13 44 23 29 70 48 31 11 22 45 39 41 40 36 
57 41 83 49 74 30 81 17 45 78 75 87 33 43 36 55 87 59 72 27 81 24 65 65 29 34 36 48 30 71 64 5 82 44 38 19 66 66 62 58 68 27 64 44 73 38 14 72 41 51 51 65 3 73 26 61 48 
28 33 34 23 60 26 62 57 29 31 31 24 31 20 32 31 66 28 50 26 56 67 69 29 23 20 22 61 56 36 60 32 42 55 49 12 44 62 49 60 38 29 13 52 26 42 64 51 45 18 17 60 23 48 31 32 
61 10 36 59 44 54 64 37 57 50 19 4 19 50 58 39 54 50 44 31 79 81 27 17 18 7 34 74 57 46 60 14 27 44 40 27 37 26 38 38 23 25 35 33 30 81 57 19 12 27 43 51 47 52 47 
67 41 75 36 82 63 48 10 36 52 64 49 33 14 98 12 67 37 88 64 67 53 52 49 55 93 46 28 84 1 75 88 69 21 74 94 82 92 57 58 39 81 45 68 56 59 77 51 43 86 10 65 27 39 
36 69 45 63 74 35 65 51 30 6 30 60 63 31 62 60 44 33 90 92 38 28 29 12 35 85 67 54 66 9 25 54 46 17 27 15 27 48 18 35 25 44 39 91 68 10 16 28 50 58 57 62 58 
83 9 82 80 7 45 15 43 36 40 54 31 64 43 73 8 67 89 92 50 41 39 28 70 76 56 78 40 45 61 70 26 36 59 46 54 60 20 36 41 49 60 86 74 44 24 9 77 36 70 52 55 
87 14 18 88 65 92 42 63 44 41 84 87 63 10 87 54 36 35 34 44 45 63 60 47 49 27 74 67 66 15 64 86 89 82 93 23 80 47 94 34 31 46 17 74 65 75 32 66 13 48 35 
88 82 13 41 6 48 45 45 54 24 73 40 77 1 75 89 92 55 47 45 36 79 75 55 85 35 54 70 75 25 45 68 55 63 64 29 40 49 52 67 85 76 54 32 17 84 32 74 51 57 
32 87 72 93 39 57 42 50 89 76 70 16 88 42 50 50 33 41 43 59 48 60 58 13 81 59 55 12 68 80 79 74 85 24 76 48 87 37 24 60 29 66 61 74 19 72 17 56 43 
86 52 86 44 68 45 30 74 97 51 18 83 67 19 19 36 46 46 65 73 29 35 43 63 75 77 26 57 91 97 89 101 26 81 44 99 32 41 28 6 81 66 73 48 56 20 35 25 
52 18 47 37 44 61 37 62 50 78 12 68 96 99 54 45 44 30 70 84 63 82 47 45 61 75 33 32 56 43 50 65 17 42 36 55 64 93 80 43 26 13 80 43 75 59 62 
43 46 61 43 23 24 97 3 57 43 82 53 56 46 47 44 53 88 36 18 76 10 72 84 60 20 75 93 80 91 48 59 34 82 37 61 46 49 75 49 45 78 9 55 17 29 
54 51 51 58 22 79 42 82 6 82 93 96 60 53 51 43 85 78 57 91 35 60 76 81 29 50 73 61 68 70 34 45 54 57 73 87 81 60 38 23 90 34 79 54 61 
23 3 33 54 56 43 32 49 36 60 62 8 2 3 21 42 56 41 36 51 32 39 28 33 46 55 45 57 19 38 12 54 15 18 62 38 38 23 34 36 42 29 36 29 
24 54 61 35 58 53 44 31 84 85 31 21 22 9 33 79 61 48 63 11 25 48 43 23 33 21 33 42 21 30 31 38 33 85 61 15 13 27 45 54 50 56 51 
31 51 58 40 34 46 39 60 62 10 4 1 20 45 55 39 39 48 33 41 30 30 46 56 45 57 21 36 9 54 14 21 61 38 39 21 31 39 38 31 34 27 
44 89 21 34 55 67 35 38 29 34 32 48 73 24 9 55 33 64 72 38 29 74 87 76 88 27 61 24 82 19 43 32 26 69 47 49 58 26 32 6 6 
94 24 75 25 88 77 80 58 54 51 51 92 60 41 90 14 71 86 76 21 67 89 76 85 64 50 42 72 51 72 70 70 73 47 36 90 18 73 39 49 
94 80 73 35 115 116 62 54 56 43 30 113 97 64 98 25 21 72 78 30 7 18 16 71 44 65 30 71 56 118 91 21 47 58 59 89 77 92 85 
55 41 79 53 56 43 44 41 50 85 36 17 73 11 69 81 58 17 72 90 78 89 46 56 31 79 34 58 46 47 73 47 42 75 7 53 15 27 
77 48 38 38 24 34 35 53 55 45 42 25 66 59 59 8 55 77 81 73 85 13 70 37 85 24 23 45 14 66 55 65 29 58 3 40 27 
75 91 93 55 48 45 36 78 76 56 85 36 54 69 76 26 44 67 54 62 65 28 40 48 53 67 86 77 53 32 17 84 34 75 52 58 
86 86 38 35 38 39 6 88 76 29 87 25 14 40 68 47 38 37 46 43 52 48 53 48 26 91 61 31 43 58 24 77 46 72 62 
3 53 62 61 80 92 19 36 62 63 91 95 46 64 106 115 105 117 44 94 57 114 46 59 12 24 98 80 84 67 60 39 39 34 
54 64 63 82 93 22 39 62 67 93 96 46 67 108 116 107 119 45 97 59 116 48 60 14 25 100 82 87 67 63 39 42 37 
10 11 29 44 50 38 31 52 38 44 20 36 54 62 52 64 11 46 15 62 10 15 56 30 45 31 41 32 43 21 34 24 
3 19 41 58 43 37 51 30 38 30 33 44 53 43 55 21 36 13 52 17 19 64 40 36 21 32 36 42 31 38 31 
19 44 56 40 40 48 31 40 31 30 44 55 44 56 22 35 10 52 15 22 62 39 37 20 31 39 39 32 35 29 
42 73 55 52 54 20 34 49 34 25 40 28 39 41 17 24 33 34 35 80 59 22 4 19 50 45 50 50 46 
94 82 35 92 26 11 47 73 47 35 36 43 49 53 54 52 54 33 98 68 30 47 61 29 83 53 78 68 
20 70 46 88 95 52 50 99 111 100 112 45 85 49 106 41 62 10 31 94 72 73 74 43 45 25 27 
64 28 72 81 47 30 80 94 83 94 36 65 31 87 28 52 30 32 77 53 53 67 24 41 5 15 
84 49 43 18 68 71 67 63 73 27 69 47 78 39 18 70 39 56 56 69 5 74 25 61 49 
74 87 68 20 73 93 81 91 57 57 38 80 44 67 56 59 76 50 42 85 9 64 27 39 
15 52 54 22 23 14 26 48 27 40 29 47 36 94 68 7 24 37 45 65 56 67 61 
51 67 35 24 24 32 51 43 50 40 53 36 99 71 19 38 52 37 78 57 76 68 
55 71 74 67 78 12 66 35 79 24 16 53 21 59 51 62 22 60 7 44 31 
55 74 61 71 43 39 21 61 31 51 60 52 56 30 24 69 11 52 25 32 
24 12 18 65 16 49 8 60 56 106 84 16 26 31 67 66 74 75 72 
13 9 71 39 63 23 70 57 117 91 17 43 53 62 85 78 89 84 
12 62 26 51 16 60 51 107 82 7 31 40 59 73 71 78 73 
74 34 63 15 72 62 119 94 19 42 49 69 83 82 89 85 
57 24 73 12 16 48 19 55 42 52 30 48 10 33 21 
37 22 49 52 93 75 25 15 14 66 50 67 60 60 
57 13 30 56 38 45 23 29 47 29 34 26 23 
68 64 114 92 22 34 37 74 73 82 82 80 
24 47 25 53 34 42 41 35 21 24 14 
65 35 43 38 51 17 58 21 48 37 
31 100 79 82 75 53 46 34 33 
75 59 67 43 52 14 32 20 
26 37 52 68 63 72 66 
14 54 42 52 48 46 
68 36 62 48 50 
76 29 64 51 
55 21 31 
39 26 
13 
