27 2
65 51 78 38 70 78 38 37 11 72 62 67 27 17 32 49 42 13 74 58 25 51 25 11 79 72 
28 83 58 20 14 28 73 76 19 19 70 64 69 60 63 74 52 78 34 84 75 53 58 22 59 
56 31 46 34 29 48 62 22 13 43 63 62 61 35 48 41 51 9 75 47 31 41 30 34 
40 103 85 81 44 84 69 64 13 102 96 105 29 39 77 5 49 102 29 55 68 75 26 
74 66 45 16 46 54 44 28 62 55 64 11 16 37 36 32 62 18 14 28 61 35 
29 32 88 81 39 40 89 61 69 55 80 90 57 98 54 84 91 66 66 40 79 
42 83 90 15 22 73 79 83 75 69 83 66 80 37 98 81 64 70 12 59 
57 49 41 34 68 37 40 34 54 60 25 76 39 56 63 35 33 47 63 
41 70 61 36 64 55 68 21 5 41 41 49 58 15 22 30 78 47 
83 73 74 30 18 37 56 46 24 80 69 17 56 34 21 90 81 
9 58 78 80 75 55 70 60 65 22 94 67 54 63 7 44 
51 70 71 68 46 61 51 59 15 85 59 44 53 17 39 
90 84 92 17 31 65 8 36 91 22 42 57 64 17 
12 7 73 69 25 98 72 25 77 47 34 84 91 
19 66 60 21 91 71 15 69 41 27 87 87 
75 73 27 100 71 32 80 50 38 81 92 
17 48 25 32 73 12 25 39 62 26 
46 36 48 63 10 25 34 77 44 
73 50 33 53 22 11 68 67 
44 98 26 50 64 71 22 
83 45 36 48 29 25 
73 50 36 101 97 
30 42 74 36 
14 62 47 
70 61 
49 
