50 3
12 25 21 59 6 46 70 100 58 57 51 51 63 36 64 66 59 69 60 27 44 12 43 50 50 51 41 36 99 74 38 71 46 59 39 30 27 59 67 59 65 44 92 63 59 62 29 60 28 
19 33 70 6 43 79 106 60 53 58 62 63 26 68 77 70 78 71 14 46 3 54 54 50 48 32 35 105 78 50 80 53 59 30 21 21 56 67 62 77 55 97 72 58 72 41 53 17 
40 83 20 61 95 125 79 70 76 75 82 40 87 90 82 94 84 22 65 22 67 73 69 66 45 54 123 97 58 96 71 78 43 36 38 74 86 81 88 68 115 89 77 87 45 69 11 
46 26 62 63 98 66 72 51 39 73 57 67 51 44 60 46 48 53 34 30 54 61 65 62 49 95 77 18 63 45 69 60 51 47 74 77 65 48 31 92 56 70 52 8 78 47 
65 71 23 62 56 79 32 8 67 83 47 8 5 20 1 83 52 68 16 43 61 71 86 60 57 55 32 22 30 64 85 78 71 77 70 51 12 15 60 18 66 11 46 90 87 
46 75 104 60 56 55 57 64 32 67 72 64 74 65 21 46 7 49 53 51 51 38 36 103 77 43 76 50 60 35 26 25 59 68 62 71 50 95 68 60 67 34 58 22 
67 78 26 10 42 64 23 26 41 80 74 67 72 42 20 40 61 32 14 5 25 12 80 46 71 68 41 21 25 27 22 13 27 32 83 62 67 63 19 66 70 19 54 
39 45 73 25 26 56 85 31 26 28 3 23 90 47 77 33 35 54 65 87 59 34 36 52 1 27 53 86 81 74 69 57 39 33 33 37 7 56 12 66 85 97 
51 79 49 64 57 103 38 65 67 42 62 114 62 103 71 52 64 74 103 76 7 32 91 40 54 58 103 101 94 74 56 47 72 71 12 45 61 51 103 91 123 
29 24 52 11 52 15 64 60 46 57 64 13 57 52 13 12 22 51 26 53 19 68 46 26 8 51 50 44 25 13 6 69 52 40 43 11 48 73 42 75 
49 73 21 33 44 88 83 73 80 50 27 50 70 37 18 8 29 23 81 47 81 74 49 21 30 35 32 5 23 35 91 71 67 69 18 73 81 13 63 
28 35 61 17 40 36 25 33 67 22 55 30 11 30 40 62 34 47 27 48 26 5 32 61 57 50 46 37 19 45 30 41 20 34 25 56 61 76 
63 75 44 16 9 23 9 75 46 60 8 38 55 64 78 53 60 53 26 25 25 59 77 70 63 72 65 47 18 7 61 19 61 13 40 84 79 
50 25 75 72 57 68 64 20 60 62 24 13 17 48 28 60 26 77 57 37 4 48 50 44 16 4 17 80 63 45 54 4 60 81 33 76 
65 91 85 85 84 18 41 25 69 53 40 32 5 27 104 72 72 86 58 48 3 6 12 37 53 56 93 70 92 80 45 82 65 29 31 
54 51 33 47 75 23 65 47 14 26 37 65 37 39 10 65 33 22 23 64 62 56 40 25 9 59 47 28 31 26 37 73 57 85 
7 23 7 91 60 76 23 51 69 79 94 68 59 61 35 25 39 72 93 86 79 86 77 59 7 22 64 23 74 16 50 99 94 
25 5 84 56 69 16 47 65 74 88 63 61 60 29 27 34 68 86 79 73 81 74 56 8 15 65 23 70 16 44 93 87 
20 89 47 76 31 35 54 65 87 59 37 39 50 2 27 55 86 81 73 70 58 40 30 30 40 5 57 9 63 86 96 
84 53 69 17 44 62 72 87 61 56 55 32 22 31 65 85 79 72 78 70 52 12 16 60 18 67 11 47 91 88 
51 15 68 61 52 47 23 38 113 83 65 91 63 61 21 14 20 54 68 67 91 69 103 84 60 84 55 47 13 
43 44 12 9 18 41 13 63 31 57 48 21 16 41 39 32 25 24 16 64 45 51 42 17 46 61 38 62 
53 51 47 45 30 31 102 75 50 77 51 56 28 18 18 53 64 59 76 54 94 70 55 70 41 50 20 
38 53 62 73 49 67 56 19 33 26 59 71 64 57 70 65 48 23 1 66 26 60 22 32 80 71 
18 29 53 25 52 24 54 36 12 21 53 50 42 35 27 11 55 38 42 31 23 36 61 50 71 
11 38 15 65 32 66 55 30 9 39 38 32 16 17 17 73 54 52 50 9 55 69 31 64 
30 15 75 41 73 66 40 16 31 33 28 8 21 28 83 63 62 61 13 65 73 20 60 
28 104 71 76 88 60 46 2 11 15 34 51 56 96 74 91 82 44 84 70 24 36 
76 45 58 60 32 24 27 25 18 24 32 29 71 50 65 54 23 56 58 31 49 
34 86 34 52 60 104 102 95 77 59 48 66 66 16 40 63 46 99 94 123 
75 38 32 25 71 70 63 42 25 15 67 56 20 37 28 44 83 60 94 
52 43 73 74 65 60 81 80 65 31 19 86 46 74 40 15 89 65 
28 55 87 82 75 71 58 40 32 32 38 7 57 11 65 86 97 
33 59 54 47 47 40 22 43 26 46 22 36 25 51 60 71 
46 47 41 17 8 14 77 59 46 51 3 56 77 34 73 
9 13 35 52 56 94 72 91 81 44 83 68 26 34 
7 39 54 55 87 65 90 75 45 77 59 33 27 
35 48 48 81 58 84 68 40 70 55 32 32 
18 31 90 70 62 66 14 71 82 17 67 
18 82 66 43 55 8 61 85 36 80 
64 49 35 37 17 43 72 48 78 
22 71 30 79 22 47 102 93 
66 26 61 21 33 81 72 
42 49 49 97 79 113 
54 7 59 81 90 
59 78 31 72 
54 85 89 
87 53 
60 
