21 2
45 42 72 84 84 111 60 89 1 99 52 89 50 71 87 54 82 111 35 63 
49 50 41 47 74 25 50 46 64 9 76 14 68 43 27 38 67 17 34 
37 87 96 83 44 67 43 72 48 48 41 29 88 73 84 94 53 37 
74 89 46 28 36 73 35 43 27 36 29 73 78 71 63 64 16 
21 71 47 50 85 65 38 100 45 99 4 38 3 48 50 58 
92 61 70 84 85 48 116 56 113 25 30 21 69 49 73 
51 24 112 11 65 57 62 71 68 95 70 31 91 48 
29 61 40 16 55 11 52 47 50 44 52 41 12 
90 15 41 57 39 65 47 71 48 27 67 29 
100 53 90 51 72 88 54 82 112 35 64 
54 50 51 62 62 86 63 32 81 36 
70 7 64 40 34 35 59 26 27 
63 21 99 104 98 82 89 43 
56 46 41 42 60 30 20 
99 95 97 92 78 41 
42 6 44 53 58 
36 81 20 61 
48 47 56 
84 56 
50 
