120 2
84 58 78 25 85 67 90 83 46 95 81 78 92 64 44 84 64 16 39 55 26 18 69 80 85 23 74 29 80 52 95 78 53 38 94 55 85 61 64 47 49 23 72 74 57 81 49 14 22 39 56 60 75 48 65 11 57 74 34 73 40 107 70 41 91 32 28 67 79 53 10 71 48 94 36 37 28 68 91 42 39 56 56 52 72 17 40 60 63 54 93 13 28 19 45 25 88 32 92 64 66 20 90 92 89 88 41 84 79 33 85 37 54 98 56 23 85 46 58 
49 51 61 40 67 36 57 101 67 32 63 46 19 68 35 31 77 66 56 71 67 79 51 68 78 83 57 91 31 45 15 95 66 15 90 35 103 24 91 68 76 87 75 29 32 50 69 95 85 32 31 18 47 25 72 90 35 61 51 60 92 30 109 26 56 75 66 21 58 88 82 45 62 49 100 64 39 96 87 105 122 97 89 84 85 106 28 60 45 97 77 60 69 51 78 44 93 30 102 98 71 97 20 60 52 97 5 5 72 79 86 34 20 34 97 63 80 39 
20 33 28 20 35 26 55 38 28 24 34 34 21 29 17 44 67 7 34 51 31 22 31 67 36 48 44 34 37 35 47 66 50 41 30 54 47 44 19 65 39 29 24 27 9 45 58 40 47 19 32 56 24 47 41 20 24 15 62 57 20 66 40 49 67 19 32 10 56 34 53 37 29 57 30 12 51 41 62 77 48 41 36 50 63 23 12 7 53 59 30 55 13 39 30 51 39 53 49 38 51 44 32 30 52 46 48 68 37 42 20 51 49 59 29 33 10 
54 13 21 22 7 69 19 20 12 16 42 38 18 25 64 85 24 54 71 33 2 17 87 35 67 42 48 20 36 58 85 45 51 19 63 58 57 34 85 40 26 36 19 29 65 77 56 60 29 33 72 31 68 51 16 44 5 80 42 22 82 31 68 87 21 30 26 76 34 69 17 48 74 50 15 45 56 78 91 59 52 36 69 79 33 18 26 46 80 51 75 33 58 13 68 29 61 56 58 46 38 12 10 67 47 51 87 28 58 35 45 63 78 13 46 24 
60 47 65 59 46 72 56 56 67 42 26 59 39 15 40 32 13 18 51 56 63 34 57 20 65 31 70 54 47 39 70 45 60 56 45 41 30 32 57 55 33 56 24 11 33 33 39 35 51 38 41 14 47 49 12 49 37 87 44 49 66 23 36 46 55 31 26 54 36 70 12 42 7 43 75 36 46 64 49 43 56 24 47 36 41 29 77 26 3 22 20 19 63 35 67 58 57 10 74 67 66 63 41 61 58 38 65 32 29 73 40 35 62 34 33 
35 8 18 82 26 8 25 7 37 48 5 23 71 85 34 62 74 46 13 29 90 49 68 56 46 10 26 71 85 33 64 6 77 53 70 46 88 54 40 34 8 36 71 86 67 56 28 24 70 27 74 64 11 51 16 80 52 18 93 18 69 89 34 19 36 84 48 67 21 51 85 57 17 58 68 90 103 72 65 50 78 90 30 31 31 58 84 57 78 40 67 4 79 15 75 69 65 59 25 20 11 79 36 42 89 40 69 35 31 59 87 24 59 27 
44 21 49 30 40 13 38 54 23 39 37 51 85 16 41 65 11 23 18 81 16 65 24 55 41 53 37 84 65 29 40 41 68 37 18 80 19 8 44 39 26 57 61 37 67 39 49 75 44 59 29 33 34 18 80 40 37 63 52 67 83 1 48 16 62 14 72 31 47 55 40 28 31 36 59 70 37 31 16 54 59 43 8 27 32 72 44 69 30 43 35 50 50 39 34 47 31 58 26 30 47 64 67 84 18 40 41 65 70 62 20 27 30 
26 90 32 9 34 10 37 56 6 27 78 87 41 68 79 55 21 37 93 58 72 64 48 9 23 79 87 26 72 5 85 52 78 54 91 62 48 37 9 42 76 93 75 56 31 22 71 28 79 72 16 58 25 81 58 21 101 11 72 92 43 17 44 90 57 68 27 56 93 63 23 65 76 98 111 80 73 59 84 98 32 39 37 66 89 62 82 46 74 10 86 7 83 78 71 67 18 27 18 87 31 38 91 48 77 38 24 59 94 31 67 32 
70 13 26 8 18 50 41 23 33 68 92 28 58 77 31 6 11 93 32 73 38 55 21 42 58 91 51 51 24 62 65 58 37 91 37 23 44 25 35 70 80 57 67 37 40 79 38 73 50 23 48 10 87 35 29 84 36 75 93 21 36 30 80 32 76 11 55 75 55 22 39 57 80 91 58 52 34 73 80 40 21 32 40 85 56 81 39 62 16 70 33 60 54 62 41 43 6 9 68 53 58 94 22 60 42 50 70 81 6 48 31 
78 83 62 86 82 34 84 71 35 82 48 33 58 42 71 66 68 45 66 47 75 90 90 14 81 105 21 85 18 90 12 36 68 41 50 72 83 52 48 25 15 85 70 86 84 77 47 22 75 40 65 81 79 75 15 96 69 73 49 87 46 36 43 82 80 57 10 40 68 58 14 12 21 15 18 43 29 12 73 51 57 60 58 46 61 50 27 83 13 95 21 26 37 56 100 75 79 5 100 99 77 60 15 67 107 86 25 69 23 63 
35 17 22 61 52 31 45 80 105 40 70 89 36 18 12 106 36 86 39 68 24 52 65 104 58 58 32 68 77 66 48 104 41 28 56 34 48 83 91 67 80 49 50 91 50 86 57 34 61 23 100 26 41 92 43 88 106 30 45 41 91 37 89 5 68 85 67 35 37 66 89 99 65 60 38 84 89 53 32 45 37 98 69 93 52 73 22 80 39 65 59 74 39 50 7 14 77 62 68 107 21 70 55 56 82 92 10 57 44 
32 15 29 49 4 18 69 79 34 60 70 51 20 37 84 55 63 62 39 16 17 74 78 25 67 4 80 44 72 47 82 59 46 28 1 34 67 85 68 48 22 15 62 19 70 67 8 49 21 73 60 12 94 12 63 83 39 10 37 81 54 59 30 47 85 55 15 65 69 90 105 75 67 56 76 91 24 34 28 66 80 53 73 37 66 13 79 11 79 74 63 66 18 28 20 80 27 33 82 48 70 29 25 51 86 32 60 23 
26 53 35 30 35 63 91 24 53 74 22 12 7 90 24 72 30 57 29 48 50 90 58 42 31 54 68 50 31 88 29 15 45 31 33 67 74 50 69 38 45 79 42 69 42 28 44 12 86 33 33 76 43 73 91 13 42 25 74 24 76 17 53 68 50 25 33 50 73 83 50 44 25 67 73 42 15 31 34 82 53 78 36 56 24 63 40 51 46 57 34 50 12 17 61 59 63 92 16 53 43 57 72 75 7 41 31 
44 54 11 31 78 93 39 68 82 48 15 28 97 50 76 56 54 3 32 75 93 36 67 11 80 60 74 51 95 55 41 42 14 43 78 92 72 64 35 31 77 34 81 67 19 58 21 87 48 25 98 21 77 97 37 25 42 90 50 74 17 59 90 64 24 56 72 95 107 75 69 52 84 95 38 35 38 57 91 64 85 47 73 4 84 17 77 72 72 58 28 17 8 84 41 48 96 39 74 42 34 67 93 22 63 34 
49 33 17 57 51 40 51 49 65 43 59 61 70 39 78 13 45 16 77 51 29 72 33 86 15 73 50 59 73 62 10 29 32 50 75 67 19 15 14 34 11 53 73 27 42 40 45 85 20 89 32 39 59 53 20 42 68 68 31 57 29 81 44 27 84 69 86 102 79 71 70 65 87 11 46 28 85 59 40 51 32 58 41 74 35 85 82 51 85 30 54 47 78 20 16 57 68 67 15 34 22 77 55 62 24 
50 37 28 66 14 18 44 25 40 40 60 31 46 38 45 57 55 27 65 70 23 51 36 60 23 4 58 31 30 39 48 17 35 39 19 57 36 52 60 43 37 24 41 13 33 62 62 41 45 61 49 62 22 53 12 39 28 58 52 30 36 19 34 48 20 41 55 29 21 29 32 42 39 20 23 50 50 23 48 17 21 50 30 61 36 34 24 48 65 47 48 31 66 65 64 40 21 34 72 59 40 42 13 28 
21 71 83 35 62 73 50 17 34 88 53 66 60 43 12 21 74 82 28 67 1 80 48 72 48 86 58 44 31 3 36 70 87 69 53 25 20 66 23 73 67 10 51 20 77 57 15 95 13 67 87 38 14 38 83 52 64 26 50 86 57 16 62 70 91 105 74 67 54 78 92 27 33 30 63 83 56 76 40 68 8 80 11 78 73 65 64 20 25 16 81 31 37 86 45 71 32 27 55 88 29 61 26 
52 62 24 44 52 48 27 42 66 53 45 61 23 33 18 64 61 33 58 22 72 33 61 36 64 56 45 11 18 19 49 69 55 34 4 15 47 7 52 59 12 34 23 56 68 6 80 27 46 65 36 16 27 64 51 44 41 29 72 38 10 66 57 77 92 65 58 53 60 77 7 29 14 68 62 36 55 22 51 27 65 28 71 67 46 67 29 38 32 67 29 30 65 50 57 11 36 37 71 38 49 8 
47 40 10 23 53 66 69 35 58 31 64 46 81 69 39 46 85 40 73 48 61 33 33 34 56 58 48 69 35 13 18 25 54 50 66 50 55 12 42 61 20 59 46 91 58 35 80 34 39 51 69 38 12 55 49 79 28 28 14 55 75 28 32 50 42 37 56 8 33 51 47 41 77 24 17 26 31 10 74 22 80 50 52 6 74 82 74 74 30 77 73 43 69 22 44 88 55 19 70 31 45 
68 51 24 91 87 98 18 97 20 104 39 95 68 86 1 80 85 83 95 42 79 70 17 97 93 51 79 58 34 61 71 34 57 66 19 59 35 87 74 52 81 6 124 67 80 83 17 13 84 72 68 49 94 21 102 38 75 47 70 114 74 78 95 88 82 95 54 79 55 77 60 116 26 42 21 55 56 89 69 86 97 97 46 114 81 98 93 77 69 61 8 103 69 51 85 32 62 96 74 61 
30 50 25 26 30 66 31 48 39 39 43 42 40 67 57 34 36 47 53 37 12 64 33 25 30 34 10 43 53 33 51 25 39 59 31 45 34 26 20 19 63 55 27 60 47 50 67 15 39 2 52 28 56 39 30 51 26 19 47 34 56 70 41 33 30 45 56 29 9 12 49 58 29 54 13 34 35 45 46 46 42 34 47 51 34 34 45 53 54 68 34 35 26 58 54 54 30 26 16 
28 43 56 59 42 49 33 55 42 72 62 34 50 78 34 63 43 57 28 23 41 48 48 41 60 26 18 25 20 51 42 58 51 48 19 35 52 10 49 49 81 50 38 72 36 45 41 61 28 22 46 49 69 24 30 7 45 66 23 34 51 36 31 47 15 35 44 37 31 68 32 12 32 22 7 64 22 72 45 45 5 65 74 64 64 28 70 68 48 59 19 37 80 53 26 60 23 37 
70 73 81 16 75 11 83 36 85 64 62 23 78 62 74 71 46 55 48 14 75 73 43 70 41 10 38 47 38 48 61 30 52 11 63 63 31 66 23 105 58 56 78 13 17 65 66 49 26 72 29 88 23 51 25 58 93 50 54 71 64 59 74 30 55 47 59 45 95 10 21 4 37 32 78 45 80 73 73 22 92 78 83 80 53 68 63 20 84 45 41 83 38 39 80 51 48 
34 24 85 5 71 13 64 52 64 29 90 77 21 51 31 78 31 21 84 8 8 55 50 35 60 58 33 77 50 61 83 55 62 20 45 39 30 87 38 49 57 64 73 87 12 59 24 62 3 81 38 54 50 44 40 23 32 54 62 28 24 5 54 54 54 19 37 25 75 49 74 37 43 46 46 61 29 23 49 23 70 34 40 42 75 78 90 18 36 51 77 79 59 28 23 41 
17 88 36 68 43 50 18 36 60 86 45 52 18 65 59 59 36 87 41 27 38 19 31 67 79 57 61 31 33 73 32 70 52 17 46 7 81 42 23 84 31 70 89 22 30 28 78 36 70 15 50 75 52 16 45 58 80 92 60 54 37 71 81 34 20 27 46 82 53 76 35 60 12 70 28 62 57 60 46 37 11 8 69 47 52 89 28 60 36 44 64 80 12 48 26 
97 24 79 28 64 31 53 53 97 62 45 35 55 75 54 36 95 29 15 52 36 40 73 79 55 76 45 50 86 48 76 44 33 51 18 93 26 39 80 47 80 98 18 47 31 80 24 83 15 60 72 57 31 28 54 77 86 52 47 25 72 77 49 21 38 29 89 59 85 43 61 26 68 44 53 46 64 30 54 11 19 65 64 69 99 11 58 50 61 79 80 5 45 38 
91 22 98 48 100 77 75 18 90 76 89 83 55 68 64 2 90 89 57 85 57 24 45 60 46 62 75 34 66 23 77 78 47 82 21 121 72 64 92 22 5 81 80 65 33 88 34 104 38 60 41 73 108 63 62 79 77 72 89 39 63 61 75 61 111 10 37 12 53 45 93 55 94 86 87 37 108 91 99 96 64 80 73 10 100 58 55 95 45 46 96 65 63 
77 8 70 54 69 31 96 80 24 55 32 84 34 27 89 5 9 60 54 41 66 62 37 82 55 65 89 60 68 23 49 44 33 92 34 53 60 67 79 93 17 63 29 67 2 86 39 59 53 50 44 17 35 57 63 30 27 2 59 57 59 24 42 19 81 54 79 43 48 48 50 64 29 22 54 17 73 35 42 45 80 83 95 15 40 56 80 85 63 29 28 46 
84 26 78 55 68 19 69 66 67 77 35 61 50 20 77 73 35 63 39 18 48 53 27 41 53 19 44 20 68 57 32 62 16 104 51 66 70 3 20 64 58 48 37 74 18 84 18 59 28 52 94 56 63 81 70 64 76 39 64 39 58 41 96 20 22 12 35 39 72 53 72 78 78 29 94 69 79 75 61 58 52 20 83 52 33 73 26 49 77 55 42 
78 59 76 33 104 88 27 61 32 92 37 34 97 7 16 68 61 49 73 67 42 90 63 73 97 68 74 25 56 52 41 100 32 61 62 74 87 100 25 71 37 73 10 95 43 67 56 57 52 11 40 59 64 32 30 8 64 59 67 32 50 13 88 62 87 51 55 54 54 71 28 22 61 10 80 40 47 48 87 91 103 17 45 65 87 93 68 33 33 54 
55 29 72 39 42 68 43 81 15 67 47 46 72 63 12 39 29 38 65 60 12 19 27 23 19 41 69 35 34 45 33 90 28 80 44 26 46 54 32 40 56 67 20 65 18 72 35 33 86 62 77 94 74 66 69 55 78 15 46 27 87 46 30 38 28 49 50 65 47 81 79 41 86 43 61 55 70 32 27 44 71 60 13 47 15 66 61 57 25 
32 78 95 34 71 12 83 60 78 54 98 59 44 44 16 46 81 96 76 65 37 31 79 36 84 71 21 61 24 89 50 27 102 19 79 99 41 26 45 93 53 76 19 61 94 67 27 59 76 98 111 79 72 55 87 99 40 38 41 60 94 67 88 50 77 7 88 15 81 75 75 61 26 20 12 87 40 48 98 42 78 44 32 68 97 25 67 37 
83 67 15 76 21 90 29 79 55 75 72 60 21 18 38 63 87 74 35 19 3 50 13 67 77 20 51 36 61 78 15 99 16 55 75 52 6 45 80 67 47 47 42 90 55 24 81 76 95 111 84 76 69 77 96 18 45 32 82 74 52 66 40 69 30 83 19 89 85 63 82 14 46 37 86 11 16 73 64 75 25 19 37 88 48 68 27 
85 97 7 75 9 87 6 27 74 27 37 67 73 45 51 36 14 83 64 79 85 70 52 8 66 38 54 83 65 67 29 87 71 78 37 79 37 44 29 83 67 56 23 40 59 44 11 26 33 2 6 29 36 26 67 40 50 46 64 46 66 45 30 72 22 85 11 13 39 42 91 63 67 15 93 93 82 46 17 62 99 85 36 56 14 55 
80 84 83 94 42 78 69 17 96 92 50 79 58 33 60 70 34 57 66 19 59 34 86 73 51 81 6 123 67 79 83 16 12 83 72 68 48 93 21 102 37 74 46 70 113 73 77 94 87 81 95 53 78 54 77 59 115 25 41 20 54 55 89 68 86 96 96 45 113 81 97 93 76 69 61 7 102 68 50 85 32 61 96 73 60 
91 27 104 38 94 70 88 85 71 37 26 53 79 102 89 46 35 19 61 29 82 91 31 67 47 74 84 30 114 15 68 88 64 18 60 96 79 59 53 58 106 71 38 90 91 111 126 98 91 81 93 111 34 59 48 91 89 68 81 55 84 36 99 19 103 98 79 92 8 53 44 101 11 19 86 73 91 40 5 48 104 57 83 42 
68 13 83 10 22 74 20 30 62 66 40 51 40 16 80 58 73 82 65 52 1 60 35 47 82 58 61 36 80 69 79 30 73 31 47 22 80 60 53 29 38 53 38 13 33 40 7 3 22 38 33 62 33 44 40 65 44 66 40 30 64 27 78 13 11 39 36 85 55 59 21 87 88 82 39 19 57 92 82 41 49 11 50 
81 48 73 49 87 59 45 32 4 37 71 88 70 53 26 19 67 24 74 68 11 53 21 77 58 16 96 12 68 88 39 14 39 85 54 64 27 51 88 58 18 63 71 93 107 76 69 55 79 93 28 35 32 64 84 57 77 41 69 9 81 10 79 74 66 65 19 26 17 82 30 37 87 46 72 33 25 56 89 30 62 27 
96 15 35 82 27 40 75 79 53 60 43 23 92 72 86 94 78 60 13 73 47 60 92 64 74 32 93 80 87 42 86 44 52 31 92 70 65 28 49 66 42 20 30 32 7 14 30 44 29 75 46 58 44 72 55 74 53 38 77 29 91 4 10 48 40 98 66 71 21 101 101 91 47 25 70 105 94 43 60 23 63 
82 62 53 86 77 23 45 44 50 79 75 8 29 29 23 26 53 84 43 50 56 36 101 36 95 45 34 51 67 35 55 70 81 21 73 33 87 50 43 99 78 92 109 89 82 83 69 93 25 60 41 100 56 45 47 43 64 57 80 48 96 94 56 99 41 70 63 86 27 19 48 83 75 27 43 10 80 71 73 38 
24 67 30 39 62 71 41 45 30 8 78 60 76 79 66 45 11 64 32 53 77 68 64 26 84 64 72 37 76 34 38 32 77 68 50 19 34 57 48 5 23 33 8 7 32 29 23 63 39 46 50 57 40 59 40 23 71 17 83 17 19 32 47 89 63 67 11 89 89 75 49 10 58 96 79 30 57 11 52 
62 27 25 40 46 18 39 43 21 59 36 51 63 42 41 22 39 17 30 66 58 40 47 60 52 66 18 52 9 44 24 61 48 33 39 23 32 44 22 44 57 29 21 25 36 44 40 16 22 46 55 27 53 19 25 47 33 59 35 32 28 44 64 43 44 33 65 66 68 36 23 35 71 61 44 38 13 28 
89 88 55 83 55 23 45 59 44 60 73 32 64 22 76 76 45 80 20 120 70 64 90 20 5 79 78 64 33 86 33 102 36 59 39 71 107 62 62 79 76 71 88 39 63 59 73 59 109 10 35 10 51 44 91 54 92 85 86 35 106 89 97 94 63 78 71 10 98 57 53 93 43 46 94 64 61 
14 63 58 42 65 60 34 84 58 69 90 63 67 19 53 44 38 93 38 57 56 72 80 93 20 67 31 65 5 88 44 60 49 50 48 18 32 53 59 26 23 3 56 53 62 27 45 21 80 54 79 44 47 53 47 69 24 17 53 17 78 40 46 41 83 86 95 20 38 59 85 87 60 33 26 49 
53 45 35 65 65 41 76 47 57 84 52 67 29 40 42 24 89 32 45 65 58 76 91 9 54 25 68 9 81 30 55 58 48 36 22 40 62 70 37 32 10 60 62 51 17 36 23 80 52 77 38 49 39 54 55 37 31 54 22 64 26 32 50 71 75 93 10 44 50 71 79 66 20 31 39 
28 21 42 66 56 23 7 18 35 9 45 62 23 32 33 45 79 16 79 35 35 55 43 23 32 59 58 32 53 21 71 34 21 75 58 75 92 68 61 60 56 76 4 36 18 77 53 31 46 21 48 38 63 37 75 72 42 76 35 49 43 67 29 26 54 60 57 4 40 26 67 49 52 14 
34 67 85 68 49 22 16 63 20 70 66 7 49 20 73 59 12 94 13 64 83 38 11 37 81 53 60 29 47 85 54 14 64 69 90 104 74 67 55 76 90 24 33 28 65 80 53 73 37 66 12 78 12 78 73 63 65 19 27 19 80 28 34 83 47 69 29 26 52 86 31 60 23 
35 51 36 41 18 34 48 25 38 41 26 15 25 53 65 24 61 46 41 58 26 36 11 47 38 46 46 20 52 21 19 57 38 57 72 47 39 40 42 58 21 19 5 59 50 21 45 4 32 39 45 46 53 50 29 57 49 41 39 48 48 47 59 44 37 17 56 44 52 38 30 11 
29 37 43 45 61 37 50 3 53 60 22 60 33 97 55 47 76 21 27 56 65 42 19 63 36 82 21 41 16 54 84 40 44 62 54 48 65 20 45 45 51 40 86 15 14 14 31 21 74 35 77 62 63 12 83 77 77 75 43 70 65 30 75 35 39 83 43 30 73 41 44 
25 72 67 83 67 73 27 42 77 35 72 61 97 75 19 97 50 50 61 86 50 12 60 66 91 46 15 31 70 78 27 17 34 38 37 61 9 18 68 59 56 81 35 35 40 47 18 88 13 97 46 50 24 77 99 86 87 21 95 91 55 76 22 62 106 73 1 81 34 62 
70 55 70 71 61 37 17 60 25 51 69 72 60 26 81 56 63 37 72 31 31 35 69 68 42 18 26 53 53 3 22 36 17 12 35 22 23 57 37 41 55 49 32 51 34 15 68 13 80 26 27 24 52 84 63 65 12 84 83 67 51 3 51 91 72 25 57 10 47 
30 34 15 29 46 81 45 45 57 28 102 38 89 51 25 43 66 40 53 62 80 13 76 27 81 44 45 98 73 85 103 85 78 82 62 86 27 59 40 100 47 39 39 40 58 61 74 54 93 91 49 98 48 73 66 80 35 27 40 84 70 26 51 2 73 73 69 38 
16 42 6 49 59 16 32 26 51 72 10 79 30 41 61 38 19 27 61 53 39 46 25 70 35 14 69 56 75 91 65 58 55 57 76 4 31 13 71 58 33 51 20 49 32 63 32 71 68 43 70 32 42 36 66 29 29 61 54 56 7 38 33 68 42 49 9 
49 10 64 73 17 48 33 60 75 12 95 17 53 73 48 5 42 77 64 46 46 39 87 52 21 78 72 91 107 80 73 66 74 92 15 42 29 79 71 49 64 36 65 28 79 20 85 81 60 79 16 44 35 82 14 18 71 61 72 21 22 37 85 46 64 23 
43 39 84 58 47 68 13 113 51 85 66 16 29 74 54 59 56 86 2 88 30 78 45 56 106 74 82 100 87 80 88 58 83 39 67 48 108 37 39 29 46 57 74 72 69 95 94 47 106 63 84 79 79 50 42 26 93 70 36 66 13 68 84 71 48 
54 65 16 38 29 53 74 9 85 26 44 64 43 14 33 67 58 40 46 29 77 41 16 73 63 82 97 72 64 60 63 82 5 36 20 75 62 38 55 26 55 31 70 28 77 74 49 74 26 43 36 73 23 23 63 57 62 11 32 32 74 44 55 14 
53 63 25 63 34 99 58 45 79 23 26 59 68 44 16 65 38 84 24 40 18 57 85 40 43 61 54 49 66 19 44 49 54 43 87 13 17 14 34 21 77 34 81 63 64 13 84 80 79 77 42 73 68 30 77 35 42 86 46 28 76 42 47 
60 36 47 84 57 61 37 80 70 80 30 73 31 48 21 81 59 54 30 39 53 37 15 34 41 8 5 21 40 34 62 33 45 39 66 45 67 41 32 64 28 78 12 10 40 35 85 55 59 22 88 88 84 38 20 58 92 83 42 48 12 50 
42 16 68 59 7 86 20 58 77 32 14 29 73 48 56 30 40 77 47 7 61 61 82 97 67 60 50 68 83 19 27 20 62 73 46 66 30 58 15 71 19 71 67 55 62 25 27 20 72 31 35 77 44 62 23 32 48 78 29 53 16 
39 48 74 39 47 61 35 48 34 50 19 32 42 45 60 18 39 6 35 62 27 43 60 40 33 43 26 44 33 29 21 64 38 10 35 12 17 54 31 61 48 46 14 62 63 55 54 36 60 58 51 53 25 27 70 47 37 51 24 26 
76 45 21 77 34 64 82 18 30 21 71 32 65 21 44 69 45 13 45 51 74 86 55 48 34 64 74 30 14 21 46 75 46 70 29 53 17 63 31 58 53 53 46 39 17 15 63 47 51 83 28 53 31 47 60 73 15 42 20 
119 61 79 77 13 17 79 66 64 49 90 15 97 33 74 44 65 110 72 77 94 86 80 91 53 78 49 73 55 112 27 39 20 50 54 84 68 80 94 94 44 110 75 93 87 76 63 55 13 98 67 45 79 26 62 91 71 55 
65 94 69 106 123 40 71 56 101 37 110 31 86 87 80 58 22 70 91 96 64 61 36 93 91 76 46 64 21 112 84 110 69 82 48 84 65 60 54 86 25 76 32 40 79 88 94 124 21 75 76 82 105 98 29 62 65 
85 21 51 71 36 12 30 70 51 49 37 35 76 44 9 66 61 81 96 68 61 53 65 82 12 30 18 67 68 42 61 27 56 22 70 22 73 69 52 67 24 34 27 72 26 30 71 49 61 17 31 41 76 35 53 13 
106 69 69 63 97 57 31 58 84 94 61 8 45 79 73 26 3 15 30 33 58 26 3 81 63 66 75 54 50 59 58 30 95 15 106 36 41 39 71 110 89 92 15 108 106 74 75 24 75 117 89 18 83 35 72 
70 90 51 12 50 92 66 63 38 55 98 65 27 76 82 103 117 87 80 68 87 103 31 47 40 77 88 63 81 49 78 21 91 4 91 86 74 77 7 38 29 93 21 29 88 59 82 37 13 53 98 42 73 34 
20 66 58 51 39 76 15 85 20 62 31 54 97 59 66 84 73 66 78 42 67 39 60 43 99 22 25 13 37 42 73 56 72 81 81 32 96 69 81 76 64 58 51 19 85 55 34 73 25 52 79 58 44 
82 78 67 38 90 31 104 38 64 43 73 111 67 67 84 81 76 92 44 68 59 76 61 113 15 38 13 54 48 93 59 92 89 90 39 110 89 99 96 68 77 70 5 101 61 54 93 42 51 97 68 63 
47 15 62 15 72 30 46 55 40 27 31 37 59 70 38 31 17 54 60 42 7 26 33 72 43 69 29 43 34 50 49 40 35 46 32 57 25 29 48 63 66 84 19 40 40 64 69 62 20 27 29 
42 81 62 52 41 43 88 55 20 75 73 93 108 80 73 64 76 94 19 41 30 76 76 52 69 38 67 23 81 14 85 80 63 76 13 39 31 84 17 22 76 58 73 25 19 42 87 42 65 24 
50 27 57 41 30 48 25 22 46 32 53 67 38 31 29 43 54 31 9 14 48 57 28 53 13 32 38 42 49 44 40 32 46 54 36 36 43 56 57 68 34 33 28 61 55 51 32 23 18 
64 55 91 38 26 26 67 84 33 29 46 46 43 65 8 30 62 59 53 86 23 28 28 43 18 86 22 93 55 58 18 83 94 86 86 31 88 84 43 79 28 55 100 63 13 81 39 57 
84 39 57 51 47 42 20 33 55 62 28 25 2 56 55 57 22 40 22 78 52 77 40 46 48 47 64 28 22 51 20 72 35 41 43 78 81 93 17 38 54 79 82 61 29 25 44 
85 27 77 43 53 103 72 81 99 85 78 86 57 82 36 65 46 105 37 37 29 43 55 71 70 66 93 92 45 103 61 82 76 77 48 40 27 90 68 33 64 11 67 81 69 45 
65 86 66 32 41 67 90 100 67 62 40 84 90 49 32 42 41 96 67 91 50 73 17 81 34 67 61 73 43 45 5 10 78 57 64 104 25 71 52 51 79 92 10 58 41 
54 17 35 77 45 58 76 58 51 59 36 59 24 39 22 79 33 11 26 17 31 55 46 57 66 64 22 77 56 61 57 52 49 45 39 65 42 18 62 29 48 59 42 25 
37 70 67 18 5 21 25 26 51 21 5 72 55 58 69 49 42 54 50 22 86 7 97 32 36 31 65 101 81 83 8 99 97 69 68 15 66 108 82 15 75 27 63 
40 67 29 41 59 42 35 48 21 42 37 35 26 70 31 6 29 17 14 60 30 66 50 50 8 67 68 61 60 35 63 60 45 59 25 30 74 46 33 57 27 31 
57 54 75 90 60 53 44 61 76 18 21 14 58 67 40 61 23 51 20 64 26 65 60 48 58 32 28 22 65 35 39 73 41 55 20 39 47 71 28 45 10 
51 70 74 42 41 19 75 70 73 39 58 2 99 72 97 60 66 55 65 73 38 32 72 2 83 39 48 59 92 96 113 17 56 72 89 101 79 34 44 61 
22 35 13 10 33 25 23 59 37 43 53 52 35 54 36 18 69 14 81 22 24 27 50 86 63 65 11 86 85 70 50 5 54 93 74 27 57 9 49 
17 27 30 55 24 1 77 60 63 72 52 47 57 55 27 91 12 102 34 39 36 68 106 85 88 12 104 102 72 72 20 71 113 86 16 80 32 68 
33 38 61 41 16 94 72 78 76 69 64 74 71 44 104 29 116 36 42 53 72 121 96 100 24 120 119 89 79 35 88 128 104 33 90 44 84 
7 28 38 27 69 41 51 44 66 48 68 46 32 72 24 86 8 11 41 41 92 63 67 17 94 95 84 45 19 64 100 87 38 56 16 57 
25 35 30 61 34 44 44 62 41 63 39 27 65 23 79 15 14 36 40 85 57 61 18 87 87 79 42 15 56 92 80 37 51 9 49 
57 55 59 24 42 21 79 53 78 42 47 49 48 65 27 21 53 18 74 36 43 43 80 83 94 17 38 56 81 84 61 30 26 46 
25 59 52 47 78 29 25 33 38 11 80 15 88 47 49 14 74 89 79 79 24 85 82 48 71 19 52 96 63 11 74 30 52 
78 60 63 72 53 47 58 55 28 92 12 103 34 38 37 68 107 86 88 12 105 103 73 72 21 72 114 87 17 80 32 69 
35 17 75 57 34 50 23 50 34 65 33 75 71 44 74 31 46 39 69 26 26 58 58 58 6 37 29 70 46 52 13 
19 40 67 38 63 22 41 31 49 45 44 39 42 39 52 27 28 48 57 59 78 25 39 33 59 62 60 22 28 22 
60 54 26 49 9 38 34 51 40 57 54 34 58 43 38 35 53 43 43 61 44 43 14 50 42 58 36 35 5 
101 74 99 62 68 56 67 73 40 34 74 4 83 39 48 61 93 97 115 18 59 74 90 102 81 34 47 62 
29 8 46 34 87 44 90 75 76 26 98 88 92 89 53 79 73 20 90 47 51 93 47 36 88 55 57 
25 17 19 60 35 64 56 55 11 72 65 62 60 41 60 56 41 62 31 27 71 40 36 59 32 30 
41 36 82 48 83 77 77 26 97 80 87 84 56 70 64 16 88 49 44 85 38 41 84 55 51 
29 43 43 49 53 51 25 60 51 45 43 46 49 48 55 48 35 17 58 42 49 42 30 14 
69 15 78 41 42 10 65 80 68 68 22 77 75 52 60 13 44 87 60 20 63 21 43 
80 17 74 69 68 57 28 17 8 80 39 46 93 38 71 39 34 63 89 21 60 30 
91 33 36 25 64 94 76 78 8 92 90 64 64 10 59 101 75 13 70 23 57 
89 84 74 74 11 34 25 92 25 33 91 55 82 39 17 57 98 38 72 35 
6 50 36 97 63 69 24 100 101 93 44 28 70 104 95 46 57 24 62 
50 30 92 57 63 28 96 97 94 38 29 67 99 93 50 51 22 59 
71 76 68 68 32 71 67 43 64 23 38 82 50 25 64 28 39 
84 41 49 57 93 97 113 18 55 72 91 101 77 35 43 61 
45 36 96 15 24 87 65 86 38 7 50 100 49 77 37 
9 74 56 62 100 22 66 48 51 75 87 6 53 37 
77 47 53 96 31 68 42 42 69 88 13 56 32 
96 94 72 60 10 63 103 82 21 68 20 59 
8 75 75 85 33 16 37 96 59 78 37 
67 79 84 31 25 29 93 64 78 38 
103 65 54 91 38 56 98 72 63 
54 57 72 86 77 17 41 46 
52 93 71 22 60 13 48 
44 29 63 47 47 11 
53 107 55 85 44 
74 76 71 40 
82 35 63 
47 36 
41 
