23 6
45 18 31 20 71 46 12 19 21 35 14 82 77 69 82 1 30 51 40 51 64 15 
29 25 34 51 14 49 31 30 14 31 47 79 64 63 44 17 55 28 49 20 60 
14 9 56 33 20 4 17 17 10 65 68 58 67 16 13 41 34 40 49 33 
13 41 35 29 12 30 10 24 51 58 45 52 30 9 32 42 28 44 46 
51 41 16 5 26 21 18 64 60 50 61 19 17 33 44 32 55 33 
65 65 53 70 44 65 28 39 22 12 70 47 31 79 25 61 84 
52 37 26 25 32 59 92 77 77 45 26 67 16 62 20 60 
18 30 36 21 80 66 60 75 11 32 41 50 42 69 19 
22 18 14 64 64 54 64 17 14 37 39 36 51 33 
27 9 74 86 75 82 20 23 59 19 57 46 34 
24 48 67 52 56 34 5 41 35 36 34 51 
72 78 68 77 13 19 51 28 50 50 28 
68 50 33 81 53 57 75 50 47 97 
17 37 76 68 26 101 30 95 84 
22 68 54 18 88 18 78 79 
80 59 37 91 33 72 94 
29 50 40 50 63 16 
41 33 37 37 46 
74 7 72 60 
71 36 52 
66 62 
79 
