120 6
77 60 67 31 92 31 89 18 50 36 95 83 84 85 69 77 45 98 17 67 43 15 83 49 92 69 67 52 68 54 45 86 68 56 31 34 40 78 89 69 103 38 49 98 78 16 71 62 38 72 19 16 43 73 100 6 82 39 90 40 41 83 37 39 56 94 42 7 96 73 78 30 80 92 47 20 86 75 96 33 67 32 90 95 73 40 52 33 92 17 44 49 35 79 53 35 91 35 67 76 4 77 70 53 21 60 22 5 43 63 90 72 41 18 2 38 79 44 93 
84 50 100 20 87 59 59 95 47 41 19 80 74 53 12 31 94 60 45 53 70 68 75 26 63 93 45 41 42 57 21 20 20 45 76 106 2 88 23 35 106 28 89 31 85 7 72 100 5 65 78 67 65 29 82 44 68 20 41 106 78 52 45 57 76 37 77 31 16 77 91 87 50 58 57 53 66 41 49 63 44 65 70 32 101 27 92 87 66 60 53 68 15 35 74 84 62 10 20 79 58 45 30 83 28 58 71 64 30 83 63 85 70 77 100 52 40 58 
37 50 87 34 50 62 22 44 72 76 30 36 36 75 66 41 54 43 32 45 38 12 81 28 9 91 46 91 28 78 64 72 62 25 47 84 32 62 89 51 61 43 61 48 77 14 41 80 44 44 20 29 91 59 55 22 83 48 45 30 38 44 101 44 53 52 82 70 25 38 22 60 26 63 52 31 73 45 26 57 47 50 57 39 75 37 37 46 93 31 26 74 49 24 36 30 78 69 57 38 44 55 42 56 68 59 22 92 36 30 22 42 62 40 45 46 56 
73 50 57 22 58 55 32 36 39 30 25 2 40 45 45 52 6 24 52 20 33 43 12 44 73 10 72 22 41 30 46 49 43 75 50 38 27 52 78 38 41 24 64 44 23 69 47 48 57 30 15 53 69 19 34 46 31 74 28 30 30 86 31 34 62 44 35 26 61 36 26 21 57 19 16 36 35 13 44 24 29 20 68 52 61 38 50 81 18 36 39 21 41 35 32 47 33 66 11 6 28 59 25 62 63 28 68 34 13 49 50 69 68 12 27 26 
112 16 93 46 30 53 108 101 80 84 74 97 70 91 42 76 52 30 84 43 109 71 53 82 78 84 51 104 87 81 57 30 9 101 82 86 120 7 71 93 92 15 93 59 10 95 34 21 43 74 118 25 92 39 108 59 11 79 50 55 87 93 62 25 112 92 74 12 72 100 52 49 93 76 109 50 68 56 92 97 87 13 78 13 87 34 75 56 37 98 69 32 86 42 90 94 27 80 79 71 16 77 52 35 45 91 86 74 28 29 33 11 85 60 99 
98 51 76 103 59 26 11 77 69 52 15 48 89 75 45 62 83 63 81 10 62 95 65 41 62 64 10 25 38 62 85 117 18 85 26 15 118 43 82 27 99 23 74 111 23 78 91 75 64 9 98 37 77 5 53 117 75 62 56 77 69 51 92 14 20 75 102 86 40 65 74 45 64 27 62 63 60 58 61 30 111 46 103 82 80 80 59 77 14 43 83 79 71 28 19 94 55 44 41 96 35 76 87 72 50 78 62 94 83 93 110 48 51 48 
77 41 19 40 92 87 64 67 58 83 60 75 35 60 36 22 67 27 94 54 39 77 62 78 35 90 72 69 49 13 19 88 66 71 105 20 59 77 76 15 80 42 13 82 25 15 26 57 104 27 76 23 94 46 18 63 36 42 83 76 50 23 97 78 58 4 56 84 36 43 76 59 93 38 52 46 75 80 71 13 68 5 71 25 72 40 21 84 54 16 70 26 78 79 27 64 62 57 10 62 48 32 29 83 70 57 12 20 33 12 68 47 82 
80 72 54 27 42 28 19 20 46 63 38 74 22 46 74 14 51 41 23 55 91 24 89 44 42 41 62 70 63 94 58 35 37 46 97 55 31 27 85 54 37 88 57 70 79 50 21 50 91 15 54 46 52 93 26 52 51 104 18 55 84 40 43 28 81 39 12 42 79 5 19 27 57 25 65 7 10 27 87 69 81 32 72 101 40 57 44 40 61 29 54 59 39 88 13 19 46 80 40 84 85 48 82 28 20 67 72 91 87 10 48 5 
58 25 82 68 81 80 60 61 28 96 7 57 36 19 77 50 77 64 71 36 57 37 39 71 53 39 14 38 55 61 87 54 88 53 33 94 64 31 54 60 52 55 18 27 42 68 84 24 71 39 74 28 56 79 29 28 42 88 27 21 81 57 75 43 79 81 42 2 76 70 83 22 62 16 82 87 60 54 34 45 90 17 31 42 35 63 41 39 87 32 49 61 21 69 60 38 33 45 6 12 41 45 87 66 47 22 17 52 69 32 83 
50 92 91 53 58 55 89 72 62 51 60 42 39 60 22 97 49 24 92 63 93 39 94 78 80 63 21 26 96 53 76 107 30 69 64 78 34 88 35 20 91 40 33 28 51 107 46 75 26 98 55 24 52 44 51 100 67 60 42 99 83 48 20 43 81 38 60 73 53 92 49 47 60 69 72 73 18 81 18 58 41 90 43 28 89 60 22 58 34 88 84 46 59 62 65 29 68 65 51 31 97 58 51 11 36 52 19 65 55 78 
59 49 57 55 35 43 22 73 20 32 12 24 52 33 57 39 54 47 32 46 17 52 34 30 18 29 58 48 64 33 68 59 19 70 41 39 40 38 53 42 19 32 24 43 66 40 46 24 55 5 58 55 6 3 57 63 10 34 61 38 51 43 58 56 20 25 51 45 60 3 38 13 57 62 37 54 31 45 66 21 50 17 22 45 17 28 63 16 38 41 36 43 35 18 36 24 30 31 22 47 63 42 39 24 37 52 44 8 58 
21 54 46 36 29 58 65 78 31 56 82 40 69 16 44 79 82 29 79 56 19 30 52 69 78 111 39 62 28 19 113 51 58 17 97 39 58 104 41 78 89 65 44 23 99 17 69 22 54 110 53 59 55 94 45 54 92 13 29 54 96 65 15 56 80 22 44 1 62 46 65 34 36 22 104 60 97 59 79 95 51 71 25 41 76 56 66 45 23 95 34 29 43 92 36 84 90 63 69 55 43 84 81 96 103 27 51 23 
66 59 41 8 41 79 66 33 50 73 52 69 9 51 84 61 29 59 53 3 15 33 54 74 106 17 74 15 20 107 35 73 16 88 18 62 100 20 68 81 63 53 17 88 27 65 7 43 105 64 51 46 74 60 41 82 14 10 64 91 75 32 53 66 36 53 22 52 52 51 49 52 19 100 41 92 72 70 76 48 66 5 32 72 69 60 24 7 84 44 33 30 85 24 68 78 60 48 68 51 82 73 84 99 37 41 40 
8 27 68 74 15 74 35 45 69 14 37 68 19 31 102 39 101 41 67 60 76 76 52 78 80 8 56 73 82 67 13 50 76 74 22 72 77 66 71 41 15 77 85 40 45 72 58 76 2 52 56 114 15 62 78 67 64 6 68 12 40 38 81 32 14 55 59 19 71 21 22 48 70 82 67 8 68 108 40 49 67 51 50 6 49 77 61 82 22 34 58 70 55 87 82 41 98 6 17 52 66 87 71 29 55 33 
22 61 70 20 73 30 44 70 6 40 60 16 38 99 33 97 41 59 54 72 73 55 83 73 16 50 65 86 63 15 43 79 68 25 76 71 66 73 43 12 69 86 32 47 64 56 81 7 51 53 111 9 59 79 59 57 10 71 20 31 38 80 24 10 46 58 18 68 13 14 41 75 77 71 13 68 106 38 51 60 47 53 10 50 72 54 84 15 28 53 73 50 85 82 42 93 9 13 56 67 88 75 21 52 24 
42 48 42 54 8 26 54 17 33 44 10 43 76 12 74 24 42 32 49 52 44 76 52 35 29 53 78 41 38 25 65 47 22 69 50 50 59 31 12 54 71 19 34 47 34 75 25 32 32 88 28 37 64 45 37 23 62 34 26 22 60 18 13 37 38 11 47 21 26 22 69 55 62 35 52 84 20 37 41 24 42 32 34 50 35 68 8 8 31 60 27 65 65 29 70 31 10 49 52 71 68 10 30 24 
33 82 59 34 47 67 55 67 17 52 83 53 30 50 50 11 10 25 47 70 102 11 77 13 27 103 28 76 19 83 10 62 96 12 62 76 60 54 23 82 31 62 13 38 101 66 47 41 66 64 35 76 22 5 65 87 76 38 51 59 40 54 29 46 53 44 53 57 20 96 33 88 75 64 68 45 62 3 28 68 72 56 16 7 78 46 34 25 80 20 61 71 57 40 71 52 79 67 78 95 40 36 45 
90 29 41 33 40 65 55 50 55 75 28 39 26 37 44 28 10 14 51 77 32 82 30 61 77 7 86 41 55 25 58 72 26 35 49 46 59 56 51 50 46 46 17 77 72 28 21 40 76 12 47 54 30 69 63 77 60 40 26 58 60 59 23 54 13 67 73 38 74 9 64 82 36 37 36 44 36 23 50 79 38 21 35 48 56 44 17 54 23 28 40 43 25 79 57 61 41 46 72 53 20 65 
89 50 60 83 26 50 79 34 38 118 54 116 56 79 74 92 91 65 88 93 9 71 84 92 83 7 63 89 89 36 82 92 80 84 55 30 88 98 52 59 84 74 86 17 68 71 130 20 78 92 78 78 21 79 19 50 54 96 43 29 65 75 35 86 31 29 62 80 97 78 7 82 124 55 63 80 67 63 10 64 92 74 96 36 49 73 82 70 102 96 55 113 11 32 63 80 101 81 42 70 42 
52 29 13 70 42 75 57 63 42 52 43 32 69 51 39 15 31 50 61 79 52 86 49 32 87 61 26 53 52 46 55 10 21 34 61 83 22 66 31 72 23 50 72 22 23 49 81 24 18 79 55 68 37 72 76 35 8 71 63 79 17 55 15 76 81 56 48 36 39 82 10 39 35 27 61 36 31 80 25 50 59 19 63 55 35 27 42 14 12 33 49 80 60 40 15 18 46 64 27 78 
25 53 24 37 38 18 50 69 4 68 25 35 24 41 47 46 79 44 44 21 47 81 34 45 18 66 38 29 72 42 48 59 34 20 47 70 15 37 40 29 78 33 30 29 82 35 32 63 39 29 32 64 42 24 24 56 19 21 32 35 19 42 26 31 14 72 48 65 43 50 78 20 39 33 18 44 40 34 42 27 67 14 3 24 61 20 61 63 31 63 39 18 53 51 69 71 12 25 26 
28 41 22 58 27 42 59 26 59 4 53 36 40 31 23 55 54 51 35 68 57 29 58 39 41 46 25 49 49 24 34 14 32 67 45 40 15 58 15 55 43 7 12 70 52 20 38 60 42 39 41 45 50 7 36 43 34 56 14 26 26 47 52 34 49 42 41 54 26 63 6 15 48 18 21 51 10 46 43 42 34 28 23 36 26 41 39 11 59 51 30 32 26 45 48 36 14 50 
68 34 81 54 53 55 54 56 30 76 58 50 27 20 37 71 73 58 92 37 41 82 65 15 63 46 33 65 5 8 27 58 90 17 68 24 80 29 38 67 23 27 61 78 32 10 85 63 62 24 65 78 32 21 71 60 83 21 52 26 75 80 60 35 48 26 77 3 51 34 19 69 41 21 75 20 60 65 14 62 56 42 14 48 26 13 27 62 75 57 28 2 18 33 64 32 78 
40 54 14 41 94 28 92 38 53 48 66 69 54 84 67 22 44 59 87 58 21 37 78 62 25 77 65 64 72 42 10 63 85 26 46 58 51 82 12 48 50 106 11 55 78 53 52 14 72 25 26 36 77 18 8 41 54 16 64 9 12 35 76 72 71 19 66 102 35 50 54 42 52 16 48 66 48 82 10 23 48 72 44 82 80 41 88 15 11 56 66 85 76 15 48 19 
75 27 21 79 41 79 18 71 56 62 50 15 43 75 40 54 84 46 51 50 55 39 67 15 37 70 32 34 8 30 85 48 52 10 76 37 42 36 26 33 89 49 42 42 77 61 31 31 31 59 16 51 51 32 70 33 25 45 49 53 51 36 64 31 44 34 81 21 14 67 39 13 43 18 68 61 46 38 39 45 33 47 56 47 11 80 43 30 16 31 51 36 43 36 56 
54 88 70 34 67 59 6 23 42 63 81 113 24 76 23 11 115 44 72 19 97 27 67 107 28 76 89 70 55 9 97 28 72 6 52 113 66 59 54 83 60 50 91 5 19 66 99 77 30 60 75 36 55 17 60 56 60 48 51 24 107 50 99 73 78 85 55 73 14 40 79 70 67 33 16 93 46 37 39 93 33 78 87 67 56 69 53 89 81 93 106 39 49 38 
34 83 22 82 24 52 42 57 57 41 71 62 26 39 62 74 48 31 35 64 56 14 64 59 50 58 28 4 64 71 27 32 57 39 70 17 34 37 95 24 43 64 55 47 14 58 24 32 22 63 24 6 45 41 2 52 21 26 32 63 63 58 27 52 90 21 36 51 32 38 24 34 59 45 68 10 18 39 58 36 69 66 27 79 24 3 44 52 72 63 17 36 28 
101 54 100 38 85 73 82 71 33 50 93 30 70 96 54 71 41 68 55 86 21 44 89 53 51 29 34 98 66 62 31 90 58 48 31 48 54 111 46 63 60 89 78 27 43 20 66 35 72 57 35 79 54 32 67 50 53 65 42 84 41 35 54 102 40 35 83 58 32 35 39 87 77 64 44 51 64 48 65 77 67 32 101 36 35 27 50 70 43 51 56 61 
67 3 64 64 52 30 29 72 91 47 109 55 80 89 35 114 67 67 43 85 88 42 52 63 71 87 74 58 77 69 65 44 92 100 53 47 13 105 39 57 75 52 97 79 104 87 66 34 86 89 82 46 82 34 96 101 64 90 22 81 111 52 16 63 66 56 51 71 108 61 37 58 56 84 72 45 69 50 30 47 68 16 107 85 81 57 50 88 81 47 92 
65 27 31 20 38 46 49 81 40 47 17 43 83 31 49 14 68 35 32 75 38 49 60 36 24 44 71 14 39 36 29 80 37 31 29 80 38 31 64 36 25 35 67 46 24 26 56 19 25 30 35 23 41 28 33 10 75 45 67 46 51 76 22 41 29 16 46 43 36 38 23 67 18 5 21 63 16 60 63 33 60 42 22 55 53 69 74 14 25 26 
63 61 50 27 29 72 92 44 108 53 77 91 33 113 64 68 40 84 89 39 53 64 70 86 71 60 75 69 62 43 93 99 52 47 15 103 38 58 72 50 96 80 103 84 66 35 84 87 80 46 81 33 94 99 62 91 20 82 109 53 19 62 66 54 50 71 106 61 34 55 57 82 70 43 70 48 32 49 68 13 106 84 82 58 52 89 80 46 90 
55 39 44 35 21 54 57 47 37 70 56 33 55 41 41 50 21 48 52 26 34 10 29 69 47 40 12 60 20 53 39 11 16 75 49 25 40 62 44 35 40 41 49 2 39 42 31 57 18 23 30 45 50 36 48 46 40 50 28 67 5 14 50 21 19 47 10 50 45 44 32 27 27 36 29 45 41 7 63 47 27 29 28 47 47 34 18 49 
18 36 57 77 109 19 75 18 17 110 38 73 17 91 21 64 102 22 71 84 66 54 14 91 27 68 5 46 108 65 54 49 77 60 44 85 11 13 65 94 76 31 56 69 36 54 20 55 53 54 49 52 20 103 44 95 72 73 79 50 69 8 35 75 69 63 27 10 87 45 34 33 88 27 72 81 62 51 68 52 85 76 87 102 38 44 39 
22 40 60 91 20 68 3 34 92 21 69 14 73 14 52 85 17 53 66 50 45 32 73 26 51 21 28 91 58 36 31 65 57 26 67 27 5 56 76 67 34 40 52 35 46 31 37 43 37 47 51 13 86 30 77 67 55 65 35 52 11 18 58 64 46 18 7 69 38 25 15 70 10 55 63 47 42 63 43 68 58 69 85 33 26 41 
24 60 87 22 84 25 52 87 11 87 37 66 15 62 82 16 46 59 54 61 47 62 48 54 37 25 87 74 36 29 43 77 20 57 47 23 72 73 81 57 46 37 56 62 53 32 57 24 67 72 34 83 8 74 84 47 43 41 52 28 25 58 81 46 10 28 58 56 43 18 64 21 38 50 51 21 81 59 69 51 56 82 53 26 62 
42 65 47 82 41 74 64 18 88 52 42 39 56 61 40 24 36 41 61 70 37 59 39 60 17 65 74 24 20 39 81 15 33 67 43 70 51 76 69 38 12 65 63 70 17 56 5 73 78 48 62 20 53 84 24 32 36 36 49 29 41 82 31 35 47 34 60 50 26 42 33 15 26 39 34 81 59 52 29 31 61 60 21 73 
32 77 55 58 91 34 49 65 62 24 69 30 26 71 20 19 13 44 91 33 62 9 81 35 31 51 24 31 80 64 39 27 84 65 46 18 46 70 22 40 62 46 79 28 38 39 62 67 57 26 60 18 60 21 70 26 8 71 42 2 58 14 68 66 31 50 49 46 18 50 45 33 15 76 58 43 10 17 37 25 55 35 68 
107 79 90 124 4 77 90 95 24 99 58 6 101 41 28 45 74 123 34 94 42 113 64 2 77 55 61 96 92 68 34 116 97 73 15 69 102 54 57 94 76 111 56 69 63 92 96 90 8 85 14 84 41 84 59 40 103 73 34 84 46 97 98 36 81 81 76 23 81 61 44 47 99 84 74 27 36 42 7 86 66 100 
88 23 33 107 29 88 30 86 8 72 101 6 66 80 68 65 27 84 43 69 18 42 107 77 52 46 59 76 38 79 29 15 76 92 87 49 59 59 52 65 40 50 63 45 64 69 31 102 29 93 86 67 62 53 69 14 35 75 83 62 11 19 80 57 45 31 84 28 60 73 65 32 82 63 86 71 78 101 52 41 57 
65 81 83 75 11 58 79 82 27 73 86 71 75 46 23 85 89 48 49 80 65 77 10 59 62 121 19 70 82 75 72 12 70 10 47 45 87 40 22 62 66 27 77 28 28 56 71 89 69 5 73 115 46 54 75 59 54 7 55 86 69 86 30 43 66 73 63 93 87 46 106 8 25 54 71 91 72 37 62 40 
34 91 23 65 11 73 17 49 84 21 53 66 48 42 32 73 22 50 22 28 90 54 36 30 68 54 27 67 27 8 53 75 63 31 38 53 31 42 29 36 40 38 43 48 9 85 33 76 64 54 67 33 50 13 16 56 60 44 22 7 70 34 22 16 70 9 56 64 45 45 60 40 67 57 70 84 29 25 37 
125 55 77 29 108 37 75 118 38 87 100 80 62 7 108 34 82 15 63 123 72 70 65 92 64 61 102 7 31 73 109 84 34 70 86 41 62 19 71 64 71 53 55 34 118 60 110 78 89 95 65 84 25 51 89 75 78 43 27 104 53 45 50 104 44 89 98 77 65 74 61 99 92 104 117 45 60 42 
78 94 97 22 99 61 10 101 41 28 47 77 124 32 96 44 114 65 6 81 55 62 94 95 68 32 118 97 76 16 73 104 56 56 97 79 113 56 72 63 95 99 92 12 85 16 88 40 82 61 42 104 75 36 87 47 97 99 34 84 83 77 22 82 59 42 49 98 87 77 30 36 40 11 89 66 102 
79 34 57 21 52 72 23 36 50 43 52 51 54 43 43 41 14 77 65 25 18 48 69 9 49 48 24 62 63 71 53 35 31 50 53 52 21 48 16 60 65 30 73 14 64 76 37 45 31 41 30 16 47 73 35 19 28 51 48 36 10 55 15 33 43 40 30 72 50 59 41 49 72 46 15 57 
57 89 83 36 84 86 80 84 55 27 81 98 45 58 77 71 88 15 65 68 126 13 75 91 71 72 19 81 21 43 52 94 36 25 58 72 32 83 24 22 56 82 93 80 6 81 121 53 63 74 62 63 7 63 87 69 96 31 44 69 83 65 100 95 55 109 7 29 65 80 100 83 36 67 35 
80 27 47 89 30 60 73 51 37 29 82 12 53 22 37 94 48 42 38 80 45 37 75 21 16 48 80 59 20 41 63 21 37 18 44 36 48 34 38 5 89 44 81 56 62 79 36 55 17 24 60 53 49 32 11 78 28 17 26 76 19 67 73 48 56 52 35 70 64 79 88 21 33 26 
78 54 21 80 20 7 36 68 105 12 82 32 95 45 25 75 37 42 72 88 48 10 100 78 70 14 70 91 43 33 84 70 97 36 62 41 85 90 75 24 63 16 84 19 60 46 28 84 56 26 82 31 76 81 12 73 69 58 6 64 37 20 37 76 82 67 27 15 19 21 76 47 90 
65 93 3 58 72 60 59 31 76 39 61 22 34 98 72 44 38 56 71 30 71 32 11 70 84 81 47 51 52 49 60 40 42 57 38 61 65 27 94 23 85 81 59 58 46 61 13 28 67 78 54 6 16 72 52 39 23 76 21 53 65 57 30 77 57 78 63 71 93 47 33 54 
51 68 44 48 18 16 76 62 41 22 69 40 57 21 32 37 96 34 45 55 68 57 16 46 19 46 18 60 38 17 59 39 12 51 34 38 43 50 66 46 30 46 89 21 27 61 37 28 28 27 66 55 60 24 30 44 48 44 66 60 19 83 28 16 31 44 64 50 31 38 42 
95 37 25 38 67 117 33 88 35 107 59 5 71 49 55 93 85 63 31 110 91 66 9 63 95 48 54 87 69 105 50 62 59 86 90 84 2 81 8 78 36 82 53 33 97 67 28 77 39 91 92 34 75 75 71 19 75 58 41 41 95 77 67 20 31 40 1 80 60 93 
60 73 63 62 32 77 42 64 23 36 101 75 47 40 54 74 32 72 33 14 74 86 84 50 54 53 52 63 42 44 60 39 64 68 30 96 23 87 85 61 57 49 63 15 31 69 81 57 5 19 74 55 43 25 78 24 54 66 60 28 81 60 80 65 72 95 50 36 57 
13 25 55 85 21 64 22 75 24 42 64 18 22 60 75 27 14 80 58 60 27 63 73 28 19 67 57 78 16 49 22 71 76 55 38 43 29 74 2 50 30 17 64 36 20 72 16 55 60 18 58 51 37 18 43 25 15 25 58 72 53 29 5 21 36 60 27 74 
30 62 98 14 75 26 88 38 29 69 30 35 68 82 41 8 93 71 64 16 65 84 36 29 77 64 90 29 56 35 79 84 68 27 57 18 79 12 57 39 22 77 49 20 77 24 69 73 12 66 62 50 6 56 33 17 31 70 77 61 24 8 19 25 69 40 83 
32 79 43 49 4 70 29 44 40 18 25 81 52 34 36 72 55 35 31 37 57 10 43 49 34 66 24 26 37 49 54 46 38 55 31 49 27 72 15 8 61 32 10 47 10 60 55 41 37 36 37 30 40 48 41 3 72 47 31 19 25 45 37 42 28 55 
65 75 28 36 59 44 73 13 39 41 99 20 48 68 55 50 11 62 22 31 26 68 23 2 45 46 6 56 18 22 34 66 67 61 23 57 94 26 40 53 36 42 20 38 62 47 72 9 20 43 62 40 73 70 31 82 19 2 47 56 76 66 17 40 26 
105 37 82 10 60 122 75 68 63 86 68 58 99 10 27 75 108 86 38 69 82 45 64 23 69 65 68 57 59 34 117 55 109 82 87 89 64 83 21 49 89 79 77 37 24 101 55 46 47 102 41 84 95 76 59 78 63 99 90 101 116 48 58 46 
85 39 95 45 35 83 40 43 62 95 46 7 101 77 78 26 80 95 49 26 88 77 100 37 69 38 92 97 77 35 58 28 93 19 50 51 35 84 57 35 91 37 72 81 3 79 73 57 17 64 28 11 44 69 91 74 38 19 8 33 81 48 95 
52 32 43 93 38 45 43 90 33 44 78 27 28 38 80 49 10 39 70 9 27 17 49 29 55 21 26 13 87 55 80 45 65 88 35 55 29 30 59 42 50 44 23 82 18 13 33 77 27 74 77 46 68 41 26 68 67 84 87 11 39 15 
72 29 41 43 18 25 79 56 34 32 75 57 39 27 41 60 12 40 53 38 69 23 30 35 53 58 48 35 55 28 53 23 70 17 4 63 34 7 51 8 61 57 37 41 39 38 26 42 46 37 5 71 51 35 17 21 42 34 45 28 59 
50 113 70 58 53 77 65 48 89 11 17 70 98 81 35 60 72 41 59 23 58 58 57 53 56 25 107 45 99 77 76 80 55 73 10 39 79 74 67 28 15 91 50 39 37 92 31 74 84 67 50 73 57 89 80 90 106 43 48 44 
64 56 11 4 55 63 5 39 55 33 53 49 60 53 22 27 48 45 55 8 38 13 55 61 32 59 26 51 67 26 50 19 27 39 13 33 64 21 32 36 41 42 32 12 42 19 31 35 26 43 63 42 44 29 42 58 42 4 55 
76 54 61 97 90 68 35 115 96 71 14 67 101 53 58 93 74 110 56 67 64 91 95 89 6 86 13 82 41 85 58 39 102 73 33 82 45 97 98 37 80 80 76 23 81 62 45 46 100 82 72 25 36 43 6 85 65 98 
50 54 112 14 60 76 65 62 5 67 13 38 37 79 30 12 53 57 17 69 20 21 46 69 80 66 10 66 106 38 48 65 49 49 8 48 75 59 81 20 32 56 69 53 85 80 39 95 7 15 51 65 85 70 27 53 31 
7 63 59 16 33 62 42 46 40 52 54 14 29 49 41 60 7 33 19 53 59 37 49 37 41 61 20 56 13 16 48 19 22 58 10 43 43 36 40 33 21 34 26 34 33 15 53 58 37 33 22 39 48 42 11 56 
58 61 9 37 57 36 50 46 57 53 19 27 48 43 56 6 36 15 54 59 33 56 30 47 64 24 52 16 23 42 14 29 62 17 36 38 39 41 32 15 39 21 32 34 22 47 61 39 41 27 41 55 41 5 55 
117 51 62 88 65 108 85 115 100 77 40 98 101 95 56 94 44 108 113 77 95 35 87 123 59 12 75 75 69 64 80 120 71 50 71 60 97 84 58 74 63 35 52 79 27 119 97 89 64 54 93 94 59 105 
66 88 58 60 19 80 26 30 47 88 24 18 45 65 26 76 11 9 44 84 83 80 14 77 113 46 60 62 53 62 12 58 76 56 92 20 33 59 82 55 93 91 51 98 11 21 65 76 96 84 24 59 22 
41 54 31 57 53 64 54 27 26 50 49 55 12 43 11 58 63 33 64 21 55 71 29 46 24 32 37 14 38 68 26 28 34 43 46 35 11 46 18 30 36 31 38 67 46 49 32 42 62 44 7 57 
95 72 72 23 73 88 42 23 82 70 93 30 62 33 85 90 70 33 54 25 86 13 50 44 28 78 51 28 84 30 68 75 4 72 66 51 13 58 27 10 37 66 84 67 33 12 10 31 74 42 88 
24 66 101 77 28 62 80 35 55 13 64 56 64 47 49 26 110 55 102 72 82 90 57 76 19 43 82 69 70 38 20 97 46 38 43 96 36 82 91 69 61 68 54 91 84 97 109 38 53 36 
61 82 71 36 45 55 37 50 30 41 48 40 49 54 16 91 31 83 71 59 66 40 57 6 23 63 68 51 16 5 74 42 29 20 75 15 58 67 52 41 67 47 74 62 73 90 36 31 43 
62 11 40 32 75 31 11 54 53 14 65 23 25 45 65 77 61 14 62 102 34 43 64 46 44 12 43 73 58 76 20 31 53 64 51 80 75 35 93 12 13 46 60 80 65 27 49 34 
60 88 40 45 80 64 97 41 56 49 80 84 75 11 71 2 75 27 73 45 25 88 58 20 74 31 82 83 26 68 67 61 10 66 49 33 33 86 74 61 16 22 33 9 73 51 86 
51 38 80 43 22 65 59 23 71 33 34 56 61 85 59 15 65 108 40 45 75 55 44 15 47 83 69 78 31 42 62 64 60 85 78 38 101 16 24 44 62 83 62 38 57 44 
48 80 8 30 15 59 34 65 19 21 22 95 64 88 44 75 98 44 63 35 40 68 41 59 52 31 91 22 21 43 86 37 84 87 55 77 40 30 75 76 93 94 15 49 8 
42 41 28 57 21 20 33 43 48 36 48 49 40 47 30 70 5 15 51 23 20 45 12 52 46 46 30 26 29 37 31 48 44 7 66 44 25 29 30 49 47 33 20 47 
75 70 81 22 62 15 82 87 59 56 31 47 90 18 30 42 36 61 40 40 87 33 47 59 23 68 59 37 35 44 5 14 41 43 87 66 49 23 19 54 69 31 82 
21 22 54 26 61 12 16 21 87 63 80 37 69 96 37 56 38 36 60 34 52 53 33 85 13 16 41 79 35 80 82 47 77 33 22 67 70 88 86 7 44 7 
44 47 8 58 16 20 34 68 68 63 22 59 96 28 42 53 37 44 19 40 63 47 74 9 20 44 64 41 75 72 33 84 18 3 49 58 78 68 16 42 25 
63 47 66 34 36 23 104 61 97 59 80 96 52 71 26 42 77 56 66 46 24 96 35 30 44 93 37 85 91 64 70 55 43 85 82 97 104 28 52 23 
40 12 59 65 40 52 32 42 68 18 49 19 21 48 20 27 65 15 40 44 33 46 38 21 34 27 27 28 22 48 65 44 38 21 34 50 47 11 61 
51 23 28 33 61 62 56 28 50 89 20 34 52 32 36 25 32 59 46 66 12 19 38 56 37 68 64 25 78 25 5 42 50 70 61 19 35 31 
68 74 44 60 21 51 79 22 37 31 32 46 25 38 77 27 34 44 34 55 45 22 40 29 19 27 34 37 76 54 49 27 33 58 55 17 68 
5 33 85 74 80 25 73 105 41 57 50 44 60 22 55 65 45 89 13 23 50 80 45 86 86 48 88 21 18 65 73 92 85 14 51 11 
38 88 79 84 24 78 110 46 62 55 50 64 21 60 70 49 94 18 29 55 84 50 92 91 53 93 20 23 69 78 97 89 19 57 13 
84 42 76 55 57 76 31 50 19 19 55 51 44 31 13 73 25 14 22 71 15 63 68 43 55 50 32 65 59 74 83 20 29 28 
82 9 76 38 84 53 34 97 68 28 75 40 92 92 36 74 74 71 21 76 60 43 41 97 76 66 19 33 43 2 79 60 92 
73 90 44 35 45 53 36 30 59 87 47 17 36 54 62 50 24 62 28 32 46 52 16 86 64 70 49 51 80 59 28 70 
74 29 75 45 26 89 59 20 73 31 83 84 29 68 67 62 12 67 51 35 33 87 73 61 15 24 35 7 73 52 86 
76 117 48 57 73 59 58 3 58 85 68 90 29 42 66 77 63 95 90 49 106 4 25 59 74 95 77 35 63 36 
49 32 19 66 38 22 74 18 56 62 16 60 53 39 18 45 24 13 26 58 74 55 30 5 19 36 62 29 76 
68 66 71 60 70 114 62 52 71 48 92 81 55 63 61 25 40 71 32 114 92 79 53 42 82 91 54 103 
19 46 18 24 46 14 47 40 48 28 22 24 41 25 47 45 12 62 45 24 34 32 51 52 30 16 44 
63 34 6 56 6 60 58 32 44 42 38 22 42 42 33 9 69 55 39 17 17 37 33 48 27 62 
29 69 70 57 19 6 80 44 33 26 82 21 64 73 58 44 69 51 80 69 80 96 38 37 43 
40 56 28 29 24 54 32 21 6 53 8 44 48 29 46 56 34 50 41 55 67 30 9 43 
56 12 66 64 33 48 46 44 20 48 45 34 13 75 56 41 11 18 38 27 52 33 66 
56 82 64 89 26 38 63 76 60 93 88 47 103 1 22 58 73 93 76 32 60 33 
53 52 34 42 37 31 26 36 38 32 8 63 55 37 23 18 37 39 45 21 59 
21 69 56 43 23 74 22 48 61 57 24 81 60 77 61 67 91 51 32 59 
77 39 27 23 77 17 62 71 52 46 63 45 74 65 77 91 32 33 38 
76 70 54 17 60 25 8 41 66 88 71 37 16 6 34 78 44 92 
13 38 67 34 74 73 35 78 25 8 54 60 79 74 7 38 18 
26 64 21 64 66 33 65 38 18 55 54 72 74 9 28 23 
55 7 41 47 34 39 62 40 55 42 54 70 36 10 48 
60 39 23 31 76 76 61 21 13 23 19 71 44 85 
48 54 37 43 59 38 59 48 61 75 31 16 42 
17 47 41 92 72 54 28 21 58 73 35 87 
40 57 88 69 41 16 6 41 75 39 89 
69 47 30 22 25 45 40 39 25 53 
102 80 86 63 62 95 74 45 83 
21 58 72 93 76 31 60 32 
47 55 74 66 15 38 26 
25 43 19 59 44 72 
20 31 62 32 76 
41 81 45 95 
79 59 92 
38 14 
51 
