24 6
76 34 89 38 9 5 71 53 84 25 50 59 41 50 98 20 27 44 69 67 105 80 99 
48 27 65 71 74 70 63 48 56 62 69 35 30 39 55 76 31 33 57 52 6 67 
56 19 26 31 43 27 50 9 24 34 24 34 64 20 28 21 56 36 70 51 66 
66 82 87 58 58 27 66 59 63 54 53 12 70 81 48 60 47 25 21 43 
29 33 33 15 52 18 12 21 43 53 72 33 16 40 75 30 75 67 64 
4 62 44 76 17 41 50 38 48 91 17 19 39 68 58 97 75 90 
66 48 80 21 45 54 41 50 95 19 22 43 70 62 101 79 95 
18 33 49 21 13 65 73 58 63 47 59 92 12 54 69 35 
39 31 3 7 50 59 62 45 30 45 80 16 62 63 49 
59 41 41 60 63 25 69 68 54 78 24 23 44 19 
28 38 27 38 74 14 21 27 60 43 80 60 75 
10 48 57 63 42 28 43 78 18 64 63 51 
58 67 65 52 34 53 88 17 63 70 47 
10 65 21 49 6 32 54 75 40 79 
64 31 59 13 21 61 76 36 83 
80 87 59 72 48 14 33 36 
31 24 51 56 88 60 86 
48 81 46 91 79 79 
34 49 69 36 73 
80 85 39 97 
47 56 33 
47 25 
63 
