50 6
36 53 56 78 48 10 78 79 48 67 50 38 51 77 24 82 40 80 27 34 45 74 78 84 9 78 86 30 54 68 37 24 11 34 70 46 62 77 68 44 50 34 48 16 27 30 56 51 29 
21 68 90 16 25 91 88 49 50 79 10 24 87 16 79 19 96 11 4 48 71 94 93 36 85 101 44 18 58 10 15 33 3 72 54 85 74 60 74 45 60 12 29 9 29 62 69 37 
68 88 27 43 89 83 46 35 87 29 37 83 29 68 38 95 25 20 47 61 93 88 55 80 99 50 10 45 15 28 46 24 65 53 89 65 49 83 38 68 13 49 30 33 58 72 42 
22 84 58 23 23 22 49 34 78 93 20 53 35 85 27 58 64 21 30 25 28 66 22 32 26 76 39 60 54 47 69 21 15 25 31 35 36 31 28 75 70 67 39 12 10 32 
106 81 2 8 42 62 45 100 115 6 76 35 108 9 80 86 42 35 10 10 88 11 11 49 97 51 81 77 69 92 26 36 28 33 46 50 49 47 96 93 90 61 29 28 55 
38 107 104 65 62 94 10 10 102 32 93 13 112 27 20 64 85 110 108 45 101 117 60 19 71 25 31 47 15 87 70 101 89 74 89 60 75 14 36 21 45 77 85 53 
81 81 46 61 58 28 41 78 15 80 31 84 17 24 43 71 82 86 13 79 90 31 43 64 27 15 12 23 69 46 68 75 65 52 47 40 38 12 17 26 56 55 27 
10 43 64 44 101 116 8 77 37 108 7 81 87 43 37 8 12 88 13 9 49 98 53 82 77 69 92 28 37 27 35 48 49 50 46 97 93 91 62 30 27 55 
38 56 51 98 113 3 74 27 106 17 78 84 39 28 18 5 89 4 18 49 93 44 78 75 69 89 19 35 35 26 39 55 44 50 92 93 88 59 26 31 54 
29 49 59 74 37 36 34 68 48 40 45 3 26 47 43 57 36 53 19 55 24 39 37 37 51 24 8 46 29 22 48 9 34 54 58 50 21 12 28 19 
79 61 72 56 46 35 70 71 47 47 32 29 71 59 74 52 73 45 45 12 40 46 56 53 36 37 74 32 17 78 20 63 47 72 57 36 36 57 41 
85 99 48 62 70 89 42 67 75 46 65 39 55 58 52 48 37 93 72 74 63 47 78 56 41 18 66 69 6 58 19 89 67 73 54 46 24 45 
15 96 24 89 9 105 19 14 58 81 103 103 35 95 110 53 23 68 21 23 38 8 83 63 93 85 71 80 56 66 17 26 11 38 72 77 45 
111 39 103 11 120 35 29 73 95 118 118 47 110 125 68 29 81 35 38 52 23 97 78 108 99 84 94 70 81 24 37 26 53 86 92 61 
73 29 104 15 77 82 38 29 16 8 86 5 17 47 92 45 77 73 67 88 20 33 32 27 40 51 44 47 91 91 87 58 25 28 52 
69 31 81 5 13 35 61 79 79 28 72 86 28 31 51 13 1 17 16 60 39 69 64 52 58 35 43 27 25 14 15 48 53 21 
98 44 71 75 37 8 45 28 91 23 44 52 78 23 68 69 71 81 13 36 58 5 19 72 34 62 80 92 82 54 26 46 53 
112 27 23 66 90 110 111 36 103 118 59 31 78 30 31 42 17 91 71 99 94 80 84 64 72 25 26 17 46 80 84 53 
85 92 48 44 3 18 90 21 6 53 103 60 87 81 72 97 35 42 24 43 55 47 56 47 102 96 95 66 36 29 59 
8 39 63 83 83 30 76 90 33 27 52 9 4 22 11 64 43 74 67 54 63 37 48 22 25 10 19 52 58 26 
44 67 90 89 36 81 97 40 19 54 7 12 30 6 68 49 81 70 57 71 41 56 14 29 10 25 57 65 33 
29 47 44 54 37 53 15 55 27 39 35 34 50 26 6 44 32 25 45 12 31 54 56 49 20 13 26 16 
45 30 83 24 46 44 71 17 60 61 63 73 9 28 54 3 12 66 26 55 72 84 74 46 20 41 45 
20 87 22 9 50 102 60 85 80 70 95 35 41 21 43 55 44 55 44 101 93 93 65 35 27 57 
94 7 17 54 97 47 83 80 75 94 22 40 39 28 42 59 49 55 97 98 94 64 31 36 59 
87 96 40 55 76 40 29 20 34 80 56 72 86 77 52 59 43 49 10 26 38 66 61 38 
22 47 89 40 75 72 68 87 15 32 37 22 35 56 41 50 89 91 86 57 23 31 51 
58 108 62 92 87 78 102 37 47 30 44 57 53 60 53 107 102 100 72 40 35 65 
56 43 37 29 20 45 40 16 41 47 41 34 25 18 53 44 42 17 26 24 8 
55 19 30 49 21 75 61 97 74 59 89 48 74 6 47 28 39 67 79 48 
47 51 57 60 25 31 65 20 5 72 18 58 57 76 63 38 27 49 40 
12 31 13 62 44 78 64 50 70 35 55 15 34 17 21 52 61 29 
18 15 61 40 70 64 52 59 35 44 26 25 13 15 49 54 22 
32 60 36 56 66 57 41 39 29 44 23 26 20 46 43 18 
74 55 86 76 63 73 47 59 15 26 7 30 63 69 37 
24 45 9 20 58 27 48 75 82 74 45 14 32 42 
38 31 28 41 17 27 59 59 53 24 10 20 19 
54 61 23 55 28 94 79 82 57 38 18 49 
15 67 29 57 76 87 78 49 22 42 48 
69 18 56 61 77 65 39 23 45 40 
57 15 85 61 68 50 46 25 41 
42 48 59 48 21 19 37 22 
70 51 55 35 35 19 26 
41 22 36 66 77 45 
19 38 69 66 40 
29 63 66 35 
33 40 9 
22 29 
32 
