100 6
54 45 77 68 95 46 74 68 108 115 20 66 90 62 86 115 82 43 99 52 34 61 85 85 97 121 53 82 106 92 60 87 112 64 92 102 118 77 99 73 95 14 72 31 77 80 14 71 84 32 101 79 57 85 56 62 31 35 74 73 60 54 75 97 95 51 88 73 61 62 111 102 78 121 116 70 49 87 29 111 32 114 102 68 82 10 89 106 53 96 98 76 66 125 43 41 27 24 62 
61 24 28 61 61 24 39 64 69 46 24 43 67 32 81 27 11 49 60 22 70 41 43 52 82 37 28 81 79 16 38 74 65 37 64 72 53 53 20 52 46 31 24 50 46 42 28 67 47 71 40 59 37 51 15 37 38 23 82 54 31 37 45 46 38 39 42 14 18 66 54 46 76 82 28 61 33 53 77 24 70 76 48 35 59 79 68 5 59 62 69 53 81 12 29 36 43 15 
84 54 66 1 85 44 84 93 26 55 73 18 90 82 82 52 84 9 43 16 67 64 77 92 31 87 69 51 75 99 82 21 91 74 96 46 80 80 74 32 57 43 47 55 50 58 46 16 68 59 15 71 21 75 25 22 84 28 22 36 56 86 80 28 100 49 57 55 88 85 52 97 83 56 4 91 16 78 54 90 65 37 69 36 46 78 56 68 70 34 31 100 52 31 29 25 75 
38 66 84 9 52 62 64 70 34 42 87 8 84 11 35 42 81 46 91 43 46 50 81 56 4 88 93 20 18 75 84 19 66 66 65 50 4 51 70 39 48 62 54 64 36 80 70 77 46 79 36 70 17 61 62 7 102 74 50 45 36 41 58 18 53 27 31 62 47 55 70 84 37 84 9 77 81 46 66 84 63 35 83 94 69 27 63 66 86 70 76 36 52 60 67 17 
33 54 44 14 40 47 52 4 21 52 41 54 32 31 31 49 36 57 17 17 29 56 23 39 53 54 43 56 47 48 38 37 50 27 31 35 27 55 4 38 24 18 60 4 41 46 43 13 45 17 35 40 40 37 42 66 38 18 9 32 27 26 57 15 14 10 43 34 18 53 54 2 52 41 53 50 46 46 48 25 15 68 55 41 24 32 35 48 33 58 31 28 42 48 40 
65 74 27 21 30 76 37 26 54 66 20 56 64 33 57 67 60 23 19 22 27 41 65 22 35 76 83 17 49 57 8 32 20 24 64 19 80 30 68 19 16 90 33 26 66 10 21 51 30 44 73 64 60 72 64 43 41 24 39 31 44 84 21 47 43 25 31 17 32 21 33 62 65 73 16 78 26 18 28 30 92 39 12 57 4 4 41 34 34 64 54 68 72 73 
86 44 84 93 27 55 73 17 90 81 82 53 84 8 44 15 67 64 77 92 31 87 68 50 76 100 82 21 91 73 95 45 80 80 74 33 57 43 46 54 50 58 45 17 67 59 14 71 21 76 26 23 85 27 21 36 56 86 80 28 101 49 57 55 88 85 51 97 83 56 3 91 17 78 55 90 65 37 69 37 46 77 57 68 69 33 30 100 52 32 30 26 76 
58 71 73 69 40 51 90 16 93 20 33 51 84 44 94 51 54 59 90 60 13 96 99 14 14 84 88 28 75 75 72 59 10 60 67 46 46 69 61 60 43 86 71 85 54 82 45 74 12 61 63 2 106 77 54 52 45 50 61 15 59 32 36 71 57 62 79 93 43 85 17 76 89 42 75 91 69 44 80 100 78 28 71 74 91 75 85 34 53 60 67 12 
41 50 49 17 29 39 55 47 46 39 40 38 40 44 23 20 33 53 15 53 43 41 55 70 44 35 51 33 52 14 36 49 30 53 14 41 12 12 62 17 28 40 34 15 33 27 24 53 37 33 56 53 25 13 12 42 36 18 71 5 26 22 45 41 10 54 48 15 42 55 47 43 52 48 38 11 25 65 41 38 34 28 30 34 19 58 39 27 41 45 53 
9 90 43 21 74 59 26 51 71 20 76 76 80 23 23 12 19 56 60 38 56 76 77 15 69 47 13 11 39 12 61 13 94 36 78 38 29 100 38 47 82 27 28 71 27 63 73 78 74 69 85 63 54 32 27 21 60 77 36 51 48 4 15 32 13 25 39 81 58 89 24 86 6 36 47 29 107 60 12 62 17 17 62 54 17 71 67 81 86 73 
98 49 26 83 60 31 52 77 21 85 83 89 30 30 18 20 65 61 46 64 80 78 20 78 48 22 2 48 16 64 20 102 43 85 47 38 107 44 56 90 35 36 80 32 72 76 86 83 71 94 72 62 40 28 23 68 78 44 57 54 5 16 41 6 30 45 90 59 97 30 92 5 44 56 34 115 69 19 68 26 26 71 63 12 77 75 89 94 76 
51 74 43 78 95 72 35 84 33 24 42 68 67 80 103 34 74 86 72 56 83 93 45 82 83 101 58 83 66 78 6 56 22 57 61 23 55 64 12 81 62 37 69 36 57 12 16 68 55 39 36 58 83 80 31 84 55 48 48 94 87 59 103 96 54 30 79 11 91 30 97 81 48 67 16 69 87 43 77 79 56 46 108 34 23 10 4 57 
23 54 38 57 28 28 32 50 33 59 19 20 31 59 24 36 57 58 39 52 50 51 36 40 52 31 33 31 30 54 7 36 28 22 57 5 45 46 47 16 47 18 38 36 39 37 38 69 40 19 13 32 28 27 53 19 10 6 45 36 22 55 58 4 54 38 53 53 43 49 52 29 16 67 59 44 20 35 38 51 36 60 28 28 41 47 36 
67 40 42 31 50 11 67 57 73 6 9 8 39 42 40 48 59 55 58 33 62 31 24 29 34 10 41 9 77 17 59 31 21 81 18 47 67 36 14 62 6 53 52 62 59 49 80 54 38 17 14 7 46 58 25 30 28 22 13 24 32 42 20 71 40 74 39 66 26 44 38 8 90 62 27 41 22 25 58 46 38 51 50 64 70 52 
92 67 83 60 78 10 54 6 61 58 70 79 30 89 53 33 82 104 70 5 90 62 86 35 73 83 67 49 53 54 37 47 65 55 31 31 54 53 7 66 16 82 37 33 89 15 13 36 51 81 74 29 105 42 59 56 78 79 44 86 69 53 13 92 33 64 66 80 50 29 65 54 29 66 62 58 58 16 21 89 60 38 42 40 82 
83 10 43 39 87 54 97 42 46 47 78 61 4 89 95 29 18 73 89 12 65 62 68 47 12 49 78 41 56 65 56 73 38 82 77 77 47 85 35 75 25 69 69 14 107 78 55 47 32 38 63 18 55 33 35 59 44 57 66 82 40 90 1 84 79 54 63 84 67 35 91 97 67 35 62 65 89 74 72 44 59 68 75 25 
74 85 46 73 87 73 42 39 35 15 61 83 17 39 96 101 11 62 73 18 32 37 36 83 33 100 50 89 38 37 110 53 36 85 14 41 66 48 61 93 84 79 91 73 59 61 44 53 45 63 101 42 67 63 29 42 38 30 2 53 78 82 91 4 99 26 17 46 49 111 44 15 78 22 19 51 50 28 85 74 88 91 93 
38 31 78 48 88 33 37 39 70 52 9 79 85 29 27 64 79 10 56 55 58 39 11 40 72 31 50 55 46 69 29 72 70 67 37 76 26 66 26 62 61 18 98 69 47 37 25 30 55 27 46 24 26 51 36 47 59 73 30 81 9 77 70 51 55 74 57 26 85 87 58 29 53 56 80 65 65 39 51 62 69 26 
58 53 11 63 47 48 58 87 32 39 82 77 22 48 78 59 48 68 79 53 60 31 57 35 35 13 51 48 32 33 65 37 73 44 53 44 45 22 28 30 33 76 49 28 40 55 54 33 49 43 19 22 73 62 47 83 85 32 53 44 43 81 15 77 77 46 42 48 76 72 9 63 66 65 50 88 1 22 26 33 22 
78 65 84 17 20 11 39 53 40 55 68 59 57 35 73 27 29 24 44 9 42 14 86 28 68 42 31 89 28 56 78 43 25 73 14 64 55 72 69 50 91 65 49 28 7 4 56 57 36 38 36 20 5 34 27 45 30 82 38 85 42 73 24 51 49 16 100 71 30 48 29 31 69 57 33 58 60 74 80 55 
45 10 61 58 70 84 26 84 60 42 75 98 74 13 86 65 88 37 73 78 67 39 51 45 38 47 55 52 37 21 59 53 6 65 14 75 28 24 83 23 13 31 50 80 74 23 99 42 54 52 80 79 44 89 74 50 5 88 23 69 57 82 56 29 63 44 38 69 55 60 61 25 22 92 52 31 32 30 75 
56 53 53 65 92 30 50 82 75 32 58 82 53 59 72 86 52 67 42 63 24 40 2 51 50 24 38 64 27 74 48 46 51 40 33 18 21 44 69 44 27 44 63 62 29 59 45 27 29 79 69 49 89 88 37 45 55 32 83 13 82 77 45 49 37 73 76 19 67 69 61 47 94 10 16 15 22 33 
67 64 76 85 35 94 58 38 86 108 76 11 95 68 92 41 79 87 73 48 59 56 43 53 65 61 37 31 60 59 12 72 21 85 38 34 93 13 19 41 56 87 80 33 109 48 64 61 84 85 50 92 75 59 12 97 32 70 68 86 56 35 70 52 33 72 65 64 64 22 27 95 63 41 43 40 85 
4 12 41 37 42 46 54 54 60 33 57 34 24 33 29 14 41 10 72 12 55 26 15 77 14 42 62 34 8 56 7 47 51 56 53 49 74 48 33 11 20 13 40 60 19 27 24 26 18 18 36 42 15 65 42 69 38 62 30 41 32 7 85 57 27 38 20 23 53 40 41 47 45 59 64 51 
13 39 35 46 42 50 57 64 31 53 39 21 33 25 15 44 10 71 13 55 22 11 77 15 38 60 30 5 53 11 44 54 55 52 52 71 45 31 9 24 16 38 64 16 29 26 26 21 14 36 39 16 62 46 67 35 63 29 37 29 11 84 53 24 40 17 20 49 37 41 48 44 58 63 54 
31 48 48 44 57 64 65 25 65 37 18 21 35 3 49 3 84 24 67 33 23 89 26 46 73 31 18 65 14 56 60 68 65 57 81 57 44 22 18 9 51 66 28 39 36 14 9 26 24 35 27 74 47 80 32 74 18 40 41 16 97 60 19 50 17 19 59 49 29 59 57 71 76 60 
68 79 32 54 95 96 10 74 66 19 19 46 31 80 30 107 52 94 46 41 115 54 49 93 25 43 77 45 71 91 91 86 88 87 70 67 47 46 40 71 96 48 68 65 19 34 43 16 13 55 89 77 100 16 102 15 32 55 47 119 59 15 79 25 23 64 61 13 88 80 94 98 91 
58 53 45 53 73 58 28 60 48 68 24 50 52 45 39 26 31 23 27 49 27 34 25 47 29 23 40 14 52 22 18 58 46 17 5 25 55 49 3 74 20 28 25 60 55 24 69 62 25 29 62 32 57 43 63 49 15 38 50 44 53 32 43 45 32 17 74 32 14 26 30 52 
88 93 25 18 73 86 15 65 63 66 48 8 49 74 40 52 63 54 68 37 80 74 76 46 82 35 72 21 65 65 11 104 76 53 45 33 39 60 18 54 30 33 60 45 56 67 83 38 86 5 80 79 50 64 83 65 35 87 95 67 31 62 65 87 72 73 40 55 64 71 21 
22 96 106 25 48 80 26 47 29 46 86 41 91 50 84 31 35 103 53 22 74 12 42 53 53 50 94 75 70 94 57 47 55 44 62 53 55 106 39 67 63 42 52 35 45 19 53 65 88 80 16 95 41 5 38 53 101 28 26 77 26 24 36 39 44 82 68 80 82 94 
96 111 46 29 89 42 66 27 59 90 54 78 53 76 30 39 92 56 13 60 29 48 36 61 36 94 63 58 97 34 32 49 48 73 65 46 111 39 67 63 60 66 37 65 41 55 46 95 64 38 88 60 22 31 60 86 5 44 74 40 39 17 28 66 77 59 68 68 94 
27 87 81 39 78 83 69 64 18 64 54 46 34 67 61 46 43 83 60 86 55 75 49 67 3 50 52 14 98 71 48 52 53 56 54 28 58 29 33 77 64 61 86 96 43 76 30 65 92 28 81 91 65 47 66 96 81 21 74 77 85 70 92 23 44 48 55 3 
91 101 30 83 80 83 65 21 67 81 57 60 80 72 73 54 98 85 94 64 96 53 87 25 76 77 15 119 91 68 63 50 56 75 1 71 45 48 77 62 73 84 101 55 100 19 91 97 55 81 101 81 53 93 112 85 43 80 83 104 88 90 49 68 74 81 25 
64 62 10 21 36 25 74 24 97 43 84 36 32 106 46 39 83 17 34 67 39 61 84 81 77 82 78 60 57 38 42 34 61 91 38 60 56 17 30 34 19 10 46 79 72 90 9 93 15 24 45 40 109 51 6 71 15 13 55 51 20 79 71 85 89 84 
86 57 80 30 68 80 62 51 49 54 32 42 67 51 26 33 48 49 8 62 14 80 38 33 87 18 10 33 46 77 70 27 102 37 56 53 73 74 39 81 64 50 17 89 36 59 66 75 45 24 60 57 25 61 60 52 53 12 16 83 59 38 43 42 80 
55 50 62 36 21 39 83 37 61 59 49 80 34 76 80 68 41 83 27 74 36 72 71 26 105 76 55 41 20 27 63 30 50 34 35 47 32 51 54 72 36 89 11 87 69 62 51 76 63 28 96 91 57 39 53 56 85 71 60 49 61 72 79 36 
24 28 20 65 16 87 33 74 27 22 95 36 34 74 14 24 59 30 52 75 71 67 73 72 52 47 28 36 28 51 83 28 50 46 17 26 24 24 18 36 70 64 80 14 83 18 23 36 31 99 47 4 61 5 4 49 43 26 69 61 75 79 75 
50 19 66 22 105 46 88 49 41 110 47 58 93 37 38 82 35 74 79 89 85 73 96 74 65 43 30 26 71 80 47 60 57 7 18 44 4 30 48 93 61 100 30 95 6 45 58 37 117 70 21 71 28 28 73 65 10 80 78 92 97 79 
38 62 32 62 26 54 2 13 74 29 14 47 23 21 31 35 24 67 46 41 70 46 23 25 21 49 41 26 84 12 40 36 43 44 10 51 38 28 42 68 53 33 65 45 25 9 34 73 29 32 48 23 24 24 14 54 53 38 51 53 67 
49 6 86 27 69 36 26 91 28 49 76 33 21 68 16 59 61 71 67 57 84 60 47 25 16 9 54 65 31 40 38 13 6 29 22 36 29 77 46 83 33 76 17 42 44 18 99 63 21 51 20 21 62 52 28 61 59 73 79 61 
50 66 36 44 60 52 60 33 77 66 75 44 76 35 67 14 57 58 8 99 70 47 42 36 40 54 21 50 24 27 61 47 53 70 83 34 80 13 73 79 42 66 81 60 34 79 91 68 23 61 64 82 67 76 32 48 56 63 14 
82 23 65 30 20 87 25 43 71 29 16 62 15 53 61 66 63 58 78 54 42 20 20 12 48 67 25 38 35 15 12 23 25 33 26 72 48 78 30 73 19 37 38 16 95 57 18 49 14 17 56 46 30 58 55 69 74 61 
59 22 62 65 17 58 70 18 86 66 43 72 42 56 16 21 67 61 45 40 62 85 82 36 82 59 50 50 97 90 63 107 101 56 36 79 16 96 27 100 87 53 70 13 75 91 43 82 84 61 52 112 34 27 12 9 56 
42 23 15 64 3 40 50 40 9 47 14 37 43 44 41 44 68 39 21 6 29 24 29 57 14 17 13 38 30 16 48 50 3 55 41 57 46 50 42 45 26 12 72 55 37 27 28 31 48 34 53 35 32 46 52 43 
52 52 21 41 65 26 76 50 46 54 41 34 17 21 45 68 45 28 46 65 64 30 61 47 30 31 81 71 51 91 90 39 45 57 31 85 12 85 79 46 51 35 74 78 21 68 71 61 48 96 12 17 14 21 34 
10 73 26 17 47 24 18 32 32 25 64 46 41 67 48 25 24 18 46 38 25 81 9 37 33 41 42 8 50 39 25 43 65 53 34 63 43 26 9 31 73 31 31 46 21 23 26 16 53 51 37 50 53 64 
74 18 26 52 25 8 42 22 33 58 49 45 59 59 34 25 9 35 28 30 72 6 32 28 33 32 3 42 37 18 52 55 59 32 62 36 30 18 21 77 41 26 42 16 18 37 26 46 48 39 53 57 58 
62 83 34 97 72 59 75 56 48 29 34 60 78 60 49 68 87 85 48 74 68 51 53 103 93 72 113 111 61 53 74 34 106 18 106 99 65 73 23 90 100 41 90 92 77 65 118 31 35 24 25 48 
43 50 43 12 49 13 39 40 44 41 41 70 41 22 9 28 24 30 54 17 14 10 40 31 19 50 53 2 56 38 57 49 48 44 49 28 11 72 58 39 25 31 34 51 36 55 33 32 46 52 40 
52 23 35 31 49 28 81 54 49 84 38 25 37 35 61 53 35 98 26 54 50 51 55 24 58 38 42 42 82 57 33 77 52 19 19 48 79 15 37 62 30 30 15 18 59 65 48 59 60 81 
70 55 25 64 24 60 9 9 70 44 27 28 51 78 74 22 86 46 46 45 85 80 50 95 86 48 19 78 7 81 37 88 70 38 61 26 57 78 43 68 70 43 34 99 36 19 12 9 60 
31 52 41 47 83 70 65 83 61 45 47 34 49 41 49 94 29 57 53 31 40 25 36 15 43 64 76 77 10 87 31 8 32 41 97 34 15 67 14 12 38 36 37 73 61 74 77 83 
48 13 39 52 50 47 52 66 40 26 4 28 21 32 64 11 26 22 31 26 10 41 41 12 57 47 62 37 59 34 37 24 12 79 50 28 37 19 22 45 32 45 44 39 53 58 52 
60 9 74 30 25 81 23 8 29 45 75 69 21 97 37 52 49 74 74 39 83 68 47 11 85 28 63 58 76 50 24 58 49 32 63 54 54 55 19 16 86 52 31 35 34 74 
51 45 57 55 43 80 52 35 15 15 10 43 53 24 24 22 29 17 24 38 48 15 69 35 71 44 60 33 48 37 2 85 64 33 35 27 30 59 46 44 45 46 59 65 45 
66 27 22 72 32 4 20 36 66 60 12 88 28 43 39 67 65 30 75 63 37 18 76 30 58 53 69 46 16 49 51 34 56 46 47 48 21 10 79 45 24 32 32 66 
51 52 12 97 69 46 49 50 53 53 26 55 26 31 74 60 59 83 93 40 76 27 65 89 30 78 89 63 44 68 94 78 20 71 74 84 68 89 23 44 48 55 
5 61 51 31 24 46 71 68 20 77 43 38 37 81 75 47 91 85 42 27 69 15 80 29 85 71 37 55 28 61 75 33 65 67 48 36 96 27 11 5 8 51 
62 47 26 20 42 69 65 15 78 39 37 36 78 72 43 87 80 39 24 69 16 75 33 81 66 32 53 32 56 71 34 61 63 43 31 92 29 10 10 12 52 
104 76 53 50 43 48 60 16 58 30 34 69 55 60 77 91 42 84 16 76 87 42 73 89 67 42 80 98 76 27 69 72 89 73 83 34 52 59 66 12 
28 52 64 94 87 44 120 55 75 71 89 91 56 96 75 68 25 107 44 71 80 90 55 42 78 64 29 75 77 68 68 23 34 97 75 54 56 53 97 
23 37 67 61 16 92 29 46 43 66 66 31 75 61 39 18 79 32 56 57 68 43 16 51 54 30 55 49 46 47 17 8 78 49 28 36 36 69 
22 50 45 8 68 19 23 20 57 51 23 67 62 20 34 56 36 57 40 60 50 18 33 52 48 51 26 41 44 37 21 71 28 13 27 32 46 
30 24 29 63 9 23 19 35 29 10 45 45 9 54 46 58 40 55 38 39 22 13 74 50 32 33 23 25 44 30 50 40 35 49 54 49 
8 58 50 39 35 34 27 12 38 34 52 30 84 31 85 50 70 31 58 52 17 99 76 37 45 35 37 73 60 40 55 60 73 79 50 
52 56 32 34 32 21 7 31 30 44 26 78 37 81 42 70 25 49 45 12 96 68 29 45 27 29 65 53 36 55 56 70 76 53 
76 23 30 28 63 58 27 73 65 28 26 64 29 60 42 66 51 17 41 48 44 55 33 46 48 32 18 77 32 13 24 27 53 
72 45 49 77 62 74 84 101 56 101 19 92 97 56 81 102 82 53 94 113 85 43 80 83 104 89 90 49 68 75 82 26 
28 24 39 37 4 49 43 16 46 55 53 38 57 42 34 13 23 71 41 32 38 22 25 34 21 53 43 32 46 50 55 
4 53 42 32 63 68 14 57 33 53 63 35 57 62 36 22 63 68 54 11 45 48 59 43 68 20 27 38 45 26 
50 40 28 60 64 10 54 36 52 59 38 54 58 33 20 64 64 50 14 41 44 55 39 66 23 26 38 45 31 
15 36 9 27 41 85 58 93 26 88 4 39 50 30 110 64 15 64 21 21 66 58 15 73 70 84 89 74 
35 22 41 33 83 43 87 39 77 19 48 50 20 103 70 26 53 26 28 68 58 28 62 63 77 83 60 
45 38 18 49 57 57 34 61 38 30 15 23 75 39 28 42 18 20 34 23 49 47 37 51 55 59 
28 51 94 65 102 29 98 6 44 59 40 120 70 21 74 28 28 73 66 6 83 80 94 99 83 
54 79 82 92 5 100 25 19 48 49 112 46 15 78 22 19 53 52 26 86 75 89 92 93 
54 40 55 49 47 45 48 27 13 70 57 40 24 31 34 49 34 56 32 30 44 50 40 
90 20 74 56 87 61 34 67 40 42 74 57 65 66 29 27 97 53 32 31 28 76 
85 79 55 62 84 67 35 92 97 66 36 62 65 90 74 71 45 59 69 76 27 
87 41 95 76 44 69 21 61 85 49 75 77 47 40 106 42 26 17 10 65 
95 25 16 43 45 107 43 12 74 18 15 49 47 28 81 70 84 87 89 
92 90 58 58 38 86 87 24 78 81 74 60 104 15 29 25 30 30 
39 53 34 113 64 15 68 22 22 67 60 11 77 73 88 93 78 
33 48 97 27 24 72 22 20 34 35 44 77 63 75 77 89 
36 64 31 40 43 31 32 22 8 63 46 29 42 44 63 
83 63 34 33 27 30 58 44 46 43 44 57 63 44 
82 104 56 94 96 69 61 124 47 39 25 20 68 
49 74 44 43 13 26 71 76 57 66 65 94 
65 9 8 52 47 22 73 65 79 83 78 
56 59 64 48 79 10 25 33 40 20 
3 45 37 31 63 55 69 73 71 
45 39 30 66 57 71 75 74 
15 74 65 45 53 52 84 
69 50 31 41 42 68 
89 85 99 104 89 
21 25 32 23 
14 19 44 
7 48 
55 
