70 4
41 18 17 32 29 28 22 9 34 12 73 22 65 35 45 70 26 72 30 12 17 27 57 48 60 17 61 40 38 13 41 7 19 36 33 31 20 41 36 26 60 16 57 54 72 37 69 19 34 56 69 36 67 18 73 17 20 63 58 65 29 56 51 49 39 32 52 46 30 
59 58 74 16 67 63 39 7 36 85 62 99 31 3 111 60 97 49 44 52 52 73 72 77 59 101 67 69 38 70 43 23 70 69 31 23 53 7 25 73 27 88 93 84 74 99 60 59 97 88 49 109 51 109 27 39 78 98 106 58 70 88 79 78 68 83 86 72 
5 18 45 21 10 19 52 24 82 4 60 53 62 58 28 73 30 17 23 37 66 52 68 5 49 45 26 22 45 15 38 22 17 49 36 54 54 44 69 31 55 45 80 31 67 1 42 38 75 48 51 26 65 35 35 72 47 51 35 66 33 49 32 16 39 34 14 
16 45 17 6 20 51 25 77 8 56 50 61 55 23 68 34 19 19 33 61 47 63 1 46 40 31 24 40 16 36 26 22 46 36 49 53 41 64 31 50 41 75 27 62 5 37 39 70 44 50 22 61 33 32 67 44 49 30 61 36 44 28 20 44 31 13 
61 12 10 37 67 41 77 18 44 61 77 39 25 62 48 35 27 39 62 46 63 15 30 40 38 40 38 32 51 32 27 57 52 55 68 55 66 48 42 28 75 19 54 17 40 28 67 51 35 30 48 48 42 67 28 33 33 63 33 39 17 25 47 16 6 
57 50 25 11 21 87 47 92 34 18 100 52 94 33 29 43 47 73 69 76 45 90 62 53 23 64 29 17 54 54 32 9 53 15 24 73 13 82 83 85 65 93 46 55 82 87 48 96 43 101 20 35 78 87 94 51 70 72 73 68 53 67 75 58 
11 35 60 39 64 23 39 51 71 43 13 52 51 35 17 27 50 34 51 16 33 27 46 39 26 31 44 41 36 47 48 43 61 46 53 44 33 26 63 10 45 20 27 40 55 39 43 19 45 41 32 55 30 39 21 50 45 28 11 34 57 19 17 
26 56 31 74 12 50 52 67 49 20 63 40 25 19 32 59 44 61 5 40 37 34 30 36 22 41 30 24 48 41 49 57 45 62 37 45 35 73 21 57 9 35 36 66 44 45 22 55 38 34 64 38 43 28 59 36 40 22 23 46 25 10 
33 4 82 22 73 41 42 76 35 81 20 5 26 37 67 57 70 21 67 50 32 4 51 4 22 32 30 37 16 50 35 30 69 12 66 61 81 44 78 21 44 57 78 44 71 28 80 20 29 73 64 70 38 65 48 58 47 29 47 52 33 
29 80 55 92 26 10 104 53 91 44 38 45 45 68 66 72 52 94 60 64 32 63 36 16 64 63 26 17 48 3 19 68 21 82 86 79 67 92 53 53 90 83 44 102 44 102 20 33 73 91 99 51 65 82 72 71 62 78 79 65 
83 26 76 39 39 80 38 83 20 8 29 38 68 59 71 25 71 52 35 3 53 8 19 35 33 36 12 50 32 28 70 8 69 65 82 48 81 25 46 61 80 45 75 30 84 19 29 74 68 74 40 66 52 61 50 32 49 56 38 
85 53 54 88 83 53 30 103 86 58 45 15 30 13 76 76 37 108 86 38 80 70 104 99 54 82 33 78 62 13 81 43 66 1 59 41 82 39 102 14 39 95 56 65 68 54 9 73 88 46 17 110 39 63 97 121 73 82 
61 57 65 57 31 76 29 19 27 41 70 56 72 9 48 48 23 24 48 18 41 18 13 53 38 58 57 48 73 34 57 46 84 33 69 3 46 34 78 52 49 30 66 39 40 75 47 50 39 69 29 52 33 12 35 34 13 
73 102 30 39 25 90 74 49 47 45 31 43 55 26 33 83 77 30 69 76 77 72 71 83 54 92 74 49 80 12 19 52 29 13 59 41 60 39 54 46 49 13 73 59 47 25 38 41 48 74 21 28 70 91 31 51 
34 91 39 68 59 46 34 27 42 44 46 50 82 40 73 42 43 41 20 72 69 4 32 22 24 11 42 34 62 72 53 54 71 54 32 88 57 20 94 31 85 20 18 47 79 90 34 39 86 52 59 67 88 69 62 
114 64 100 51 47 55 55 76 76 80 62 104 70 71 41 73 46 27 73 72 34 26 56 10 28 76 30 92 96 87 78 102 63 62 100 91 52 112 54 113 30 43 81 101 110 61 73 91 82 82 71 85 90 75 
52 55 87 75 59 65 73 57 72 55 9 55 73 80 52 72 87 67 62 88 90 77 104 88 77 86 40 19 82 37 43 56 61 39 69 75 18 61 21 84 74 76 12 10 57 75 57 45 32 61 77 24 44 
46 54 36 9 14 38 24 40 22 42 17 54 39 17 31 37 50 45 36 43 30 53 36 41 40 31 33 52 15 43 28 15 53 46 26 55 9 49 33 22 44 39 50 8 38 57 23 19 43 67 30 29 
100 83 54 47 29 25 25 67 51 32 98 85 30 77 77 93 88 66 87 45 90 72 31 85 19 42 30 43 12 72 39 83 16 48 71 53 36 74 59 27 49 62 43 32 94 23 45 86 109 52 68 
17 46 57 87 77 90 35 78 70 22 17 70 23 39 25 27 56 28 71 47 48 90 25 84 75 102 61 96 31 64 58 99 65 77 48 95 39 49 93 76 79 58 86 44 77 62 27 34 64 42 
28 40 70 60 73 20 65 52 27 5 53 5 27 27 25 42 20 54 40 35 73 16 67 61 84 45 79 18 47 53 81 48 68 30 80 25 33 76 63 68 41 69 44 60 46 24 42 51 31 
13 43 31 45 18 49 23 49 30 24 23 28 45 41 30 34 30 45 29 45 31 40 41 57 22 52 24 19 55 53 25 60 3 58 25 15 48 46 56 12 42 55 32 26 39 63 36 29 
30 22 33 32 55 15 63 40 18 34 30 59 55 24 40 16 44 26 32 38 36 45 44 28 47 38 8 67 42 12 69 10 58 27 12 36 52 64 7 29 69 27 33 53 76 43 41 
17 4 60 66 22 92 70 24 64 56 88 83 42 67 20 66 49 4 67 33 55 14 45 36 66 24 89 15 24 84 40 58 53 39 5 63 77 31 3 95 28 49 82 105 60 67 
17 47 49 7 79 61 7 54 52 74 69 42 62 23 65 47 21 60 19 38 29 28 26 52 14 72 22 24 67 29 44 49 34 21 46 60 18 19 79 11 32 67 91 42 51 
62 65 23 94 73 25 67 60 90 85 46 71 24 70 53 6 70 32 54 12 45 34 68 26 89 11 28 83 43 56 57 43 4 62 76 33 7 96 27 49 84 107 60 68 
45 39 32 25 39 17 37 27 22 46 36 49 53 41 64 32 49 41 75 26 61 5 37 39 69 44 50 21 60 34 32 66 43 49 29 60 37 43 27 21 44 30 13 
47 66 70 43 62 77 60 55 78 81 68 94 78 70 77 33 11 75 27 39 47 52 35 63 65 19 51 21 74 64 69 3 11 48 68 52 38 22 54 71 14 35 
71 53 3 46 45 67 62 37 55 21 59 41 26 53 22 36 35 23 31 45 7 67 29 20 64 21 46 42 27 27 44 57 11 23 73 12 28 60 84 39 44 
32 71 31 54 6 11 69 47 79 67 63 95 43 80 65 106 55 91 26 68 39 101 73 60 52 85 53 59 98 65 63 61 92 22 75 55 12 14 53 32 
55 8 23 32 31 39 15 53 35 31 72 11 70 65 84 48 82 24 48 59 82 47 74 32 84 22 32 76 68 73 42 69 49 62 50 30 46 55 36 
47 48 66 61 41 57 25 62 44 28 55 18 32 37 20 29 45 10 64 29 24 61 23 42 44 30 29 40 54 13 25 71 9 25 60 83 36 43 
24 30 28 37 20 48 38 31 67 15 62 57 79 40 74 17 41 53 76 43 67 25 76 22 27 70 60 66 35 63 46 54 42 27 46 47 29 
54 52 17 12 36 17 9 57 13 66 69 69 51 77 39 38 76 70 31 86 27 86 3 18 61 75 83 35 53 70 57 55 51 69 63 50 
5 68 47 75 67 61 91 43 74 60 102 50 86 21 64 34 96 70 55 48 79 52 56 94 59 58 57 88 18 70 49 6 17 47 26 
65 46 71 66 59 86 41 69 54 97 45 81 17 59 31 91 66 51 44 74 50 52 89 54 53 52 83 18 64 44 1 21 42 20 
29 22 24 8 42 31 59 69 53 51 69 50 30 84 57 18 91 28 82 17 14 47 75 86 31 39 82 50 56 63 84 66 58 
48 20 21 68 4 74 74 80 56 85 37 48 73 81 43 87 34 92 13 28 73 78 85 44 65 65 65 59 45 61 66 49 
46 29 20 48 42 57 32 42 50 54 16 83 35 5 84 27 67 34 21 25 65 78 22 17 86 33 47 70 92 58 58 
18 66 24 81 86 77 68 91 55 52 92 81 42 103 44 102 20 32 71 91 100 51 63 84 72 72 65 81 80 67 
49 22 63 70 61 51 73 45 34 81 64 25 89 27 85 9 15 54 75 85 33 46 77 54 56 58 77 65 55 
68 37 59 12 49 40 69 27 92 17 25 88 43 62 55 41 5 67 81 34 3 98 32 53 85 108 64 70 
71 70 80 52 83 33 46 69 80 42 82 32 88 14 27 72 74 81 42 65 60 63 55 41 57 62 45 
23 42 24 12 54 29 63 29 42 53 39 25 62 48 36 31 45 30 36 75 9 25 67 90 32 48 
64 18 31 44 41 41 53 55 29 42 20 66 55 58 8 22 38 57 55 27 14 53 73 12 34 
57 41 80 38 101 13 37 94 54 64 67 53 8 72 86 45 15 109 38 61 96 119 71 80 
36 30 26 44 48 39 41 24 36 47 37 49 24 36 21 46 52 20 5 43 66 16 25 
66 39 72 27 51 59 51 24 73 59 37 37 50 41 40 85 20 37 79 101 42 60 
42 36 74 49 50 27 64 36 36 72 45 49 35 66 32 49 31 15 39 33 12 
68 34 13 67 16 53 35 20 29 49 61 7 23 72 20 31 58 81 42 44 
91 79 23 58 57 73 70 93 36 28 61 90 19 63 39 31 39 30 26 
39 82 50 51 67 52 12 60 74 40 18 100 28 52 90 113 61 72 
80 22 66 29 15 30 62 75 18 22 80 33 44 64 87 55 53 
62 39 83 76 87 22 8 62 86 42 56 36 50 62 25 37 
58 24 13 46 48 58 10 39 58 31 28 43 66 38 32 
82 70 59 21 31 52 61 74 33 33 73 92 32 54 
15 59 71 80 32 51 68 53 51 49 68 60 47 
45 61 72 18 37 69 39 41 51 73 51 44 
66 80 36 8 100 31 54 87 111 64 72 
14 45 65 52 35 19 53 71 12 34 
57 79 47 49 31 52 67 20 37 
30 65 21 26 51 74 37 37 
95 30 50 82 105 61 67 
72 49 19 20 43 28 
23 63 86 33 45 
42 64 11 23 
23 41 19 
60 41 
22 
