200 4
60 43 76 17 44 63 18 68 55 68 38 7 78 40 39 83 52 26 63 65 44 22 24 56 63 34 29 4 76 60 63 53 33 33 13 95 41 69 1 55 58 17 59 66 34 76 27 32 83 49 66 33 26 31 58 59 26 60 75 57 93 70 29 18 82 17 38 66 24 8 43 63 36 29 57 47 36 19 34 52 64 41 50 35 50 13 74 46 55 62 33 39 45 93 53 20 70 25 72 25 84 24 66 41 19 68 30 84 53 42 23 17 37 34 79 37 66 61 17 18 60 49 59 64 21 76 67 47 27 43 26 40 65 54 13 32 32 20 32 77 42 18 30 25 77 36 64 60 61 40 33 44 62 96 69 21 12 50 33 47 3 25 58 13 21 56 15 57 19 36 13 71 76 34 72 67 72 41 47 74 26 35 54 41 18 29 33 18 61 49 56 9 84 24 35 9 91 77 
39 20 77 17 22 43 98 47 61 43 64 18 83 53 37 61 46 10 86 44 43 43 4 3 28 33 57 39 49 89 11 31 58 72 55 49 45 59 8 21 43 42 25 50 17 52 32 43 12 76 70 39 29 18 12 77 20 32 27 46 16 32 69 49 44 84 35 42 61 72 38 60 38 59 58 79 24 55 31 34 76 36 33 27 76 50 61 26 26 60 69 36 67 46 89 63 43 36 41 70 51 43 55 51 45 72 76 48 72 18 39 73 63 45 61 46 90 8 54 42 15 61 79 31 77 50 38 15 53 81 50 51 74 82 68 52 61 41 83 29 43 77 31 37 17 47 50 10 68 22 89 44 4 59 46 41 72 44 57 31 64 77 44 62 44 51 47 33 78 34 73 66 24 48 39 93 60 65 32 61 64 42 28 56 44 33 56 58 87 29 84 52 30 61 35 61 45 28 
59 59 25 56 34 105 69 84 55 41 55 80 14 75 76 49 34 97 5 41 44 36 43 20 21 38 34 73 97 41 38 63 56 93 61 75 42 40 52 30 68 60 13 46 55 15 79 28 92 70 18 27 25 29 47 25 69 18 85 38 23 59 83 35 79 25 43 48 76 20 43 7 60 77 83 27 26 15 58 91 52 57 36 83 30 88 48 54 81 69 50 75 85 91 33 74 25 74 65 85 43 80 12 24 91 71 83 82 26 22 60 68 10 90 56 99 33 27 31 28 74 90 63 64 81 24 25 20 81 52 12 91 89 41 16 25 27 74 39 4 53 32 23 52 10 76 46 85 35 59 5 37 96 76 36 49 8 62 53 44 47 69 52 41 72 39 16 54 9 51 89 41 57 72 102 86 72 8 88 31 52 55 66 24 35 19 53 95 11 91 34 69 29 9 49 84 40 
91 36 18 58 101 46 56 50 81 11 92 73 20 63 57 27 88 64 56 55 23 16 47 51 73 54 47 92 22 44 66 86 39 55 38 75 21 21 60 39 18 70 23 62 51 28 31 75 79 58 46 36 30 96 37 18 46 28 29 50 81 35 59 94 51 54 75 77 56 76 58 68 58 85 41 74 50 35 76 43 36 40 80 67 55 33 27 57 78 44 72 28 95 82 35 53 32 81 37 55 50 71 63 69 87 33 75 37 57 86 70 65 52 53 92 26 72 58 33 63 81 25 89 40 55 35 73 89 61 71 73 86 85 72 81 58 94 41 63 94 46 54 14 67 45 16 68 36 106 64 22 43 39 55 88 64 65 36 80 95 42 75 57 51 61 52 95 54 89 62 34 56 29 95 54 71 52 54 84 51 29 61 62 47 76 70 90 48 88 68 10 80 55 74 27 39 
61 77 34 62 64 74 48 18 94 32 53 97 57 37 80 62 60 35 37 73 79 51 46 21 93 68 59 69 47 37 5 106 48 79 18 71 72 34 69 79 49 93 35 50 95 66 67 31 43 48 75 76 27 78 89 74 106 87 46 15 93 33 29 83 37 16 42 80 17 52 33 63 43 53 33 51 64 65 53 62 51 48 30 81 60 68 68 31 51 46 106 47 31 81 42 84 22 94 36 74 55 36 72 24 96 53 59 40 9 38 50 87 46 62 78 32 35 77 53 57 77 10 85 83 64 42 37 35 55 67 51 20 47 44 37 21 94 58 13 46 42 94 51 73 75 64 55 28 60 79 107 79 36 13 65 38 59 14 26 68 18 34 64 30 74 14 53 9 76 93 43 83 63 78 42 64 81 37 45 67 47 36 44 46 24 57 66 52 26 99 36 52 17 104 94 
31 27 91 47 62 36 46 35 72 37 51 57 35 19 81 30 29 31 13 21 10 15 40 40 50 82 16 20 49 56 68 43 51 43 15 27 27 44 35 33 32 41 15 54 5 73 59 21 13 17 15 59 20 44 21 61 26 15 54 58 28 72 32 30 45 63 32 44 22 48 56 70 8 37 13 34 72 31 33 16 68 32 64 24 30 59 58 30 60 61 80 45 50 19 49 57 60 30 57 35 27 70 64 58 66 2 21 57 54 29 66 39 84 17 36 26 17 56 73 38 61 57 34 3 36 71 39 36 71 74 50 35 44 24 69 36 28 60 16 19 34 31 52 22 65 12 71 30 18 71 52 26 54 32 48 30 47 59 45 47 30 50 31 26 61 18 56 67 33 40 47 87 62 57 20 64 47 34 31 49 27 19 39 44 80 18 77 35 46 43 18 45 59 35 
46 83 29 40 33 69 27 75 68 20 45 41 32 70 62 42 40 23 20 39 42 61 62 29 74 15 30 49 71 36 37 23 62 17 5 49 22 3 64 35 45 45 22 28 58 62 50 36 40 34 85 42 12 49 30 38 41 65 27 46 77 57 39 60 60 60 63 54 51 40 67 33 65 44 17 58 26 18 28 62 56 39 17 10 40 61 27 54 30 77 72 21 43 19 64 29 40 34 67 53 52 70 26 57 30 48 70 53 60 38 36 74 30 62 47 37 45 63 8 74 27 60 32 66 71 44 68 55 68 74 66 74 48 77 51 60 81 34 45 29 62 29 12 50 25 95 62 26 39 24 42 76 63 48 19 67 85 25 60 42 33 47 55 83 49 76 46 45 39 17 77 38 53 51 39 75 34 12 43 53 34 70 54 72 48 70 57 22 72 50 60 29 49 
70 43 57 25 23 60 47 36 66 45 16 46 63 37 8 12 39 45 18 14 15 63 47 63 35 15 29 29 79 31 54 16 37 41 5 45 48 31 59 21 19 66 32 60 36 16 14 43 42 40 45 58 44 76 53 13 27 67 1 46 54 11 18 42 52 18 27 26 48 48 19 22 21 36 59 26 35 17 49 12 62 29 38 52 35 24 41 76 57 29 55 10 57 31 68 11 54 37 13 61 38 68 49 25 11 30 34 29 66 26 65 44 19 3 44 42 56 48 34 61 55 30 28 47 18 37 59 55 28 31 36 7 42 62 35 35 12 11 60 31 51 42 54 22 49 37 45 81 55 4 30 42 28 31 21 39 44 20 8 45 5 46 37 25 31 61 60 25 56 68 60 38 36 62 33 22 37 34 12 11 34 19 61 37 56 11 66 30 24 18 74 61 
55 50 55 74 110 30 105 93 38 56 107 15 108 64 61 96 98 87 84 71 131 55 9 87 70 42 59 92 48 68 68 90 81 74 62 83 101 115 50 90 86 93 30 35 86 80 108 105 89 111 88 112 98 114 82 50 80 70 33 123 62 60 28 122 68 98 44 44 21 83 87 91 66 28 61 66 75 22 77 56 72 74 46 35 62 31 98 15 88 71 80 75 43 80 61 55 107 82 38 38 84 26 88 82 53 36 99 63 52 10 104 84 73 107 38 19 77 52 70 124 94 95 25 52 106 32 16 80 99 101 78 41 126 106 75 75 81 112 101 59 90 35 79 90 108 102 90 66 68 73 113 43 67 69 88 59 55 63 51 66 115 76 96 70 47 122 50 76 7 55 33 106 57 95 56 72 42 81 72 101 52 11 106 14 73 103 92 95 59 97 125 
15 17 62 56 51 77 40 16 29 57 41 74 35 31 46 46 49 49 55 85 4 45 36 31 27 58 43 15 16 54 39 27 47 8 28 72 63 29 54 34 47 29 39 55 42 61 56 81 64 33 68 46 64 47 49 30 43 54 78 32 49 34 79 55 64 31 11 41 42 65 54 13 29 17 13 33 35 55 19 22 21 12 38 19 28 46 50 71 18 47 22 45 31 32 11 77 55 24 49 33 28 44 51 55 29 69 23 18 45 54 62 45 60 18 35 22 58 21 81 49 70 46 29 77 26 40 68 72 78 49 56 77 72 72 38 49 58 71 9 38 21 34 88 74 52 43 15 38 68 77 26 17 59 80 5 46 35 4 41 73 74 60 66 20 71 21 23 48 17 28 66 19 76 21 19 19 54 35 75 40 43 65 42 53 48 73 60 49 45 75 
31 75 67 55 92 44 17 42 71 35 89 49 45 59 59 64 64 68 99 11 41 50 46 36 68 42 26 19 66 53 40 61 18 38 87 76 40 69 37 61 20 45 70 57 76 71 94 78 40 83 48 77 62 59 30 57 58 93 46 61 37 94 68 79 40 10 42 57 79 69 27 22 32 28 48 35 68 7 37 34 5 44 34 31 48 49 85 22 62 26 53 30 46 6 92 69 13 55 34 27 59 66 64 36 84 14 31 40 68 76 59 74 21 31 31 66 20 95 63 84 49 41 92 18 38 81 87 93 63 62 90 87 83 53 64 70 86 11 51 15 50 100 89 65 40 17 52 79 92 35 32 71 93 16 57 49 12 55 88 85 75 78 5 84 33 28 43 5 33 81 8 90 34 32 27 68 50 90 51 40 80 40 66 55 87 75 60 47 89 
44 57 42 61 50 21 11 51 44 59 17 13 40 43 35 33 37 76 22 46 32 16 16 42 58 7 31 36 34 29 30 21 34 56 60 13 39 47 38 37 29 39 27 53 49 63 55 42 58 58 58 31 34 45 25 44 68 14 32 28 68 38 49 18 23 36 29 48 39 16 36 7 15 20 33 37 37 17 23 27 28 6 24 58 46 54 33 31 36 31 46 14 29 61 38 36 37 48 29 33 35 39 20 53 41 3 48 48 45 28 52 19 37 30 42 38 70 39 53 39 13 61 36 39 51 56 61 32 44 70 57 55 23 33 58 55 26 36 30 24 71 59 47 59 31 21 50 63 15 14 41 62 20 30 18 19 23 62 56 45 49 36 66 6 35 50 34 22 53 37 59 3 21 13 37 19 59 23 44 53 41 35 55 55 45 31 57 69 
82 45 35 89 60 33 65 72 42 28 31 60 67 36 31 7 75 67 69 58 38 40 16 101 48 76 8 59 64 20 66 71 31 78 35 34 89 52 73 40 27 35 60 61 18 62 81 57 99 72 31 24 89 22 43 66 31 15 50 62 7 35 36 65 53 39 15 36 58 71 48 57 40 57 14 81 52 61 70 40 46 52 99 59 14 77 27 79 31 90 30 73 37 20 76 36 91 60 45 25 21 44 32 86 44 72 63 14 22 62 56 66 70 25 82 66 49 24 49 33 37 72 61 6 29 27 22 36 78 40 13 34 27 81 33 71 64 68 44 26 42 65 103 76 27 8 47 41 53 5 17 65 20 27 63 21 57 14 36 10 78 78 42 78 74 79 48 47 81 20 41 60 49 20 34 29 25 67 49 62 12 89 18 35 16 97 78 
98 69 30 72 62 21 97 60 60 60 22 15 46 51 75 44 57 101 26 48 73 89 49 62 48 77 24 29 61 49 28 67 13 67 50 39 30 85 85 57 47 30 25 95 31 29 39 38 20 50 86 47 61 100 43 59 78 85 48 78 55 74 67 92 42 73 48 43 85 50 44 44 88 68 65 39 35 67 84 50 80 38 102 81 46 54 43 86 48 60 60 67 63 79 92 44 83 37 57 90 77 62 63 60 101 21 72 60 27 72 90 35 94 51 46 33 71 96 66 67 83 94 86 69 78 59 99 31 59 95 48 55 4 64 55 20 77 39 107 60 18 53 50 58 90 59 72 43 82 95 52 79 61 60 64 45 96 51 91 72 24 62 40 104 65 79 47 65 82 57 38 69 62 50 73 75 99 43 97 70 19 79 52 78 37 29 
79 90 37 37 90 32 82 42 40 80 84 65 61 44 110 54 27 73 52 26 30 94 38 67 39 75 71 50 59 76 74 101 31 66 85 75 41 13 62 59 89 87 59 91 83 91 97 97 60 21 81 46 3 101 42 33 17 99 40 73 24 45 14 63 59 68 58 38 49 57 57 21 51 62 59 65 49 14 48 24 97 15 60 70 57 73 15 82 41 57 80 56 48 9 85 28 69 58 24 22 73 69 39 31 87 57 49 89 34 29 71 22 72 102 75 67 6 32 80 42 21 50 72 72 53 11 108 80 45 55 58 99 75 59 78 41 62 60 82 86 94 66 46 44 88 27 56 40 58 56 28 41 49 42 93 46 72 40 55 105 36 74 31 60 22 83 63 66 41 63 32 55 52 73 27 26 84 21 47 97 64 71 32 96 107 
88 81 52 48 100 10 44 48 49 56 29 28 35 46 81 99 53 46 65 51 105 67 85 39 53 64 32 77 72 5 60 57 24 91 41 97 70 22 35 39 44 35 40 81 32 98 52 30 57 94 37 77 37 47 46 78 32 39 14 62 84 84 36 19 24 67 95 60 66 44 85 28 96 57 65 88 70 58 78 98 91 23 85 30 85 63 96 47 88 3 24 97 69 95 86 38 26 56 70 8 99 62 101 48 22 33 43 79 93 74 60 91 36 38 11 81 55 2 96 91 33 6 12 29 71 53 10 44 39 28 66 6 84 59 90 44 47 10 51 107 86 40 41 15 65 61 39 35 77 50 44 80 40 28 45 19 44 97 55 61 83 104 94 74 22 96 19 58 65 71 25 42 7 53 97 26 92 32 83 18 18 46 96 53 
56 60 46 79 80 61 59 39 33 60 63 81 74 38 84 34 50 65 91 19 52 25 82 35 25 69 32 17 84 43 63 65 9 46 65 78 70 56 55 49 106 56 8 64 10 49 61 84 17 67 93 71 59 80 74 75 83 73 68 49 81 53 85 64 33 66 44 34 48 75 77 41 36 28 47 77 45 68 10 90 93 22 64 18 82 19 60 38 86 74 57 87 14 68 50 68 89 68 80 36 52 84 44 83 67 51 58 74 19 93 25 74 50 86 86 62 87 62 80 94 86 95 68 94 61 79 101 55 65 34 82 34 29 58 45 116 80 40 23 27 62 96 81 64 37 87 105 35 79 62 43 67 71 103 69 96 49 54 56 17 87 41 68 69 40 96 52 29 58 73 54 90 73 83 66 82 77 13 92 69 80 8 59 
29 70 25 80 37 33 59 61 56 55 53 97 18 29 50 38 19 51 57 14 31 51 53 43 50 24 44 76 78 25 60 50 58 16 27 60 49 73 69 78 76 49 79 62 77 53 41 44 45 40 89 34 45 19 89 52 70 24 7 25 50 67 61 28 15 25 28 41 19 56 25 35 36 12 26 26 13 62 34 71 34 52 38 35 45 34 20 82 58 16 37 48 12 54 55 47 18 74 31 19 29 67 64 48 72 3 18 38 49 34 91 59 73 31 27 82 14 24 66 76 81 52 45 90 78 67 44 54 74 76 22 53 9 44 84 80 65 56 30 41 63 85 19 29 55 77 21 41 37 13 42 83 68 67 61 19 85 20 39 32 23 15 75 25 77 24 34 11 57 41 79 35 27 74 26 53 65 74 66 44 61 89 
52 48 52 8 4 43 47 30 27 26 75 33 48 36 15 14 31 69 15 43 25 38 36 21 33 43 47 63 6 33 57 38 44 24 31 23 52 50 52 55 52 55 68 60 26 24 56 16 38 66 5 21 28 65 26 42 13 32 35 27 38 34 26 42 16 25 19 34 27 47 24 31 37 23 14 26 68 44 43 44 24 47 24 58 5 40 53 29 45 30 59 33 32 27 29 19 45 52 10 50 50 35 19 52 26 41 40 33 49 67 38 44 35 4 53 43 40 39 47 52 23 37 71 50 43 19 26 62 47 38 42 38 24 59 52 49 70 43 12 39 57 13 22 30 51 32 19 8 30 13 58 45 39 38 46 67 9 46 53 45 23 49 48 48 8 30 18 28 15 50 13 46 49 42 24 63 45 39 20 67 70 
95 38 48 49 11 13 29 34 59 29 59 98 20 37 65 75 65 58 55 62 18 31 46 52 35 46 13 59 31 53 14 85 77 38 32 9 4 76 10 42 18 55 7 34 73 59 47 90 25 48 64 79 28 63 35 65 68 87 27 54 29 43 85 45 43 33 84 51 72 35 36 69 76 44 75 55 96 62 54 38 52 75 61 49 65 46 45 81 82 58 80 21 40 76 71 42 71 54 99 2 53 45 5 70 88 41 81 60 28 16 50 88 57 46 83 90 68 48 58 43 88 19 38 78 35 38 18 43 60 20 78 28 88 38 6 69 57 45 73 37 65 41 66 76 54 66 49 61 50 25 79 31 75 77 15 56 50 102 70 73 26 71 62 50 38 64 45 37 53 63 96 22 93 54 37 59 32 64 54 18 
101 56 52 84 86 78 76 67 121 41 6 75 60 34 59 77 37 53 64 78 68 68 48 69 95 103 42 81 72 82 15 32 79 71 97 94 89 100 73 102 83 102 74 49 65 63 36 113 54 57 22 112 65 90 37 30 19 73 82 82 53 13 50 53 64 15 72 41 60 61 31 32 50 21 83 19 85 56 72 60 41 65 53 40 101 76 23 38 69 15 78 75 53 29 93 48 42 5 92 80 66 96 25 7 63 52 55 115 83 90 26 44 100 17 11 78 94 97 71 43 115 98 75 66 74 99 95 44 78 20 68 91 101 90 75 52 60 73 105 34 54 67 88 45 52 55 37 59 106 76 88 70 32 110 41 62 8 40 25 97 42 91 46 59 31 75 62 96 47 7 97 11 68 89 89 87 56 82 113 
44 48 41 48 25 25 39 36 78 101 46 43 66 57 98 66 80 44 45 58 33 73 65 11 50 58 20 85 34 96 73 21 32 29 34 45 30 74 22 90 42 27 61 89 38 82 27 47 50 80 22 44 10 64 82 86 32 26 20 63 95 57 62 41 86 31 93 53 59 85 72 55 79 90 94 31 80 28 79 67 90 47 85 7 26 95 73 89 86 31 25 61 72 9 95 61 103 38 27 34 33 78 94 68 65 86 26 30 18 84 56 8 95 92 41 14 22 30 76 42 2 52 36 26 57 8 81 51 89 40 57 42 101 81 40 48 5 66 58 45 45 74 54 45 77 42 18 53 14 51 94 45 61 78 105 91 75 12 93 29 56 60 70 27 39 17 55 98 16 94 36 74 27 14 50 89 43 
4 39 45 23 20 20 68 39 56 34 12 21 30 73 23 48 20 36 37 13 38 44 39 60 13 25 61 33 52 30 23 16 46 44 46 49 53 49 71 55 18 26 60 8 42 59 3 18 35 58 22 34 19 40 42 21 30 27 30 51 20 29 16 42 19 54 25 33 44 29 17 34 71 51 36 49 16 50 27 62 3 46 45 21 53 34 62 41 26 18 30 27 37 59 18 58 45 27 11 47 34 49 42 34 54 60 32 36 42 11 45 51 48 34 39 44 15 40 65 42 40 13 17 60 39 44 40 46 21 55 44 45 75 48 4 34 49 21 25 25 45 37 19 1 37 6 51 41 31 34 53 62 17 50 61 52 30 41 55 41 14 32 26 20 10 42 15 54 42 50 17 63 38 31 18 69 64 
40 45 26 23 23 70 36 53 34 12 18 31 70 19 44 23 36 35 17 35 42 43 60 10 29 58 34 48 28 27 19 48 46 49 51 51 51 69 57 21 26 57 12 41 62 1 20 32 60 24 38 17 36 39 23 34 30 27 47 16 26 16 38 23 50 23 31 40 27 14 30 69 48 40 46 19 48 26 59 1 43 49 25 49 33 60 38 28 22 30 24 41 55 14 55 46 31 15 48 30 45 40 34 51 63 34 40 39 8 49 47 45 37 43 48 19 39 67 46 42 15 21 60 43 40 40 42 21 58 48 46 72 45 8 37 53 18 23 28 49 34 19 4 33 9 54 43 35 37 49 64 13 47 57 48 27 45 51 45 10 30 22 24 11 46 15 51 45 47 21 62 41 34 20 67 66 
7 24 29 53 39 48 87 9 27 55 68 57 47 45 55 6 20 39 41 26 46 20 49 28 44 8 74 67 35 25 17 11 73 19 33 26 49 18 28 65 50 40 81 34 38 57 68 37 56 35 55 57 76 20 51 27 32 74 34 32 23 73 46 61 24 25 58 66 33 64 49 86 59 43 32 42 66 52 39 54 48 41 70 73 49 69 14 35 69 60 42 60 43 88 8 50 38 14 58 77 31 73 50 37 12 49 78 47 48 72 79 63 48 58 37 79 31 40 73 27 32 21 43 49 11 66 18 85 41 6 61 46 37 68 42 54 29 60 73 43 58 40 50 43 32 74 31 69 65 26 45 40 91 59 62 29 60 61 39 27 53 40 29 53 54 85 26 82 48 33 57 31 57 47 29 
31 36 59 41 48 89 11 33 59 74 52 50 43 62 9 19 46 40 22 53 17 53 36 40 15 75 71 42 32 21 15 80 23 29 30 43 17 35 71 46 46 86 38 44 63 72 41 63 42 60 57 80 27 58 34 33 75 37 33 29 76 53 59 26 25 58 70 37 68 43 89 66 41 39 39 71 48 45 53 54 48 70 78 45 72 21 42 75 64 49 58 47 90 11 57 45 18 61 79 29 79 48 41 19 57 82 52 55 73 82 70 55 65 44 84 31 47 80 33 39 15 50 48 8 67 24 92 48 7 56 44 43 75 48 58 31 66 80 43 64 46 50 49 37 81 38 76 65 25 49 37 93 58 66 35 59 68 43 27 56 47 35 60 60 87 32 85 55 26 64 38 63 42 29 
5 30 45 53 79 25 18 44 46 76 42 56 33 25 35 17 48 43 25 42 36 5 62 16 72 53 10 7 24 25 49 27 52 25 70 36 5 46 65 19 65 36 24 36 58 34 34 15 43 57 65 7 26 5 38 71 32 37 16 65 22 68 28 35 60 53 30 56 70 74 34 55 9 55 50 67 25 60 28 16 71 56 66 63 10 11 49 50 21 70 37 81 27 25 16 26 54 71 45 53 62 37 13 26 65 34 28 71 71 39 26 35 14 61 43 23 49 12 9 45 23 56 31 65 15 60 25 29 78 56 19 44 28 44 33 37 48 49 39 24 52 23 28 50 11 46 69 42 37 54 83 66 53 18 68 36 32 36 47 16 15 30 37 77 19 73 25 56 33 11 36 68 43 
25 49 53 76 29 18 41 41 78 40 57 28 29 38 12 48 45 23 47 33 5 65 20 71 50 7 7 29 30 44 32 55 30 73 41 2 42 67 15 61 40 21 31 55 38 29 15 39 56 62 9 22 7 39 69 32 37 16 62 17 68 29 37 60 49 30 54 73 71 30 57 4 57 46 69 22 60 28 12 70 52 68 61 14 6 44 47 20 71 35 78 32 21 12 31 52 68 47 48 63 41 18 23 61 31 28 69 68 34 24 32 9 57 48 23 44 11 4 50 22 56 35 64 17 55 25 33 81 57 15 39 30 41 33 32 44 49 34 20 52 19 31 45 12 41 69 47 35 56 80 66 50 21 68 33 31 37 45 11 14 28 33 74 22 70 20 60 29 11 31 71 48 
71 59 66 50 30 35 17 94 41 68 4 51 56 13 58 63 30 72 28 28 81 45 68 36 21 27 54 55 26 56 73 53 91 66 25 22 81 14 42 62 23 11 45 59 4 31 31 58 50 32 15 30 50 66 40 49 33 52 8 74 44 53 63 36 38 47 91 57 18 69 21 71 29 82 23 66 36 14 70 34 83 55 38 19 22 39 30 79 37 68 57 13 14 56 50 61 63 25 75 62 43 23 46 26 36 67 57 13 28 29 16 36 73 37 20 27 21 74 31 64 57 62 37 34 39 58 95 68 19 15 45 35 45 7 25 57 16 20 56 14 53 21 31 16 72 72 35 70 70 72 43 43 74 24 34 52 42 14 26 29 20 64 45 59 5 81 21 31 12 89 72 
88 123 49 60 89 89 93 83 85 75 46 60 61 81 64 47 31 81 44 81 38 113 99 50 51 23 28 81 21 70 19 82 25 50 91 87 64 110 9 69 80 103 14 76 40 87 96 110 48 61 42 72 112 71 71 56 108 63 101 62 65 98 98 70 100 82 119 67 83 53 81 95 89 70 94 43 57 109 102 86 106 43 53 93 94 44 100 79 124 31 61 61 25 96 114 70 97 89 10 37 54 110 79 44 111 115 76 50 58 57 106 13 37 87 55 52 40 44 89 50 105 52 93 36 35 97 86 64 83 31 88 68 78 81 83 83 69 89 68 18 88 39 86 105 20 80 79 127 99 97 28 100 65 75 67 90 57 59 53 82 120 26 117 67 63 63 40 80 81 15 
46 38 35 31 62 40 19 13 58 41 29 52 7 28 76 65 33 58 32 49 28 42 59 46 64 59 85 67 32 71 44 66 51 53 27 47 57 81 36 54 36 82 60 68 35 11 43 46 70 58 16 29 21 16 37 37 59 15 25 23 10 42 23 30 44 52 76 16 51 20 49 27 37 7 81 59 22 52 30 30 48 55 59 33 73 19 23 46 56 67 50 62 20 35 21 62 17 84 52 74 49 34 81 26 42 73 76 83 53 60 79 76 77 42 53 59 75 5 39 21 38 93 78 54 40 12 43 72 81 30 20 63 85 5 50 40 5 46 76 78 64 71 17 73 25 21 49 13 31 70 15 81 25 21 22 58 39 80 44 44 68 44 57 47 77 64 53 43 77 
78 62 34 56 83 39 58 62 81 72 67 53 74 94 106 42 82 77 84 21 29 79 72 99 96 86 102 78 104 89 105 74 46 71 63 31 114 54 55 21 114 63 90 37 34 16 75 81 83 57 19 52 56 66 14 71 47 63 65 37 29 53 22 89 13 83 61 72 65 38 71 54 46 100 75 29 35 75 17 79 75 50 29 93 54 43 3 95 78 66 99 28 10 67 49 61 116 85 89 22 44 100 23 8 75 93 95 71 39 117 98 72 67 74 102 94 49 81 26 70 87 101 93 81 57 61 70 106 35 57 64 85 50 50 56 41 59 107 73 88 67 38 113 42 67 4 46 25 98 48 90 48 63 33 74 64 95 46 2 98 7 67 93 87 87 54 88 116 
22 47 63 51 38 36 52 2 12 37 31 18 49 28 41 30 38 13 65 60 36 23 25 20 73 28 27 34 44 27 27 60 42 36 74 43 33 52 60 45 53 38 48 47 68 19 51 29 23 65 25 22 18 65 44 51 15 16 49 59 25 56 44 78 59 35 31 34 60 44 34 44 52 40 61 66 42 60 15 35 64 52 45 51 35 79 18 50 35 23 49 68 23 68 42 46 16 51 70 40 52 63 71 62 51 60 35 73 40 45 71 23 32 26 47 39 6 57 13 84 46 15 54 37 32 65 48 46 20 57 72 34 53 35 40 38 40 72 34 66 56 35 37 32 82 50 54 35 51 62 31 17 45 40 24 55 49 76 33 73 46 31 58 34 52 43 39 
28 42 63 23 40 31 24 25 19 31 33 41 48 21 23 50 23 54 39 24 11 37 34 55 40 42 42 60 45 16 38 51 16 53 52 11 31 42 52 33 33 28 38 50 13 36 23 21 53 14 20 4 48 27 50 14 22 42 38 12 39 60 59 43 40 16 41 38 53 12 42 46 25 52 45 53 45 17 20 42 34 38 53 18 63 34 34 17 37 36 53 32 46 47 54 23 39 51 19 46 52 54 43 41 48 19 51 56 41 51 7 18 48 40 38 28 46 9 65 43 34 65 40 11 45 47 27 16 36 55 31 31 13 34 17 45 52 29 46 51 52 19 40 66 48 36 37 50 47 14 22 29 24 4 45 27 60 36 56 26 51 44 29 30 59 55 
32 71 12 43 32 50 45 33 34 50 60 76 8 47 61 51 33 13 45 37 66 63 59 69 57 70 73 73 40 22 58 28 28 80 20 25 14 79 33 56 4 25 21 41 49 48 32 31 23 31 33 20 38 43 33 39 30 12 22 12 73 31 53 46 38 49 17 59 19 36 66 41 35 21 61 20 46 40 28 5 58 49 13 36 63 46 32 66 16 27 45 30 49 82 52 56 23 10 66 32 26 47 59 63 36 29 84 64 47 33 39 74 60 36 52 27 37 64 66 62 71 43 26 44 71 1 30 36 58 32 21 21 27 25 73 49 53 42 38 81 10 49 39 41 8 63 43 59 15 37 9 40 29 62 15 32 63 28 35 71 56 53 25 71 83 
101 43 73 13 65 67 29 64 73 47 88 29 45 89 61 63 27 39 43 71 71 30 73 83 70 100 82 41 10 87 28 27 80 31 11 37 76 13 49 28 58 40 48 31 47 58 60 47 56 45 44 26 75 54 62 63 27 45 41 100 44 30 75 37 78 18 89 31 68 53 32 67 21 90 49 54 36 6 34 48 81 40 59 73 29 30 72 48 53 71 8 80 80 59 40 34 29 53 62 48 20 45 43 32 20 90 55 16 41 37 89 49 67 70 59 50 32 57 74 101 73 31 14 63 33 54 12 29 62 12 29 58 25 71 17 49 11 71 89 37 77 60 73 37 60 76 36 39 61 41 32 39 45 18 54 62 49 22 93 35 48 11 98 90 
59 27 94 52 40 83 37 33 101 62 71 81 13 64 62 83 85 71 73 67 119 75 24 83 12 68 76 92 13 79 97 90 70 91 77 93 95 90 75 50 83 68 100 80 43 64 53 44 63 76 90 36 49 41 46 82 55 70 12 91 107 25 79 22 89 12 71 37 103 88 54 93 10 69 67 83 98 73 97 29 60 82 63 97 80 70 60 73 31 101 22 93 68 101 89 71 104 60 80 107 102 110 82 100 80 96 113 69 80 53 98 35 46 57 61 128 98 59 4 28 75 108 99 70 48 99 118 39 88 74 45 79 89 114 85 107 45 73 63 23 85 37 72 86 35 111 61 41 63 88 68 106 82 82 84 82 90 30 107 86 90 13 78 
31 39 41 33 36 21 38 62 67 13 46 48 45 30 25 45 34 60 56 67 63 45 65 60 65 38 34 45 31 40 76 20 34 22 75 41 55 16 17 30 36 53 46 20 29 13 19 27 26 42 33 23 27 21 24 13 17 60 40 58 33 37 36 29 46 20 25 67 44 30 34 48 22 40 41 39 16 59 38 5 41 55 50 34 59 12 30 33 42 37 77 46 59 34 14 67 29 32 54 62 67 38 42 77 64 57 30 39 64 61 24 42 23 31 73 66 53 59 31 27 53 70 11 18 44 66 19 31 23 15 28 69 58 52 51 30 73 6 37 43 30 16 60 33 64 9 25 6 43 26 65 24 37 60 34 40 59 60 52 33 59 76 
68 38 24 59 9 21 80 58 44 61 19 49 39 55 64 50 62 56 94 64 21 70 31 61 55 65 14 55 70 79 45 64 50 81 69 71 47 24 56 48 76 61 18 40 28 19 40 50 66 17 27 21 21 54 30 43 31 65 83 3 56 7 61 15 45 13 84 65 32 65 17 43 49 61 71 45 77 15 33 58 53 74 56 59 33 48 14 73 6 82 52 80 62 44 84 37 55 82 81 88 59 73 74 78 87 46 58 52 79 9 35 32 40 102 80 49 28 1 50 82 83 42 23 73 93 11 61 48 18 54 76 88 66 81 24 68 36 8 61 16 44 71 16 88 34 20 35 64 44 85 55 57 69 57 65 36 84 67 63 30 72 
53 57 16 58 64 34 75 26 32 81 48 65 32 25 30 57 58 27 60 74 56 91 69 28 18 81 15 38 66 23 7 42 63 1 35 28 56 46 35 19 33 50 63 40 49 34 49 12 72 45 53 61 32 38 44 91 53 21 69 24 71 25 82 22 65 41 18 67 30 83 52 41 22 17 36 34 78 35 65 60 17 17 59 48 58 63 21 74 66 46 28 42 25 40 64 54 14 32 33 19 32 76 42 19 29 24 76 36 63 59 60 38 34 44 61 95 68 20 14 49 32 46 5 26 57 12 19 55 14 57 20 35 14 70 75 33 70 66 70 40 47 73 27 33 52 40 18 28 33 17 60 49 55 8 83 25 34 8 90 76 
14 38 34 20 49 25 44 30 39 11 68 62 36 24 23 18 74 25 28 32 45 24 28 62 44 38 76 41 35 54 63 43 55 38 50 50 71 19 52 29 25 67 28 25 20 67 45 54 17 18 51 61 28 59 45 80 60 37 31 36 62 46 36 47 51 41 63 69 43 63 15 35 66 55 45 54 38 82 15 50 37 21 52 71 25 70 44 43 15 51 73 42 51 65 74 63 51 60 36 75 37 44 72 24 32 24 46 42 6 60 15 85 45 12 56 40 34 67 46 49 23 58 73 36 55 37 43 40 38 73 33 68 59 32 40 34 85 52 57 34 54 62 34 20 48 40 26 55 51 79 31 76 47 31 58 34 54 43 36 
44 21 7 60 36 41 40 27 25 56 58 45 31 37 32 80 40 17 46 35 37 36 61 30 41 73 55 35 56 56 57 58 49 47 39 64 28 60 39 14 57 22 15 23 59 51 40 12 6 39 57 23 51 35 74 67 23 38 22 60 32 36 34 63 48 51 66 31 54 26 43 66 49 56 40 32 72 28 58 42 35 43 61 11 69 30 57 28 61 67 40 63 54 65 69 61 70 43 73 50 56 76 29 40 31 58 29 10 49 20 90 58 25 43 25 37 71 60 44 15 62 80 24 55 38 31 42 52 78 45 71 46 44 35 20 75 39 50 47 40 71 30 8 40 48 29 65 50 70 45 68 52 26 67 45 55 33 48 
49 51 26 59 25 17 70 32 65 40 12 14 41 42 36 44 61 42 79 53 12 30 71 5 49 51 16 19 46 49 17 23 30 53 53 19 18 18 40 63 31 39 20 53 7 67 33 41 57 39 29 46 79 61 24 59 8 61 34 72 16 59 32 8 66 41 72 54 25 7 31 39 25 71 31 70 44 15 2 43 47 61 51 36 65 52 30 23 51 23 32 64 59 25 26 31 3 45 61 31 33 14 8 61 26 56 44 59 24 46 33 45 85 59 9 28 38 33 35 20 36 49 22 13 50 8 43 35 22 29 66 59 30 60 72 65 42 33 67 29 27 41 39 7 14 29 22 65 34 61 8 68 25 21 19 77 60 
21 72 57 34 53 26 43 36 46 55 41 57 52 84 60 25 65 38 58 46 55 23 45 61 74 35 54 42 76 59 63 38 18 49 41 67 53 10 36 18 11 32 43 57 20 20 15 18 45 20 36 38 58 74 11 47 14 51 25 35 13 76 56 30 56 26 36 42 52 61 37 68 22 23 53 49 64 47 55 26 43 14 64 16 77 45 71 54 34 76 33 48 72 73 80 50 63 71 71 77 38 49 51 70 8 32 28 33 92 73 46 37 10 40 72 76 33 15 63 84 3 51 38 11 44 70 78 59 71 24 66 26 15 56 18 36 64 20 78 24 13 26 55 35 76 45 51 62 50 56 40 75 59 53 37 70 
68 37 46 48 19 31 57 63 53 39 43 37 88 45 9 52 27 40 44 67 24 49 78 60 42 63 60 63 66 57 52 39 67 36 68 47 18 57 27 19 31 62 59 38 19 11 39 62 28 54 27 77 75 18 46 16 65 26 42 32 70 56 51 71 23 56 34 51 72 54 63 36 37 74 33 65 49 40 45 63 7 76 25 63 35 69 72 46 71 54 68 76 69 77 50 78 53 63 84 37 48 31 65 27 15 49 28 98 65 29 36 22 44 78 66 49 20 69 87 24 62 45 32 50 58 85 52 78 44 47 40 14 77 37 54 54 37 78 35 13 44 55 37 73 56 72 51 70 59 21 75 53 62 26 52 
59 52 19 87 38 92 65 17 30 38 41 34 39 77 32 94 50 25 52 90 32 73 38 42 41 73 33 34 11 57 79 79 32 15 20 62 90 55 61 40 80 23 91 53 60 83 65 53 73 94 86 20 80 25 80 59 92 42 83 6 18 92 65 91 81 34 21 52 65 4 94 57 96 45 17 28 41 73 88 70 55 87 37 34 7 76 50 5 91 86 30 3 12 24 67 52 10 41 34 23 64 3 79 55 85 40 46 11 49 103 81 35 38 16 60 57 35 34 72 46 39 75 35 29 42 15 41 92 54 56 79 99 89 69 21 91 18 53 61 66 19 37 6 48 92 24 87 27 80 16 15 42 93 53 
69 45 51 27 92 88 52 45 21 17 90 20 41 29 51 8 47 85 58 60 102 31 59 77 89 36 76 48 76 75 97 40 67 43 50 92 54 50 44 93 64 75 43 42 75 87 54 85 51 106 75 56 51 53 87 60 60 69 58 58 87 94 56 89 34 53 89 81 55 73 63 107 15 66 58 17 78 96 44 93 62 34 29 64 99 68 59 90 99 81 61 71 56 100 18 50 91 47 51 9 55 64 25 84 39 101 50 14 66 60 57 86 48 75 48 79 89 60 78 61 67 63 34 93 44 88 81 11 66 51 110 74 83 38 75 75 60 44 73 58 49 65 75 104 34 102 67 32 72 45 77 50 16 
39 60 44 40 18 37 29 58 56 53 61 55 62 71 66 32 21 58 20 32 72 12 21 22 71 27 48 6 30 29 33 42 40 29 38 19 28 25 28 31 46 29 35 34 17 18 20 71 38 46 46 30 48 19 59 11 39 58 33 41 25 61 28 38 32 26 13 50 52 10 44 56 39 24 58 22 35 43 29 50 74 44 48 29 2 58 39 34 41 52 56 28 32 77 56 43 25 31 68 52 38 47 34 30 60 58 55 72 44 18 39 63 7 26 30 52 32 17 13 29 17 65 45 45 38 43 74 7 48 47 44 17 55 47 52 11 33 14 32 22 54 11 40 55 36 28 67 49 45 20 70 76 
68 20 76 55 7 12 26 27 45 28 57 25 75 38 7 47 70 20 66 34 27 36 61 32 32 10 45 61 68 12 22 2 43 75 37 42 21 67 20 73 33 41 65 55 35 60 75 77 30 61 9 61 51 72 28 65 23 14 75 58 71 67 14 9 48 53 15 75 41 84 30 21 17 28 58 74 50 52 67 35 17 21 67 37 23 75 74 36 21 29 13 62 44 18 47 16 8 48 17 61 36 69 20 56 20 32 84 62 21 42 24 47 38 35 44 54 39 26 57 24 26 48 6 44 74 44 41 59 86 71 56 16 73 32 36 41 51 14 19 25 39 80 17 76 23 61 28 6 36 73 44 
51 57 73 72 58 61 55 106 63 11 70 12 56 63 81 8 67 88 78 58 79 68 81 83 76 64 43 75 55 87 67 31 59 41 32 49 69 77 32 36 28 40 72 43 62 12 84 94 16 65 12 78 10 59 31 90 75 50 83 5 62 53 70 87 64 83 27 49 76 51 84 67 58 52 67 18 90 17 81 54 88 81 60 90 55 74 94 89 97 69 90 69 83 101 56 67 43 85 28 33 51 47 116 85 47 16 20 62 95 86 60 35 86 106 29 77 61 37 67 76 102 72 95 41 62 52 11 80 32 63 73 31 98 49 29 53 74 55 93 71 76 71 76 77 22 94 72 78 11 67 
74 63 26 18 15 11 65 17 40 21 56 22 20 59 55 33 76 31 33 50 65 32 49 27 51 57 73 13 42 18 33 73 32 33 18 70 38 63 24 28 59 62 31 62 56 82 51 48 24 47 61 57 34 56 39 32 71 68 55 67 7 27 62 57 34 64 41 86 12 41 31 14 57 75 36 66 55 34 3 41 74 42 40 72 77 55 40 49 29 73 33 32 65 20 24 29 35 51 17 66 14 76 34 13 67 50 30 60 35 51 29 52 64 45 51 34 50 36 27 66 22 61 67 29 42 45 89 62 59 22 63 52 36 29 51 32 23 44 49 82 20 79 40 41 49 23 50 55 31 
36 75 65 89 85 91 92 60 95 69 92 69 52 50 60 45 105 50 58 25 106 66 86 37 17 27 67 82 77 42 2 41 42 57 20 71 26 50 50 17 35 42 21 69 32 86 42 68 46 45 50 49 26 98 73 8 45 54 14 70 71 57 29 90 33 35 20 83 79 63 88 18 13 50 58 40 107 75 88 35 42 97 2 21 79 91 96 68 51 105 94 79 60 70 87 91 30 67 7 60 95 96 80 60 37 57 76 101 33 44 68 90 33 53 52 24 57 99 80 83 73 17 100 35 48 23 25 25 91 27 92 40 48 26 72 57 94 48 20 90 22 68 75 89 82 57 68 104 
52 47 76 74 57 79 70 79 85 85 48 17 70 35 15 90 29 25 10 88 33 63 11 35 13 51 52 57 45 33 36 44 44 17 42 52 46 52 39 1 35 15 85 21 54 58 45 61 9 70 28 47 72 47 41 10 73 21 56 47 21 9 64 59 26 32 74 49 39 77 24 26 58 22 60 91 62 60 11 20 71 36 21 46 64 66 43 17 95 71 43 43 47 86 66 47 65 33 49 59 73 74 83 55 34 41 78 14 43 35 56 44 20 29 38 31 82 44 61 38 46 92 23 62 33 50 12 72 53 60 28 50 20 46 39 65 17 27 72 22 38 84 57 60 24 84 94 
14 33 34 38 35 62 31 80 45 8 41 74 16 61 40 25 30 58 37 26 11 42 62 64 17 16 9 45 74 38 44 23 65 13 74 36 44 66 51 36 57 80 73 24 64 8 64 46 76 26 66 22 7 75 53 75 65 20 4 42 50 14 77 40 81 37 14 13 35 57 72 54 46 70 41 23 16 63 34 22 74 71 29 17 25 8 56 51 19 40 17 6 55 16 62 42 69 24 49 21 39 88 64 18 35 26 44 40 28 38 55 34 23 58 20 31 41 10 37 75 51 40 63 84 72 54 21 74 26 36 44 49 7 20 21 34 77 23 73 17 67 22 9 31 78 51 
29 28 50 32 48 32 66 39 5 41 60 15 59 43 17 32 51 42 31 22 36 50 58 5 29 12 31 64 25 30 9 57 21 61 22 30 53 46 23 49 66 68 36 49 7 50 44 62 18 53 35 17 63 50 61 56 11 12 44 43 27 63 29 73 30 26 13 30 47 63 40 48 56 44 16 30 58 27 35 63 63 39 31 39 12 56 49 30 48 4 9 46 29 49 30 57 10 60 32 31 73 50 13 43 36 36 26 34 49 42 33 17 45 18 35 49 18 44 62 46 30 49 76 59 46 26 61 39 25 30 39 17 8 35 31 69 26 65 23 54 36 18 32 65 48 
6 69 2 50 9 64 13 30 71 67 44 89 17 47 61 80 20 58 27 65 72 87 25 47 24 48 88 47 47 33 85 46 77 38 42 74 76 46 77 64 97 55 60 33 59 74 69 48 70 37 40 85 80 66 82 20 35 73 71 34 77 55 101 10 47 41 3 72 90 48 77 67 20 14 43 88 56 38 87 92 62 40 50 38 86 19 29 73 33 33 27 34 65 28 81 29 81 29 14 77 63 42 68 28 65 44 61 69 59 63 47 65 48 15 74 24 70 81 18 57 57 103 76 74 17 77 55 51 43 66 40 36 44 61 97 13 94 49 47 52 25 61 63 18 
72 8 44 15 58 11 30 70 61 43 87 23 45 60 77 26 59 30 63 67 84 24 50 25 43 84 43 43 30 82 47 72 34 36 69 73 43 73 58 94 57 55 34 53 72 63 46 65 41 41 81 79 60 79 18 36 73 69 37 72 52 97 4 49 41 3 68 86 42 77 61 26 12 46 85 54 42 83 88 63 44 53 39 85 21 33 74 31 34 22 38 60 22 77 25 84 34 8 71 57 41 69 33 62 40 62 72 54 62 45 61 47 21 75 27 71 76 18 54 51 100 70 71 21 72 58 48 38 63 41 34 48 60 94 18 91 50 41 55 28 61 57 20 
71 98 65 116 82 45 40 107 39 57 72 49 33 67 67 26 42 54 83 70 54 22 47 76 89 66 75 57 74 29 100 70 78 88 57 64 70 116 74 14 95 42 97 48 108 49 92 38 32 94 51 109 77 59 38 36 62 37 105 63 89 75 23 38 72 75 83 88 37 101 71 62 27 64 52 37 91 78 12 31 23 37 49 86 44 14 51 41 94 37 90 80 87 60 12 45 78 121 94 44 16 50 59 71 23 1 84 37 46 82 40 63 14 45 19 97 87 60 96 90 97 66 54 100 16 60 77 67 33 51 28 43 84 57 79 29 105 18 44 34 114 86 
52 8 65 12 32 73 69 46 92 15 49 63 83 18 60 28 68 74 90 28 49 26 50 91 50 50 36 88 48 80 41 44 76 78 49 79 65 100 56 63 36 61 76 71 50 73 37 42 88 83 68 85 22 37 76 74 35 80 58 103 12 49 43 5 75 93 50 80 70 18 17 44 90 59 38 90 94 64 41 51 41 88 16 30 75 36 35 27 35 68 30 84 31 83 30 16 79 65 45 70 28 68 47 63 71 62 66 50 68 50 14 76 26 72 84 16 60 59 106 78 77 17 80 56 54 46 69 42 39 45 64 100 14 97 51 48 53 27 63 64 16 
59 17 45 54 76 17 59 85 67 51 72 67 70 75 66 60 43 74 45 77 56 25 61 36 26 41 68 69 37 28 20 42 69 37 61 17 83 85 18 56 14 74 19 52 34 80 66 53 79 16 61 43 60 81 61 73 34 45 78 40 75 59 47 51 68 12 85 22 70 44 78 79 55 80 57 73 86 79 87 60 86 58 73 93 47 58 33 75 29 22 53 38 108 74 36 27 22 54 88 75 56 29 79 97 28 71 54 36 59 65 95 62 88 45 51 48 12 81 37 61 62 36 88 44 21 51 65 46 83 65 77 60 76 69 15 85 62 72 16 56 
74 20 31 72 76 45 91 10 50 61 84 11 57 23 68 78 91 29 44 23 55 94 53 55 38 89 44 85 45 50 81 78 52 81 74 100 51 69 34 68 76 78 50 78 29 38 92 82 75 87 24 34 73 75 28 86 60 105 19 44 42 13 77 95 57 78 76 12 19 38 91 60 30 93 96 59 34 43 38 87 21 22 70 36 33 36 28 73 37 87 34 77 22 24 86 71 45 65 19 69 51 59 65 67 64 49 72 49 6 71 21 68 89 22 61 66 108 83 78 11 85 49 56 51 71 38 40 38 63 102 8 98 48 56 47 22 61 72 21 
57 71 93 18 76 100 80 68 89 80 84 93 83 76 55 87 63 95 74 42 70 52 43 58 81 87 43 46 38 52 84 54 74 96 103 28 74 24 90 19 69 43 96 84 61 94 14 74 60 78 98 75 90 37 61 88 54 93 77 61 64 79 28 101 28 83 60 96 93 71 97 66 86 104 96 105 78 102 69 89 111 65 75 42 92 40 38 63 55 125 90 50 17 32 72 106 91 72 46 96 115 41 88 72 49 77 80 112 79 105 52 62 64 23 91 44 75 78 42 106 60 39 65 83 64 100 82 88 75 88 87 19 102 79 89 1 67 
41 81 63 54 98 23 55 71 87 28 70 40 73 75 94 34 60 36 50 92 52 50 40 91 58 77 42 43 76 84 52 83 57 104 68 59 45 56 83 65 56 71 49 52 88 90 61 88 28 47 84 78 47 76 61 106 10 59 52 10 77 95 47 88 65 26 23 56 96 64 50 90 98 74 53 63 50 95 13 42 85 42 45 16 47 66 26 84 35 94 42 12 72 62 52 80 40 72 48 73 82 61 73 56 68 58 26 86 37 82 83 7 63 54 109 76 80 30 77 68 57 45 72 52 45 57 71 103 26 100 61 38 65 38 72 56 11 
41 65 14 60 41 20 31 54 39 29 17 38 54 60 8 24 8 37 68 30 35 14 60 17 66 27 35 58 48 28 52 71 70 32 55 4 55 44 67 20 58 30 13 68 51 66 59 13 7 43 45 22 69 33 76 32 22 11 31 50 67 45 47 61 42 18 25 60 30 30 67 66 35 26 34 9 56 49 25 45 9 4 49 24 54 34 62 15 56 27 33 79 56 14 39 31 39 31 32 45 47 33 19 50 18 33 46 13 41 67 47 33 54 79 64 49 23 66 34 29 35 43 12 12 30 32 72 24 68 20 59 31 13 31 70 48 
79 26 20 81 27 11 27 79 18 52 18 48 30 46 37 48 51 50 40 49 42 34 29 65 49 56 53 17 38 31 93 35 38 67 37 70 8 80 26 59 59 35 56 12 82 38 52 37 5 23 52 72 32 49 71 35 29 72 38 43 64 8 71 82 57 46 25 21 58 52 38 29 50 50 33 15 90 59 26 38 38 86 53 58 66 49 47 43 61 71 93 65 28 24 67 23 47 18 39 53 7 25 49 23 73 27 51 21 61 88 29 70 50 63 27 62 66 44 32 54 31 34 36 51 11 44 64 39 25 88 42 51 10 91 89 
67 84 84 58 77 64 87 82 80 61 37 70 58 88 70 30 52 41 31 51 63 78 25 38 29 34 69 43 57 18 78 95 12 67 10 75 2 58 25 93 77 42 79 4 56 57 72 85 60 86 19 47 70 57 85 68 64 47 61 20 87 10 87 59 90 76 58 94 48 68 95 91 99 71 87 76 87 100 57 69 50 88 22 39 45 50 116 89 53 14 14 62 95 90 57 35 86 106 25 75 61 32 67 82 101 75 94 33 69 50 11 73 25 58 78 24 99 48 30 49 76 56 95 69 70 75 70 78 30 96 76 77 18 74 
46 55 11 17 42 53 17 28 25 48 48 20 22 22 37 58 27 35 18 48 11 62 30 38 52 34 25 41 76 56 28 56 10 57 30 69 11 54 37 13 61 37 69 49 26 12 29 34 30 66 26 65 45 19 3 45 42 56 48 33 61 56 31 28 46 18 37 59 54 27 31 36 8 42 63 35 34 13 12 61 31 52 43 54 23 49 38 46 81 55 5 29 43 28 32 20 38 45 19 8 45 4 47 36 26 30 61 61 25 56 67 60 37 36 62 33 22 38 34 12 12 34 18 60 38 56 10 67 30 25 17 75 62 
101 42 31 21 99 38 72 26 48 17 63 58 68 60 42 51 59 57 24 50 65 61 67 52 16 50 27 100 18 58 72 56 76 15 85 41 60 79 55 51 8 87 31 69 57 21 24 72 72 41 34 88 55 49 89 37 33 73 19 75 102 75 66 10 33 79 45 25 48 71 71 53 8 108 79 42 55 58 101 74 62 79 44 62 57 82 87 97 69 46 41 87 29 58 38 56 58 27 42 52 41 93 43 71 38 58 105 38 76 34 63 25 82 66 64 43 65 34 55 52 72 27 29 84 25 46 99 62 71 31 99 107 
60 71 94 5 66 31 79 89 101 39 51 33 65 105 64 65 48 100 53 95 55 59 91 89 62 92 80 111 58 78 44 76 86 86 61 87 34 47 102 92 83 98 35 44 83 86 35 95 71 116 27 52 52 20 88 106 65 87 85 3 30 45 101 70 35 103 106 67 41 49 48 97 17 28 78 47 43 39 35 83 45 98 44 84 27 31 94 81 55 73 22 79 61 68 72 76 74 60 82 59 9 79 30 76 99 22 72 74 119 93 89 19 94 56 67 61 82 47 50 44 73 112 17 108 57 61 54 31 71 79 18 
21 34 59 24 36 18 37 41 21 33 28 27 48 17 26 15 40 22 51 22 30 41 28 14 32 68 50 39 46 18 48 27 59 1 43 48 24 50 34 60 39 27 21 31 25 40 55 15 56 45 30 14 47 31 46 40 35 51 62 33 39 41 9 47 48 46 37 42 47 18 40 66 44 42 13 20 59 41 41 39 43 20 58 47 45 72 45 7 37 51 19 22 28 48 34 20 3 34 9 53 44 34 37 50 63 14 47 59 49 28 43 51 44 11 29 23 23 10 45 16 52 43 48 21 61 41 33 20 67 65 
35 68 8 41 21 50 39 37 26 38 48 56 37 46 34 42 18 67 43 51 55 25 35 37 89 46 28 65 27 68 17 79 20 60 47 24 61 23 80 45 43 26 12 29 41 73 31 58 62 24 19 62 42 51 61 16 70 71 48 34 35 20 47 58 46 21 39 40 22 26 80 48 22 30 27 78 42 59 59 53 39 39 50 63 92 64 20 18 55 26 43 10 32 53 5 18 50 14 62 24 40 17 64 78 28 67 59 65 33 51 68 34 29 50 34 23 28 40 10 53 53 48 14 82 32 39 1 88 79 
93 43 69 16 27 7 55 60 62 42 23 35 41 47 7 50 44 46 50 31 10 35 6 80 17 63 52 51 56 19 64 33 39 79 54 31 19 67 11 60 54 32 8 72 51 25 23 76 57 45 80 16 16 55 32 54 96 66 68 12 24 79 26 12 56 72 74 50 26 98 77 54 47 53 86 73 41 65 24 51 70 80 75 76 49 40 51 85 14 41 45 66 39 30 35 31 38 87 55 67 48 37 94 23 57 25 42 6 77 45 69 29 48 16 53 43 74 25 18 77 14 46 81 67 67 34 79 97 
63 27 77 89 100 39 47 31 66 105 64 66 48 99 50 96 56 61 92 87 63 91 84 109 53 80 42 79 84 89 60 89 29 44 103 90 86 97 35 41 80 85 30 97 71 115 30 48 49 23 88 105 68 84 87 4 30 40 99 69 30 104 105 62 36 44 45 94 23 23 74 46 41 44 30 84 48 98 45 79 22 34 97 83 53 69 17 78 62 65 67 78 71 58 83 57 6 74 27 72 100 27 71 77 118 95 88 16 96 51 66 62 81 44 50 39 71 111 15 107 54 66 49 28 68 82 24 
36 29 57 47 36 19 34 52 64 41 50 35 50 13 74 46 55 62 33 39 45 93 53 20 70 25 72 25 84 24 66 41 19 68 30 84 53 42 23 17 37 34 79 37 66 61 17 18 60 49 59 64 21 76 67 47 27 43 26 40 65 54 13 32 32 20 32 77 42 18 30 25 77 36 64 60 61 40 33 44 62 96 69 21 12 50 33 47 3 25 58 13 21 56 15 57 19 36 13 71 76 34 72 67 72 41 47 74 26 35 54 41 18 29 33 18 61 49 56 9 84 24 35 9 91 77 
53 71 76 22 21 10 53 85 47 52 31 76 23 83 43 50 75 62 45 68 83 84 28 70 18 70 57 82 37 75 13 17 85 64 80 76 23 15 53 61 7 85 50 93 34 21 24 30 68 83 60 57 77 31 23 15 74 46 13 84 82 36 13 23 20 67 44 8 47 26 16 53 8 71 44 79 30 54 10 37 93 72 29 42 15 55 48 38 42 64 45 34 67 32 21 48 4 45 84 44 50 69 95 81 65 12 83 27 46 51 60 17 29 17 46 88 15 84 27 68 24 4 42 82 44 
30 22 40 45 46 34 35 25 33 32 22 34 47 35 41 35 10 24 16 76 31 49 49 35 52 13 62 17 41 63 38 39 19 64 24 45 38 24 8 55 53 15 39 63 42 29 65 20 30 48 26 53 80 51 52 22 8 63 36 28 42 56 59 34 26 84 61 43 32 37 74 57 40 53 32 37 59 64 62 75 47 24 39 69 5 32 31 53 35 17 19 31 21 71 44 51 37 43 80 12 52 41 45 12 61 48 55 17 39 13 37 28 58 11 34 62 30 31 73 52 51 20 74 83 
32 51 70 62 24 18 25 24 41 26 59 17 33 32 5 34 26 21 55 41 75 27 54 31 42 37 37 12 84 61 13 45 41 19 54 58 54 25 76 24 22 34 65 67 51 70 10 24 33 55 27 91 59 76 39 31 84 15 31 71 79 84 55 52 88 80 73 45 56 70 78 15 49 10 44 89 82 63 49 23 44 69 86 25 27 60 83 15 47 40 7 45 83 74 68 67 13 82 23 32 37 15 23 75 18 81 26 30 16 60 42 82 40 33 74 33 57 59 78 68 50 54 86 
62 65 69 50 24 43 49 54 7 55 49 53 57 37 13 42 13 87 9 67 59 58 63 22 70 40 45 85 60 34 19 73 14 67 60 34 15 77 56 33 19 84 62 51 87 23 15 62 33 60 103 73 73 7 31 84 28 8 59 77 79 56 24 106 84 56 54 60 94 79 47 72 27 59 71 86 83 82 55 46 54 91 22 49 48 69 46 34 41 38 44 94 57 74 51 41 102 30 64 20 47 13 84 50 73 36 55 23 59 50 79 30 14 84 9 52 88 71 73 38 86 105 
32 12 31 66 25 30 9 60 26 61 21 28 54 50 24 52 63 71 40 48 12 48 48 60 22 53 35 21 65 55 59 58 6 15 49 46 28 63 31 76 25 30 18 26 49 66 38 53 55 41 11 33 62 31 36 65 67 43 33 41 17 61 44 30 53 8 13 41 30 49 25 59 8 65 32 26 71 49 17 47 35 40 26 39 53 42 38 21 45 23 32 54 18 49 62 42 32 47 79 59 49 24 61 43 27 28 42 21 11 37 36 73 23 69 27 50 39 18 37 61 43 
24 58 80 49 57 37 67 11 85 50 58 75 51 47 61 95 72 8 77 21 78 44 90 33 77 22 11 83 50 89 69 36 16 36 53 17 89 48 84 53 3 20 50 64 76 68 40 83 51 39 8 62 40 21 81 73 15 13 14 17 51 65 24 26 30 19 71 17 74 58 76 39 34 26 55 102 77 27 22 32 49 53 19 22 67 31 30 67 25 42 27 23 25 84 65 47 77 86 82 57 33 85 11 45 58 56 12 32 13 35 79 36 74 14 83 7 22 27 94 65 
43 76 37 42 21 69 22 73 33 40 65 56 35 61 74 78 32 60 11 60 53 72 29 65 23 16 76 59 70 68 13 11 50 54 16 75 41 85 28 23 18 26 59 75 49 54 67 34 15 22 68 38 24 75 75 38 22 31 15 64 42 18 49 16 10 47 18 61 35 70 20 58 20 30 83 61 22 44 23 48 38 37 46 54 41 27 57 26 24 50 6 46 74 42 42 59 87 71 57 14 73 33 37 41 51 16 20 26 40 81 15 77 25 60 30 6 38 72 42 
42 10 1 22 45 48 30 10 8 26 44 12 37 42 59 65 18 38 20 48 32 28 22 66 47 38 53 32 39 32 42 56 36 59 32 19 57 41 55 38 46 28 47 13 59 25 68 36 61 54 29 66 40 51 64 63 70 41 61 63 61 70 28 40 45 61 18 24 34 23 85 63 38 44 18 32 65 66 31 5 55 76 11 46 31 17 36 60 71 49 64 33 58 22 19 60 28 36 54 30 69 18 5 26 46 26 67 40 55 52 53 47 39 66 49 47 40 62 
41 42 56 17 69 28 50 50 18 33 42 19 70 29 84 43 66 47 42 52 48 27 96 72 10 42 56 11 69 70 55 27 88 35 34 18 82 77 62 87 17 10 51 55 42 107 75 86 32 40 96 4 18 77 90 94 66 48 105 93 76 59 68 88 90 31 67 8 60 93 95 80 62 39 55 73 99 31 44 66 88 33 51 50 25 55 98 78 81 71 19 100 34 49 21 27 23 90 29 90 39 48 24 71 56 92 46 18 89 20 66 76 87 81 55 69 104 
9 16 39 38 36 10 16 28 35 2 30 52 52 55 29 30 31 38 42 17 28 60 38 39 44 43 35 29 34 45 27 52 39 10 53 42 46 29 46 24 43 24 49 34 66 34 53 46 18 60 39 45 54 55 62 32 51 65 55 59 21 32 51 54 25 29 34 19 75 57 40 55 28 22 54 61 22 7 45 65 18 35 20 20 26 58 60 43 53 37 60 13 30 56 34 29 50 36 60 8 14 19 37 18 59 29 50 49 48 37 48 57 43 36 51 63 
21 44 47 31 9 8 26 43 11 36 43 58 64 20 37 21 47 33 26 23 65 46 38 52 33 39 31 41 55 35 57 33 18 57 40 54 37 46 28 46 14 58 26 67 35 60 53 28 65 40 50 63 62 69 39 60 63 60 68 27 38 46 59 19 25 34 22 84 62 38 46 20 30 63 65 30 4 54 74 12 44 29 18 35 60 70 48 63 34 58 21 21 60 29 35 53 31 68 17 6 25 45 25 65 38 55 51 52 46 40 64 48 46 42 61 
52 28 52 13 21 44 43 14 43 58 64 44 40 16 41 43 53 16 44 44 25 55 49 52 49 13 20 46 38 36 54 22 68 30 34 18 33 39 57 31 50 47 50 19 39 55 24 44 55 58 45 40 48 19 55 51 39 53 6 17 44 38 40 24 50 5 67 41 30 65 41 14 48 44 32 17 39 56 33 35 17 36 20 42 55 27 48 53 48 24 40 70 50 41 33 52 48 18 21 33 25 6 44 31 64 33 60 28 48 44 27 34 57 50 
57 42 50 53 30 17 39 8 81 15 70 53 58 57 26 63 39 38 86 61 27 25 67 7 65 60 38 14 78 49 30 16 81 65 52 85 17 9 56 38 53 102 71 75 14 30 86 21 6 63 79 82 56 31 103 84 60 53 60 90 80 41 68 20 56 76 86 80 75 49 46 58 91 20 45 52 73 40 37 41 32 44 93 61 74 55 34 99 28 58 18 40 11 83 43 76 34 50 19 60 49 81 32 12 84 8 53 83 74 73 41 80 102 
74 41 49 64 42 36 50 87 63 17 67 13 68 35 80 22 66 29 6 72 41 80 58 31 11 30 43 22 78 37 74 49 8 10 48 53 65 59 34 73 54 35 17 53 29 29 70 62 17 21 25 8 44 64 29 27 22 13 67 24 63 51 65 31 39 31 51 92 67 16 22 37 38 43 15 28 56 22 19 57 14 44 28 23 24 73 64 36 67 75 72 47 34 74 21 34 49 45 6 22 23 25 69 36 64 4 76 18 22 19 85 64 
40 35 12 51 38 38 43 56 91 19 66 23 60 24 51 8 96 74 18 62 29 34 62 70 71 43 88 7 37 46 69 82 65 75 28 37 31 73 15 97 66 89 56 47 96 24 45 87 91 98 68 70 91 91 90 57 68 69 90 12 51 21 53 106 93 66 34 15 57 86 96 42 35 77 99 19 64 55 17 60 91 91 79 84 9 85 39 25 49 2 40 84 1 96 40 34 34 73 54 95 57 46 83 47 72 53 92 79 66 43 89 
8 35 45 11 41 46 63 57 27 29 28 48 39 23 32 57 39 47 54 39 45 22 34 53 38 49 42 20 64 32 48 31 37 34 53 18 57 34 58 26 52 56 28 57 48 56 58 54 61 33 61 55 51 64 19 31 40 51 28 18 42 13 79 53 30 51 28 25 59 56 32 5 50 69 21 43 25 26 31 50 66 39 59 43 50 23 26 67 38 39 44 40 61 18 8 30 38 18 57 37 61 42 58 41 39 57 39 43 45 53 
33 51 17 44 38 67 66 20 37 20 54 31 31 28 64 47 45 60 31 47 28 42 61 43 56 36 26 65 34 56 39 39 36 55 10 64 27 62 31 60 61 34 64 48 59 66 61 69 41 67 56 58 73 28 39 37 58 23 16 42 20 87 59 31 43 22 34 68 62 38 9 58 77 18 50 34 25 39 55 74 46 67 40 50 29 18 68 34 43 50 35 69 24 2 33 46 26 65 45 63 48 61 49 32 66 46 51 36 54 
39 30 25 52 44 80 24 58 28 47 34 41 9 88 65 12 49 38 22 56 62 59 30 80 19 26 36 67 72 55 72 15 27 32 60 24 93 61 80 43 36 88 15 34 76 83 88 59 57 89 83 78 49 60 70 82 12 50 11 47 94 85 64 45 20 48 74 89 30 29 65 87 15 51 44 8 50 86 79 71 72 9 84 28 30 39 10 27 78 13 85 30 31 21 64 46 86 45 36 77 36 61 57 82 71 55 51 88 
34 14 84 22 53 57 45 60 9 69 28 46 71 46 40 10 72 21 56 47 22 8 64 58 25 32 73 49 38 76 23 26 57 22 59 90 61 59 12 19 71 35 21 46 63 65 42 18 95 70 43 42 46 85 65 46 64 33 48 60 72 73 82 54 33 41 78 13 42 35 56 43 20 29 37 30 81 45 60 38 46 91 22 61 34 49 11 71 52 60 27 49 19 45 39 65 17 27 72 22 38 83 57 60 24 83 94 
31 54 52 53 31 28 33 37 44 15 30 58 36 40 43 45 36 27 32 44 27 50 42 9 54 42 44 26 45 25 43 25 47 36 65 33 51 45 17 58 41 46 52 53 59 30 50 64 53 57 19 30 51 52 27 30 35 18 72 55 40 57 30 20 52 59 21 8 43 63 20 33 18 22 24 56 58 41 51 39 60 12 32 57 36 29 48 38 58 7 15 20 35 16 56 27 51 47 48 35 49 54 41 34 53 63 
74 22 65 46 50 50 23 58 31 33 79 54 26 24 61 8 57 53 36 8 71 45 21 24 73 58 44 76 10 14 49 37 48 93 62 68 18 22 79 21 15 58 72 75 49 31 95 76 57 45 52 81 73 35 60 18 48 74 79 71 70 42 38 54 84 13 36 47 69 33 32 34 25 37 85 58 66 51 31 91 19 51 27 36 4 75 39 71 25 42 11 53 41 74 27 20 75 17 47 75 68 65 36 73 94 
96 103 28 74 24 90 19 69 43 96 84 61 94 14 74 60 78 98 75 90 37 61 88 54 93 77 61 64 79 28 101 28 83 60 96 93 71 97 66 86 104 96 105 78 102 69 89 111 65 75 42 92 40 38 63 55 125 90 50 17 32 72 106 91 72 46 96 115 41 88 72 49 77 80 112 79 105 52 62 64 23 91 44 75 78 42 106 60 39 65 83 64 100 82 88 75 88 87 19 102 79 89 1 67 
74 68 67 72 28 78 49 53 93 68 39 23 82 22 77 69 38 25 85 63 42 17 94 70 60 97 32 19 71 37 68 112 83 80 10 40 92 33 10 65 85 86 64 26 115 92 60 63 68 104 87 56 82 34 68 75 94 93 90 64 55 58 100 31 59 54 73 55 41 50 47 52 103 61 82 55 48 112 40 73 16 54 23 93 57 80 46 65 33 67 60 86 38 12 94 9 59 98 78 82 45 95 114 
84 29 85 45 97 39 83 26 19 87 50 97 73 44 24 36 57 23 95 54 86 61 9 26 57 68 79 76 39 90 57 47 13 63 44 25 85 75 10 17 13 24 51 72 30 21 38 27 79 23 80 66 80 47 26 31 63 109 84 33 18 37 53 60 19 14 73 33 36 73 30 49 21 30 21 89 72 52 84 88 88 61 40 91 6 50 65 60 19 39 16 38 81 43 76 18 91 5 29 29 101 72 
56 4 63 13 46 16 84 66 35 67 15 46 48 61 72 48 76 17 35 61 51 74 57 58 36 51 12 75 7 81 51 80 65 46 84 40 58 83 81 89 59 75 72 78 88 47 58 49 78 12 33 35 40 104 80 48 26 4 51 83 82 45 24 74 94 13 63 49 21 55 75 89 66 82 27 66 38 5 64 19 47 70 19 88 36 19 37 65 45 85 57 60 68 60 66 33 85 66 65 27 70 
57 41 69 18 58 30 9 67 48 68 57 17 4 39 43 22 69 32 74 36 19 7 35 49 65 47 43 63 45 22 23 57 27 30 66 64 31 25 32 5 52 53 26 41 9 2 53 24 55 37 61 18 53 28 37 81 57 11 35 33 37 32 28 41 48 29 16 50 15 36 42 15 37 67 51 32 56 77 64 47 26 66 32 28 37 42 9 12 28 29 70 27 66 16 62 28 15 27 72 52 
66 11 48 20 84 67 39 71 12 50 48 62 75 51 77 20 38 65 49 76 58 56 40 55 11 78 8 79 50 80 68 49 84 44 62 85 82 89 61 78 70 78 90 47 59 46 79 16 31 40 40 106 79 46 24 8 52 85 81 48 25 76 96 17 66 51 25 57 74 92 66 85 31 63 41 2 68 23 50 69 22 89 38 20 41 66 46 86 59 64 67 64 68 29 86 66 67 23 68 
76 26 54 65 41 49 6 78 31 54 42 12 17 58 66 29 41 73 42 34 74 31 35 62 13 66 87 60 52 17 20 64 45 30 37 57 58 38 13 93 65 34 40 42 86 60 54 66 42 48 50 67 73 89 60 31 32 72 18 45 26 47 49 13 26 44 26 77 35 56 29 54 90 25 66 42 58 20 67 60 52 30 52 26 40 37 58 12 36 68 31 31 86 49 55 17 88 92 
60 25 95 78 42 80 5 56 59 73 86 60 88 18 48 70 59 87 70 66 47 61 22 89 10 89 61 92 76 59 96 48 68 96 93 101 72 88 78 89 101 59 71 52 90 23 41 45 52 117 90 55 12 15 64 96 92 58 37 87 108 26 76 63 32 68 84 103 77 96 33 71 51 13 73 25 59 80 23 101 49 31 50 78 57 97 70 70 77 70 79 32 97 78 78 18 76 
44 48 24 50 33 60 39 28 21 30 25 40 56 15 56 46 30 14 48 31 46 41 34 52 62 34 39 40 9 48 48 45 36 42 47 18 39 67 45 41 14 20 60 42 41 40 43 21 57 47 46 72 45 7 36 52 18 23 27 48 34 19 3 34 8 53 43 34 36 50 64 14 48 58 49 28 44 52 44 11 30 23 23 11 45 15 51 44 47 20 62 41 34 19 68 66 
88 66 19 57 29 31 54 62 65 37 80 12 29 45 62 74 57 68 23 36 25 67 15 90 58 81 52 40 88 24 43 80 83 90 60 64 84 83 83 49 60 63 82 5 44 20 45 99 85 59 36 11 50 78 88 36 27 69 91 11 57 47 10 52 83 84 71 77 12 78 31 21 48 6 35 76 8 88 32 26 27 65 46 87 50 45 75 45 64 49 84 71 59 42 83 
25 97 71 94 86 36 26 58 71 8 98 62 103 45 24 34 40 79 94 73 62 91 33 36 13 82 56 1 96 92 36 8 15 30 73 50 7 47 39 28 64 6 84 57 91 44 50 7 49 106 85 41 43 12 66 61 41 38 77 52 45 80 41 25 47 18 47 97 52 62 82 105 94 75 20 96 22 58 64 71 26 42 10 54 98 23 93 33 81 21 17 48 95 50 
74 47 78 62 26 5 36 46 17 78 39 78 43 9 10 42 55 69 57 40 72 47 30 15 58 31 24 72 67 22 18 23 6 50 58 24 33 19 8 61 19 63 47 67 28 43 26 45 90 66 17 28 31 41 42 21 32 56 28 21 57 16 38 34 17 30 74 58 38 66 80 72 50 28 74 22 35 47 47 1 21 21 29 73 30 68 10 72 18 16 24 82 58 
50 46 19 68 71 62 33 89 25 35 28 79 80 64 84 19 20 44 63 32 105 72 89 41 43 97 6 29 82 92 97 68 57 101 93 83 59 69 82 91 23 62 7 58 99 95 76 52 30 57 79 99 35 41 71 93 27 56 53 20 58 97 84 82 77 9 96 36 41 31 17 29 89 19 93 39 43 27 73 56 95 50 28 88 30 69 68 90 81 60 60 100 
83 31 61 49 15 19 64 69 34 38 80 47 40 81 34 34 67 14 70 93 67 58 13 26 70 45 27 41 63 63 44 7 100 71 37 47 49 93 66 57 72 43 54 52 73 79 93 64 38 35 79 22 51 31 50 53 19 33 47 33 84 38 63 32 56 97 31 71 39 60 22 74 63 57 36 58 29 46 44 64 19 33 75 28 37 92 55 62 22 93 99 
60 57 73 87 63 87 23 50 74 56 87 70 63 50 65 21 90 14 86 58 91 80 61 94 52 72 96 92 100 72 90 74 87 102 59 70 48 89 26 38 49 51 118 89 52 12 18 64 97 90 60 37 88 108 29 78 63 35 69 81 104 76 97 38 67 53 12 77 29 62 78 28 100 50 31 53 77 57 96 72 74 75 74 80 27 97 76 79 13 72 
63 60 43 16 79 41 27 18 77 66 52 82 11 7 50 44 46 100 68 76 22 30 86 14 12 66 80 83 56 37 100 84 65 51 59 85 80 34 64 13 53 81 86 76 67 42 46 62 91 20 40 55 76 33 40 41 25 45 91 66 73 59 26 95 26 51 21 32 12 82 35 79 31 45 16 61 48 82 35 15 82 14 55 77 76 72 44 73 99 
20 55 51 30 64 36 81 19 35 24 20 53 71 37 59 55 37 5 36 68 36 37 68 72 49 35 44 22 67 38 30 58 13 18 35 31 50 21 63 9 70 31 20 70 50 23 53 34 45 27 45 58 43 44 27 48 29 29 59 18 54 65 36 37 46 84 60 54 22 62 46 31 29 46 26 17 40 42 77 20 74 33 46 43 19 43 59 38 
39 46 18 74 36 77 38 15 8 37 53 68 52 43 67 44 24 18 58 30 26 70 66 28 21 27 4 53 54 23 38 14 2 56 20 59 41 64 22 49 25 40 85 61 14 33 31 40 37 26 38 52 30 19 54 16 35 39 14 35 71 53 35 60 79 68 49 25 71 27 32 42 45 5 16 24 30 72 26 68 14 66 24 13 27 77 53 
29 52 77 37 53 74 34 32 74 43 48 69 4 77 84 61 45 28 26 58 57 42 26 50 49 35 15 93 59 22 42 40 90 53 64 70 54 51 38 61 75 99 70 32 20 67 29 52 17 35 59 11 29 55 26 74 23 53 17 66 91 34 75 54 69 32 64 72 42 37 59 37 35 40 50 16 48 66 43 26 92 40 52 12 97 92 
64 49 17 31 68 50 37 71 14 22 49 30 50 87 57 60 18 15 71 29 20 50 64 67 42 27 90 69 49 38 45 79 65 38 57 25 43 66 72 67 73 45 31 46 77 6 34 39 61 34 24 26 28 30 78 51 59 44 37 86 15 52 33 41 4 69 43 63 21 41 10 45 35 66 19 26 69 22 39 75 60 58 28 74 89 
91 54 95 41 18 26 37 71 86 66 56 83 34 30 10 75 48 8 88 84 32 6 16 22 67 49 7 43 31 20 60 2 76 51 83 36 49 9 44 99 77 32 39 15 58 53 36 37 69 45 37 72 34 26 44 11 42 89 50 54 75 97 86 67 17 88 21 50 57 63 18 34 10 47 90 20 86 26 75 19 10 41 89 49 
42 53 68 86 68 75 35 44 29 79 11 98 67 93 63 53 98 31 52 92 95 101 72 76 90 93 96 60 71 66 93 14 50 29 55 112 95 65 27 14 62 91 98 48 37 82 104 21 69 59 22 65 91 97 81 90 16 83 44 22 56 8 47 86 6 100 44 35 40 77 57 98 63 53 84 54 76 48 96 81 72 37 88 
45 51 45 29 55 17 34 32 40 39 73 41 54 35 11 62 34 36 50 57 62 33 41 73 58 54 25 34 61 56 27 39 28 26 70 61 50 61 33 22 49 65 12 17 40 62 21 28 18 19 23 64 55 47 48 35 69 3 38 48 34 19 55 37 59 4 24 10 38 21 60 22 41 55 38 35 58 56 47 30 59 72 
96 81 68 100 29 10 67 52 60 118 87 91 25 47 102 22 11 78 95 98 73 42 118 101 75 69 76 103 97 49 82 25 72 90 103 94 80 57 63 73 108 37 58 67 88 50 52 58 41 61 109 76 90 70 37 114 44 66 3 45 27 100 47 92 49 63 34 77 65 97 49 5 100 10 70 93 90 90 57 87 117 
52 43 7 67 85 39 78 58 30 14 50 85 54 46 81 88 66 48 57 41 85 22 38 76 32 36 18 42 57 18 75 25 87 38 4 67 54 42 71 38 62 38 64 75 51 63 46 58 48 26 78 30 73 74 18 53 47 99 68 70 26 69 61 47 35 62 43 35 52 61 93 22 90 52 36 58 31 62 52 21 
17 49 61 73 66 38 80 52 38 10 59 37 23 78 70 15 15 17 15 49 65 25 26 28 17 70 19 71 56 73 37 35 27 54 99 74 24 21 33 46 50 17 23 64 29 27 65 22 43 27 23 24 81 65 44 74 83 80 54 33 82 13 42 56 53 9 29 16 32 76 36 71 11 81 10 22 25 91 65 
42 45 59 49 36 63 53 29 25 50 22 34 62 58 27 28 33 4 45 60 32 35 12 8 59 28 54 42 57 22 48 34 44 82 57 7 30 39 31 33 21 38 47 22 11 47 7 43 36 22 31 64 59 28 57 71 62 41 33 65 31 25 39 37 9 12 31 21 64 34 60 10 67 27 21 19 75 60 
71 89 45 79 65 23 14 46 88 56 41 86 91 64 43 53 40 86 18 32 75 34 35 24 38 63 25 80 28 84 33 11 74 61 43 70 32 65 43 63 72 57 64 47 64 49 19 76 27 72 80 16 56 54 103 74 74 20 75 57 51 41 65 42 37 47 62 97 17 93 51 43 55 28 62 59 17 
18 39 45 37 90 58 70 29 24 79 17 22 63 73 78 49 41 89 76 63 42 51 74 73 24 53 12 43 80 78 65 59 32 38 60 82 15 29 52 74 23 37 34 15 39 81 65 64 58 23 85 17 41 32 26 12 73 29 74 21 34 8 54 39 76 31 26 72 25 50 66 71 64 41 63 88 
57 48 51 108 76 83 23 37 93 14 8 72 87 90 64 39 108 91 70 59 67 92 88 39 71 16 61 86 94 83 71 47 53 67 98 27 48 61 82 39 46 48 31 52 99 71 80 64 29 103 33 56 13 36 18 90 38 85 39 52 24 68 55 89 41 9 90 9 62 83 82 80 50 78 106 
73 19 68 39 70 67 43 74 48 62 76 71 79 51 74 60 67 82 38 49 38 68 20 20 42 29 97 68 35 33 15 43 77 70 44 17 68 87 17 59 43 26 49 63 84 55 77 37 54 36 9 70 30 49 58 30 79 32 10 39 56 36 75 53 66 56 64 59 26 76 55 60 27 58 
79 88 65 48 27 30 61 58 41 29 53 52 39 12 97 63 23 46 44 94 57 67 74 55 55 38 65 79 101 73 36 22 71 31 55 20 36 62 15 33 57 30 78 24 57 18 68 95 37 78 53 71 33 68 74 45 40 63 39 39 44 53 19 47 70 42 30 96 43 56 16 100 96 
87 58 86 66 50 91 38 58 88 88 95 66 78 79 85 93 53 65 55 85 13 40 35 47 109 86 54 22 6 56 88 89 48 30 79 100 17 67 55 22 61 82 94 73 87 24 72 42 11 63 15 49 77 14 94 41 26 40 71 51 92 61 60 75 60 72 37 91 73 70 27 77 
32 44 102 72 34 106 108 66 40 48 49 97 19 27 78 48 44 43 34 85 48 100 47 83 26 34 97 83 56 73 21 81 64 69 71 79 75 61 85 60 9 78 30 76 101 25 74 77 120 96 90 19 97 55 68 63 83 48 52 43 74 114 18 110 58 65 53 31 72 82 21 
37 74 42 36 73 77 52 36 46 27 72 33 29 62 19 22 31 32 54 21 68 15 73 30 15 71 53 29 57 31 51 31 50 61 47 50 33 52 34 24 64 19 59 69 30 43 48 89 64 60 19 66 49 37 32 52 29 22 41 48 83 17 79 38 45 45 19 48 59 32 
70 46 12 87 80 22 5 8 21 60 59 17 34 33 21 68 10 78 58 82 40 39 18 53 104 80 32 30 24 55 56 28 27 71 39 36 72 31 36 34 19 33 89 60 53 79 93 87 64 27 89 11 50 60 62 16 35 6 42 86 30 82 21 82 9 18 35 94 59 
31 82 36 15 54 74 75 54 17 107 82 50 54 58 97 77 53 75 35 60 65 84 85 88 61 46 48 89 24 52 43 63 51 30 41 44 42 93 51 72 45 49 103 33 69 26 54 18 83 57 69 38 59 28 57 51 76 28 20 84 15 48 93 67 72 34 91 106 
56 41 36 39 50 54 26 33 75 54 42 23 29 67 50 39 46 36 29 59 56 54 72 44 16 38 61 9 25 29 51 33 17 11 30 15 63 44 43 37 45 72 8 48 49 45 19 53 48 50 10 33 16 30 20 52 10 42 53 38 26 66 47 43 19 70 74 
96 91 35 7 14 29 72 51 8 46 39 28 65 6 84 58 91 44 49 8 50 107 85 40 43 13 66 61 41 37 77 51 45 80 41 26 47 18 46 97 53 61 83 104 94 75 20 96 21 58 65 71 25 42 9 54 98 24 93 33 82 20 18 48 95 51 
22 79 90 95 66 52 103 93 79 59 68 85 90 28 65 5 59 95 95 78 58 35 55 75 99 32 42 68 90 30 53 51 22 56 97 80 81 73 15 98 34 45 25 23 25 89 25 91 38 45 25 71 55 93 47 22 89 24 67 73 88 81 57 66 102 
67 84 87 62 32 110 90 64 59 66 96 86 46 75 23 63 79 92 86 79 54 52 62 97 27 51 56 77 45 41 47 37 50 99 65 80 59 37 106 34 63 13 44 17 90 46 81 40 57 26 66 55 86 37 6 90 2 59 89 79 79 45 85 109 
27 24 26 41 80 39 11 39 31 84 32 78 69 74 49 21 41 68 109 82 32 7 47 47 59 11 11 71 26 33 70 27 57 12 38 11 85 80 48 84 79 85 54 48 88 16 48 65 55 23 39 26 31 73 51 68 17 94 15 37 22 102 80 
9 24 65 55 13 39 34 23 67 6 80 57 85 41 43 14 51 105 82 35 35 19 59 57 33 31 73 44 39 75 34 32 39 17 38 92 57 56 80 97 89 68 24 92 15 53 62 65 19 37 4 47 91 27 86 25 82 13 16 40 94 56 
29 64 64 21 34 42 30 76 15 87 66 90 49 35 22 60 113 89 40 31 27 63 65 32 24 80 45 44 81 39 40 34 27 35 97 66 61 88 100 96 71 33 98 8 58 69 70 24 44 5 49 93 36 88 28 91 8 26 41 103 65 
48 57 27 36 13 5 58 24 57 42 61 22 48 30 42 84 60 11 30 35 36 35 23 37 50 26 15 51 12 39 37 18 32 68 56 32 59 75 66 45 29 68 28 29 41 41 5 14 27 26 68 30 64 11 67 25 17 23 77 57 
105 74 34 53 53 99 68 65 79 50 61 49 76 85 100 72 43 34 82 30 58 32 48 61 22 39 55 38 88 35 67 30 63 103 38 79 42 68 29 78 70 57 43 65 37 50 50 65 24 37 79 32 40 99 55 66 25 101 104 
43 91 52 52 27 49 79 39 97 47 98 42 25 84 76 62 86 39 84 60 80 86 74 82 66 81 67 24 92 42 88 96 7 75 68 121 89 92 32 90 70 69 58 84 58 55 59 81 115 29 112 68 50 68 43 80 68 2 
51 34 24 56 7 79 50 87 38 56 2 41 99 79 38 47 7 63 56 43 44 72 52 42 75 39 19 51 12 50 92 45 58 76 103 89 73 12 91 28 54 58 68 24 37 16 53 96 15 92 33 73 26 12 48 88 43 
47 40 94 44 81 78 75 57 16 52 78 114 87 39 5 58 48 65 14 13 75 26 39 73 33 69 1 49 5 86 91 51 90 76 88 53 59 90 26 52 72 56 33 47 37 32 70 62 65 25 102 26 48 23 109 91 
11 48 33 45 30 53 9 61 36 33 71 47 10 42 40 32 23 33 50 38 31 13 41 16 40 49 22 43 58 49 25 46 72 55 41 30 57 41 20 27 35 18 3 38 28 65 30 61 22 54 38 22 30 63 51 
53 22 57 38 63 19 52 26 37 83 59 13 35 31 39 34 28 40 50 30 18 52 16 35 41 14 37 69 51 34 58 78 66 48 24 68 30 30 39 43 8 14 26 30 72 26 67 16 63 27 13 28 74 52 
61 58 21 80 39 105 57 16 57 53 58 89 55 73 45 81 93 54 79 61 62 64 42 95 49 90 75 20 63 44 106 68 80 44 68 80 58 39 70 61 50 71 75 101 41 98 69 23 77 50 78 41 25 
78 53 85 38 49 8 46 101 79 34 40 14 60 55 37 37 71 47 39 74 35 26 44 13 43 91 51 56 77 99 88 69 18 90 21 52 59 65 20 36 9 48 92 21 88 28 77 19 12 43 90 50 
39 23 41 98 81 54 35 8 47 77 84 35 23 68 89 7 55 44 9 50 78 83 67 76 17 73 30 17 52 10 36 72 12 85 30 22 27 62 42 83 49 48 70 48 62 45 81 67 58 39 78 
59 20 90 51 14 50 36 39 72 52 51 23 63 79 34 59 41 42 45 43 79 40 73 56 33 42 29 85 50 58 40 50 68 36 19 49 46 31 61 55 79 37 77 52 25 65 40 59 37 38 
53 91 89 72 55 31 50 71 93 27 37 64 86 25 49 46 17 51 92 76 75 69 13 92 29 41 28 20 21 83 22 86 32 40 20 66 50 88 43 25 83 25 62 68 83 75 52 62 96 
71 40 25 63 41 19 52 43 36 18 43 60 34 40 22 38 25 39 59 26 53 55 43 28 39 74 51 45 31 53 50 22 20 37 27 11 45 36 68 30 65 32 44 46 26 39 54 46 
57 89 130 102 53 20 62 64 80 29 12 91 42 54 89 48 75 15 57 22 103 99 67 105 91 104 70 66 107 28 68 87 73 44 61 40 49 85 69 80 38 115 30 56 39 124 98 
42 101 81 40 48 5 66 58 45 45 74 54 45 77 42 18 53 14 51 94 45 61 78 105 91 75 12 93 29 56 60 70 27 39 17 55 98 16 94 36 74 27 14 50 89 43 
63 51 43 73 42 61 36 65 77 49 64 46 56 49 30 79 33 74 71 19 52 43 97 64 69 30 65 64 46 33 60 45 35 55 61 91 26 88 53 32 61 34 63 48 23 
28 76 109 102 70 49 100 120 39 89 75 45 81 93 116 88 108 43 77 64 25 83 35 71 90 33 113 62 43 63 90 70 109 83 80 87 81 92 35 109 89 91 17 82 
50 82 84 42 24 73 94 11 61 48 17 54 77 88 67 81 23 69 36 10 60 14 43 72 15 88 34 21 34 65 45 86 55 56 70 56 66 38 85 67 63 31 74 
34 45 25 27 25 43 40 21 5 40 6 47 40 27 34 57 59 21 51 65 55 35 37 58 38 18 33 30 16 8 38 18 58 38 54 15 63 34 26 20 70 61 
54 44 60 9 15 71 22 34 68 28 64 6 44 3 82 86 46 84 74 83 50 54 86 24 47 67 52 28 42 34 28 68 57 63 19 97 23 43 19 104 86 
71 61 51 50 77 60 50 81 47 14 59 18 57 98 42 65 80 110 94 80 12 96 34 61 63 75 32 43 22 61 103 15 99 41 74 32 18 56 90 39 
29 36 58 31 21 21 26 24 72 49 53 42 38 80 9 48 39 40 9 63 43 59 14 36 8 40 29 61 15 33 63 29 35 70 56 52 25 70 82 
51 70 16 42 26 21 31 56 66 44 60 37 55 20 24 61 33 35 49 35 64 15 7 25 41 21 61 36 56 48 53 42 41 60 44 43 44 59 
22 62 15 24 60 19 59 15 38 9 74 79 38 75 69 75 43 49 77 25 38 57 44 21 33 33 20 62 51 57 12 88 23 37 11 95 79 
83 36 45 81 39 63 13 45 18 96 87 59 95 89 97 65 54 99 16 59 77 66 32 50 28 42 83 57 78 28 104 18 44 33 114 86 
50 38 8 43 72 77 60 70 22 68 24 18 53 17 33 65 19 78 23 16 24 55 35 76 43 48 64 47 55 43 75 60 52 40 72 
18 47 15 65 27 44 20 60 80 25 65 54 61 28 55 64 39 27 49 30 27 29 45 6 48 56 43 18 82 37 43 4 86 82 
37 5 52 40 32 33 53 63 17 50 60 52 30 42 55 41 14 33 26 20 11 42 14 53 43 49 17 64 37 31 17 70 65 
43 77 74 63 67 17 75 21 26 44 15 26 70 17 78 22 23 18 56 38 78 40 40 68 39 55 52 75 63 49 48 79 
51 35 30 28 59 65 22 56 63 58 33 41 61 35 20 38 31 15 14 37 14 56 42 52 11 69 32 29 14 76 66 
70 21 67 94 27 65 72 112 89 81 10 90 47 60 56 75 38 43 35 65 105 9 101 48 62 45 22 62 79 25 
50 7 88 92 52 91 77 89 55 60 92 26 53 73 58 34 48 38 34 71 63 66 26 103 26 49 25 111 92 
46 80 42 47 64 92 77 62 11 79 30 43 46 57 17 25 21 44 86 13 82 27 64 27 1 41 77 42 
80 88 45 84 71 82 48 57 85 27 46 66 51 30 42 37 26 65 60 60 21 97 26 45 17 104 88 
90 37 33 40 8 34 87 10 94 39 38 29 73 55 95 54 37 85 38 70 61 91 80 63 51 94 
71 61 117 83 88 33 84 72 65 52 80 58 52 61 78 111 30 108 67 43 69 43 78 61 5 
41 46 37 17 56 39 57 5 27 9 37 21 59 19 40 56 36 33 61 54 47 27 62 74 
70 25 51 67 24 88 38 18 41 65 45 84 59 65 65 65 67 27 84 65 67 22 66 
48 30 102 50 94 52 66 37 79 68 99 50 6 102 11 72 97 91 92 58 90 120 
38 82 2 93 37 32 31 71 52 93 55 45 81 45 70 52 90 77 64 43 88 
72 41 67 23 41 10 49 38 70 23 23 72 19 43 75 64 62 32 73 91 
84 38 51 51 66 28 34 27 55 96 3 92 38 62 36 12 52 77 32 
96 40 33 34 73 54 95 58 47 82 48 72 52 93 79 67 42 89 
56 69 66 23 43 12 44 87 42 82 24 93 3 29 35 104 71 
22 15 34 17 56 21 45 51 42 32 56 52 42 29 59 68 
31 46 26 65 43 61 49 59 48 34 66 47 50 37 56 
46 31 68 24 31 66 28 42 65 63 57 33 64 83 
20 22 28 72 30 67 9 71 19 16 24 82 58 
41 25 61 34 58 22 55 39 25 28 63 55 
48 92 31 88 27 86 11 21 41 99 59 
44 56 39 21 76 41 43 9 80 80 
96 5 65 92 85 85 52 87 114 
92 40 59 39 14 54 74 29 
60 91 80 81 47 87 111 
77 21 26 14 85 67 
90 65 82 18 48 
26 33 101 68 
40 78 43 
87 80 
66 
