100 4
38 21 46 50 32 73 49 51 43 44 41 30 26 37 67 38 17 24 49 37 21 71 57 28 61 14 55 40 24 22 72 36 51 17 45 18 16 65 10 61 25 16 34 18 66 11 43 49 54 25 25 31 50 38 28 33 19 58 43 45 42 43 32 41 57 41 44 3 28 44 30 53 15 58 55 49 9 38 46 59 42 57 44 47 19 46 25 40 50 17 56 36 59 20 31 63 26 41 40 
25 58 52 54 35 11 53 82 12 47 38 13 75 72 34 41 22 58 61 53 34 22 14 24 41 56 71 21 58 74 47 19 55 58 20 34 26 27 63 52 29 16 20 29 27 52 51 32 63 58 70 54 34 13 14 57 68 81 29 66 80 17 28 21 40 76 40 50 49 51 54 48 69 69 28 32 22 45 66 59 25 38 85 31 70 15 27 21 39 21 49 29 48 50 28 65 27 76 
36 60 29 60 34 61 61 36 53 41 20 57 54 19 34 3 37 55 42 59 47 23 43 16 39 46 4 43 58 24 32 34 35 15 29 50 15 46 44 5 14 17 49 17 56 59 52 42 34 49 61 44 23 29 40 47 61 24 61 63 30 20 47 49 51 21 25 55 26 37 25 48 71 47 12 17 55 72 35 49 50 63 29 45 10 19 44 14 46 50 53 39 26 44 46 20 51 
95 17 88 63 96 66 70 86 74 56 66 21 25 63 37 4 83 66 88 80 59 67 32 15 33 38 62 27 11 54 48 1 51 61 77 48 18 71 35 42 52 72 50 89 94 88 49 35 57 95 79 59 65 58 12 66 35 88 74 66 32 79 84 38 44 20 89 17 14 36 12 102 83 40 37 90 105 7 83 85 62 62 21 45 33 78 29 79 83 87 66 16 64 59 33 45 
82 69 60 1 77 45 9 20 43 68 114 79 34 61 97 30 41 64 52 41 72 64 100 89 60 50 119 84 72 60 94 45 34 68 46 107 35 60 64 43 76 44 10 1 32 68 73 69 2 18 41 38 53 107 76 79 31 67 35 76 54 12 92 53 78 6 80 98 65 107 21 32 55 71 7 14 92 48 14 85 32 97 55 75 41 66 51 16 44 36 81 78 61 76 86 
88 62 83 49 65 73 62 49 48 38 29 49 32 21 67 50 87 76 52 69 18 32 20 32 45 44 14 56 30 16 42 48 78 37 35 55 26 40 43 75 39 75 81 81 31 18 39 82 68 52 58 41 28 49 40 72 57 58 36 76 72 25 29 4 76 3 30 19 28 87 76 27 38 78 91 11 79 75 46 50 16 39 36 73 17 75 69 82 51 4 68 41 37 30 
26 69 117 30 68 64 47 110 98 63 73 57 87 89 85 5 18 46 22 76 82 106 56 91 98 78 35 90 88 55 66 11 62 89 83 65 48 55 20 62 73 68 37 99 94 105 71 55 45 42 91 96 116 54 93 114 44 55 17 60 111 75 85 69 85 81 84 98 90 37 68 51 62 83 91 21 55 121 62 104 50 54 29 74 19 73 25 79 84 27 99 54 111 
60 93 15 56 48 24 86 74 38 52 30 63 71 64 25 18 24 13 50 58 80 30 69 76 52 14 65 63 31 45 16 38 66 63 39 21 31 18 38 61 59 34 74 68 80 62 42 23 24 68 72 92 30 76 91 27 31 16 49 85 51 59 58 58 57 58 74 78 31 43 26 53 74 65 22 46 96 42 77 24 30 22 48 17 59 27 59 58 18 76 30 85 
78 45 10 21 44 69 115 79 35 62 98 31 42 64 52 41 72 65 101 90 61 51 119 84 73 61 95 46 35 68 47 108 36 61 65 44 77 45 11 2 32 69 74 70 2 18 42 38 54 108 77 80 32 68 35 77 54 12 93 54 79 7 81 99 66 108 21 32 56 72 7 14 93 48 14 86 33 98 55 76 41 67 51 17 44 37 82 78 62 76 87 
87 68 62 70 9 85 74 47 65 70 48 37 114 100 71 104 45 81 34 65 28 92 62 94 27 65 62 53 109 54 84 42 55 76 62 110 55 66 76 94 19 31 12 75 73 72 76 26 75 1 83 50 13 74 79 101 73 32 42 48 71 51 79 36 73 69 89 50 78 76 78 59 100 78 9 57 50 68 78 92 49 99 61 101 43 52 106 18 79 23 
42 34 18 80 85 46 43 34 71 59 55 26 12 16 27 50 68 80 33 61 87 59 29 61 70 26 35 24 34 76 53 40 29 26 32 33 47 43 20 70 67 76 46 28 15 12 61 80 87 42 64 84 14 41 13 34 86 47 61 43 62 67 57 82 64 16 41 35 37 59 71 13 30 92 32 81 26 39 8 49 11 45 17 49 62 33 70 40 84 
12 37 59 106 71 25 53 89 24 32 64 50 34 69 55 92 79 53 41 111 75 67 51 86 37 25 66 38 99 26 51 57 36 74 36 5 8 33 59 64 60 8 14 35 32 44 98 67 72 26 59 30 69 52 8 83 44 69 3 72 90 55 99 22 31 46 64 8 19 83 47 13 76 24 88 48 68 39 57 49 7 44 27 72 74 52 69 77 
26 54 94 59 16 42 77 25 25 59 45 24 61 43 80 69 41 34 99 63 57 42 74 25 13 59 26 87 21 39 46 24 66 24 15 19 32 50 54 52 20 10 25 24 36 86 61 61 29 55 21 58 47 11 73 33 58 15 60 78 45 87 31 29 34 53 16 31 72 43 15 69 12 76 36 56 34 45 44 11 42 19 60 66 45 57 68 
63 73 36 28 19 57 48 39 44 31 3 37 32 58 63 18 44 77 44 32 43 56 8 20 39 15 66 39 23 20 7 43 14 41 42 32 52 49 58 44 25 3 9 44 67 69 35 53 67 9 33 31 31 68 28 45 39 46 56 39 68 58 27 23 27 36 56 55 31 31 74 18 65 12 31 24 32 29 37 34 34 46 41 52 32 66 
86 71 39 60 70 39 28 107 93 64 98 41 80 37 60 19 93 61 89 22 65 55 45 102 48 84 33 51 71 55 104 48 57 67 85 17 30 9 66 64 65 68 19 76 8 79 41 8 66 75 94 64 36 36 47 62 50 78 33 74 60 81 45 74 68 69 59 92 69 18 49 52 63 74 84 45 91 52 93 34 51 100 10 75 27 
38 84 54 17 104 87 99 92 76 76 53 16 51 55 83 7 31 63 69 21 69 81 87 68 9 92 54 55 71 79 70 109 113 104 69 56 77 115 98 76 82 79 10 85 44 109 94 83 44 91 103 55 65 41 109 38 17 57 12 123 99 60 49 109 125 26 96 104 80 82 36 61 45 93 50 91 103 101 87 37 71 79 45 63 
53 17 25 75 60 63 55 39 42 29 22 49 18 60 41 16 28 49 25 34 48 52 34 29 63 22 17 35 47 36 75 77 65 54 43 62 79 61 38 44 57 34 73 10 80 78 46 7 54 67 55 38 28 74 26 20 37 36 90 61 29 12 72 91 28 58 67 73 48 42 24 8 55 25 54 69 63 58 25 39 61 8 58 
36 66 21 12 70 55 28 65 31 71 54 36 19 89 53 59 26 62 23 7 67 18 78 11 30 44 22 71 17 26 33 46 34 39 37 34 26 29 31 20 75 46 57 27 41 28 53 56 27 57 19 45 28 47 69 30 75 38 42 24 49 32 42 59 54 31 54 10 62 34 52 45 33 54 20 54 6 48 69 29 53 52 
38 58 45 56 44 22 40 20 39 49 1 46 58 25 28 38 36 16 30 47 17 46 46 9 10 17 45 19 57 60 51 45 38 53 62 44 22 28 43 48 64 21 63 67 29 17 44 49 54 24 28 56 28 37 29 49 73 46 15 14 55 73 37 47 50 67 30 47 8 16 42 17 43 52 51 41 28 40 49 17 55 
86 69 88 80 61 66 35 12 37 39 66 23 13 53 52 5 53 63 76 50 14 74 37 42 54 70 53 91 96 89 53 39 61 98 81 60 66 62 9 70 33 91 78 67 32 79 86 42 47 23 92 20 10 40 11 105 84 42 37 92 107 11 83 87 66 65 24 46 33 79 32 79 85 87 69 19 63 62 33 49 
17 85 70 47 85 50 92 67 57 24 109 73 80 38 82 44 28 84 40 99 12 52 65 43 90 39 20 30 56 43 53 41 29 34 48 48 28 95 47 79 5 36 45 75 72 31 68 38 63 26 66 90 47 94 22 53 45 71 32 30 78 68 36 57 30 78 55 74 59 54 69 16 66 17 67 89 34 75 61 
82 67 40 77 34 76 50 45 9 93 57 70 21 65 33 19 79 28 82 6 37 54 33 83 27 31 40 58 27 36 28 40 36 41 43 12 78 36 66 21 29 40 62 68 36 52 22 46 35 49 74 30 78 38 54 30 59 40 44 61 66 41 44 23 61 44 61 58 38 66 25 66 6 50 80 20 62 45 
14 43 24 75 83 105 55 88 99 78 36 88 88 52 62 12 60 90 79 63 47 52 23 59 69 63 32 96 92 102 66 50 42 39 88 97 113 55 88 111 41 56 13 56 110 73 84 64 84 82 82 99 85 32 66 51 57 78 91 16 51 118 59 103 49 55 25 73 15 69 20 76 84 30 96 55 109 
29 24 62 76 93 43 74 94 69 31 74 80 39 48 16 46 83 65 51 38 38 26 45 55 51 20 83 80 88 54 37 28 24 74 89 99 48 74 97 27 48 2 42 98 59 73 51 73 75 69 91 72 20 53 43 45 66 81 5 38 105 44 92 37 47 11 61 1 55 10 61 73 31 82 47 97 
37 35 61 65 21 45 80 48 33 45 59 10 20 38 17 69 38 26 23 9 43 16 39 39 29 54 51 59 42 22 1 6 45 70 70 38 52 68 6 36 29 28 70 30 48 37 49 59 41 72 56 24 25 30 34 54 59 29 28 76 17 68 15 34 22 35 27 35 31 34 49 42 53 35 68 
60 60 88 39 81 76 58 13 77 68 43 58 11 51 67 76 49 29 44 5 50 74 71 44 85 78 92 74 55 36 37 80 74 104 32 89 104 40 34 22 61 94 62 67 70 66 59 69 77 91 42 54 31 65 86 70 29 58 107 55 84 35 34 32 58 24 72 34 72 65 7 87 33 95 
42 30 21 32 59 22 49 20 31 25 29 67 19 48 38 11 31 26 66 21 57 63 64 26 17 33 64 50 35 41 28 44 45 37 56 49 41 33 62 54 35 12 14 58 16 40 8 44 70 59 10 32 59 73 28 64 56 46 31 33 26 32 57 4 61 51 66 34 17 61 32 33 35 
49 40 74 18 19 47 60 16 55 68 71 54 7 80 41 39 56 63 56 95 99 88 63 50 71 101 83 61 66 70 15 81 28 98 88 68 27 75 88 54 54 33 95 30 2 48 18 110 83 47 33 94 111 22 80 89 77 68 36 46 29 77 38 75 90 85 75 29 55 72 28 61 
50 43 58 34 76 29 32 55 56 96 48 51 56 41 59 56 94 50 80 87 93 24 15 29 88 78 65 71 38 41 35 60 71 46 71 56 92 80 5 37 21 82 23 47 25 39 89 88 40 58 85 94 26 94 84 29 59 15 55 56 87 31 91 73 97 53 24 87 34 57 12 
46 58 26 28 38 37 15 30 46 17 47 46 10 10 17 45 18 56 59 50 46 38 53 61 43 21 27 44 49 65 21 63 67 28 17 43 48 55 25 29 55 29 38 29 50 72 45 15 14 54 72 38 46 49 67 30 48 7 16 41 18 42 51 50 41 29 40 50 17 56 
89 54 73 14 61 38 26 84 31 79 15 38 56 37 87 30 40 49 66 19 29 19 49 45 46 49 4 74 27 67 28 22 47 63 75 44 44 22 42 44 45 72 25 73 46 61 31 60 49 53 57 73 49 35 29 55 47 62 65 35 72 34 73 14 46 84 11 63 37 
36 63 75 28 74 86 87 72 11 97 59 58 75 79 74 113 117 106 76 62 83 119 102 79 85 85 17 92 45 115 101 87 46 92 107 62 71 47 114 44 20 63 19 128 102 65 52 113 130 33 98 108 87 87 43 65 47 96 55 93 108 103 93 43 71 86 47 70 
45 41 11 39 50 68 37 25 61 23 31 41 63 39 77 82 76 44 31 52 84 68 47 53 50 23 62 27 78 69 54 24 68 72 39 34 14 78 11 17 28 24 92 71 29 27 78 94 12 72 74 60 51 26 33 24 67 19 68 72 76 56 10 56 52 25 44 
67 54 36 52 24 42 54 70 38 18 37 18 42 72 71 48 74 66 81 74 54 32 34 71 61 93 19 85 95 37 21 29 60 81 52 54 69 53 46 58 63 89 45 43 18 65 86 57 36 58 95 50 71 26 20 36 46 31 69 41 65 52 12 78 20 83 
47 35 29 82 27 65 27 29 49 35 83 28 51 59 70 8 15 15 59 51 45 50 10 59 26 57 42 29 48 53 74 53 31 14 28 54 31 58 12 58 59 65 23 51 58 65 42 74 57 30 33 40 41 52 66 24 73 44 76 24 32 78 12 53 26 
51 60 77 48 19 70 34 42 52 72 50 88 93 88 48 34 56 95 79 59 65 57 12 65 35 87 73 66 33 79 83 37 43 19 89 16 15 35 13 101 83 39 37 89 104 6 83 85 61 62 20 44 33 78 29 79 82 87 65 15 65 58 34 44 
16 47 7 62 34 16 21 1 49 7 41 43 39 44 41 50 45 28 10 16 36 63 61 35 49 60 16 32 39 33 60 20 38 40 39 53 31 63 57 34 15 27 39 57 50 39 34 66 14 58 11 31 32 25 37 36 42 29 39 46 44 32 58 
59 13 75 18 26 37 15 63 11 27 33 40 38 41 42 34 22 21 23 26 73 52 51 33 48 21 48 49 24 60 19 44 28 46 65 31 73 42 36 21 43 30 43 58 47 28 59 3 62 27 46 38 31 46 21 47 13 47 61 35 47 55 
54 78 77 55 37 47 11 54 71 67 37 90 85 97 70 52 38 36 83 85 108 43 88 107 39 44 14 58 101 67 75 67 74 70 75 87 88 36 59 40 61 82 80 21 54 112 56 93 41 43 27 64 17 70 26 73 74 17 91 43 102 
61 29 13 26 8 56 2 41 45 45 36 34 42 47 31 18 23 29 60 53 38 45 53 22 35 47 35 53 13 32 41 34 52 23 61 56 40 9 31 41 57 46 47 37 58 14 52 16 33 39 19 45 35 49 24 35 53 37 34 50 
86 48 47 64 70 63 102 106 95 67 53 75 108 90 68 74 75 12 84 35 104 92 75 35 82 96 55 60 37 102 34 9 53 15 117 91 54 41 101 118 25 87 96 80 75 37 53 36 85 44 83 96 92 82 33 62 76 36 63 
40 55 33 82 28 25 34 53 33 42 34 34 32 39 41 18 82 41 68 17 34 38 64 66 30 58 26 51 29 54 78 35 82 32 50 33 60 34 38 66 63 36 50 21 67 45 63 55 41 63 19 63 5 55 80 26 64 51 
20 17 55 15 54 58 55 36 29 43 60 44 26 32 35 47 55 29 57 57 32 25 51 48 46 16 22 54 23 39 19 47 69 50 7 22 54 70 33 53 50 57 27 42 14 24 47 9 50 48 56 35 23 50 40 25 46 
22 35 27 61 63 48 56 48 64 65 46 22 27 54 51 75 15 71 77 29 12 37 52 64 35 37 60 37 38 40 53 78 43 26 7 57 77 43 41 51 77 36 55 10 11 37 28 37 57 45 50 36 30 60 12 65 
50 7 39 42 38 44 42 50 44 26 10 15 36 64 61 37 48 60 15 34 39 32 60 21 39 38 40 54 31 65 55 33 16 29 37 55 51 39 33 66 13 59 12 32 31 26 37 34 41 28 40 47 44 33 58 
56 79 75 47 91 84 98 78 60 42 42 86 78 109 37 95 110 45 39 24 66 99 68 72 75 71 62 75 81 96 45 60 36 69 91 75 31 62 112 61 89 41 38 36 63 27 77 37 77 71 8 93 38 101 
38 43 43 37 35 43 45 29 17 21 29 62 54 40 44 53 20 36 46 33 54 14 35 39 37 54 25 63 54 38 11 32 39 55 48 46 35 59 12 54 17 35 38 22 44 33 47 23 37 53 37 36 52 
9 38 58 65 59 9 19 40 37 43 101 65 76 21 56 34 73 57 13 82 45 71 5 73 93 56 101 17 36 49 68 12 16 85 52 18 75 26 89 51 72 44 59 54 6 49 26 74 79 51 73 76 
31 67 72 68 3 17 40 36 52 105 75 78 31 66 34 75 53 10 91 52 77 5 79 97 63 106 21 31 54 70 6 15 91 47 13 84 31 95 53 74 40 64 50 15 43 35 80 77 60 74 85 
79 79 83 34 21 29 23 67 99 93 61 59 87 23 60 23 25 98 57 77 33 78 86 69 100 53 5 54 55 26 46 87 16 20 100 37 97 43 59 12 64 20 39 12 51 78 51 76 59 95 
13 8 67 60 54 59 15 59 19 63 47 25 57 59 83 61 25 23 30 62 33 61 17 58 65 74 31 58 66 72 43 83 65 22 42 37 49 58 75 29 81 52 85 32 34 86 10 59 18 
21 73 63 52 57 25 46 31 53 57 38 56 49 80 65 19 22 17 67 20 48 10 45 74 74 26 49 70 80 29 81 69 29 44 25 43 48 74 20 78 58 83 39 21 78 23 49 17 
68 63 60 64 16 67 11 71 45 17 62 67 89 63 29 29 38 63 41 69 25 65 64 78 38 66 67 71 50 88 68 17 46 43 56 66 80 37 87 53 89 33 42 93 8 67 20 
19 43 39 52 107 74 80 29 65 36 77 56 13 91 53 78 5 81 99 64 108 18 34 55 72 9 12 92 50 16 84 33 96 56 76 43 66 53 15 46 35 81 80 60 77 85 
23 19 46 91 72 61 38 66 17 58 38 6 82 41 64 15 66 81 53 92 36 18 40 53 11 31 77 34 6 80 19 83 37 57 25 51 35 18 32 30 66 61 55 58 77 
6 46 70 71 37 53 69 7 35 29 29 70 31 48 38 49 59 41 71 57 24 25 29 35 55 58 29 29 76 18 68 14 33 21 35 27 36 31 35 49 41 54 34 68 
49 76 75 42 52 72 3 40 25 26 76 36 54 34 55 64 47 77 54 18 31 34 30 51 64 24 24 80 20 74 20 39 16 41 23 35 26 37 55 42 58 39 74 
69 26 64 32 23 47 60 74 47 40 19 38 47 41 68 21 69 50 62 28 57 51 56 53 73 51 33 30 50 45 59 65 32 72 37 74 17 42 82 8 60 33 
75 42 100 84 77 41 88 96 45 56 31 101 28 15 48 2 114 94 52 46 101 117 17 92 97 70 74 26 55 42 89 41 88 95 97 78 27 70 69 42 53 
82 49 13 73 78 100 72 33 41 48 70 51 79 36 73 68 88 49 77 75 77 59 99 77 10 56 50 68 78 91 49 98 60 100 42 52 105 17 79 23 
84 86 44 4 47 67 65 45 38 75 36 27 46 44 93 57 36 8 72 92 38 52 66 83 50 53 24 5 50 33 47 72 57 62 36 29 69 4 69 
38 49 81 76 33 72 44 68 27 71 95 52 100 19 56 50 76 34 28 83 72 39 59 35 83 60 79 63 59 73 19 70 22 72 94 37 80 65 
70 82 97 64 45 42 55 62 58 86 41 83 57 83 51 80 68 66 68 96 70 23 52 61 68 81 87 53 95 52 96 36 59 106 17 82 35 
42 28 23 75 35 54 31 55 66 46 78 51 18 31 36 28 48 65 26 22 79 17 74 21 41 18 41 25 32 27 34 55 45 56 41 73 
47 64 62 41 34 72 33 26 42 43 89 56 32 5 70 89 36 52 64 79 47 50 21 1 49 29 47 68 57 59 32 32 65 1 65 
44 98 60 72 53 73 73 69 90 74 22 53 42 47 68 80 7 40 105 45 92 37 46 13 61 3 57 12 62 72 29 83 46 97 
84 43 68 9 70 86 55 96 30 23 44 59 5 25 81 39 5 80 22 87 43 63 31 55 41 14 36 30 70 67 55 64 79 
41 27 86 29 52 29 43 91 93 44 63 89 97 31 99 88 25 63 19 61 62 92 37 96 76 102 56 29 93 35 62 9 
25 47 28 51 12 56 58 52 9 38 49 61 40 60 47 45 22 43 26 40 52 15 58 39 62 22 29 64 25 41 37 
72 3 31 16 31 83 72 23 36 74 87 14 75 70 46 46 20 35 34 69 13 72 65 78 47 4 66 39 35 30 
75 93 59 102 21 31 49 67 7 17 86 47 13 79 27 91 50 71 40 60 50 10 44 30 75 76 55 71 80 
28 19 28 86 73 25 35 76 89 12 75 72 48 48 19 36 33 70 14 72 67 79 50 1 65 42 33 33 
46 18 108 81 45 32 92 109 21 78 87 75 66 35 44 27 75 36 74 87 83 73 27 55 70 27 59 
47 68 64 16 41 61 72 31 70 59 37 34 32 34 41 63 12 68 50 73 31 20 70 24 42 27 
114 95 52 48 102 117 16 94 98 68 75 24 57 44 90 42 90 95 98 78 27 73 68 44 51 
52 63 85 27 10 98 68 34 78 42 99 68 88 61 72 71 21 65 36 87 96 56 89 83 
49 50 25 46 83 16 18 95 32 92 38 55 9 59 19 37 13 47 73 48 71 55 90 
29 50 65 37 54 47 53 22 43 18 31 47 10 52 43 57 28 26 55 34 32 43 
64 84 39 46 58 79 42 53 16 4 44 29 42 63 51 55 34 29 63 5 65 
21 87 41 7 84 27 93 48 68 34 61 44 16 38 34 76 71 60 69 84 
101 62 28 87 43 104 67 87 55 75 65 22 58 41 90 92 63 88 90 
84 83 55 59 14 45 36 79 26 80 79 88 62 11 68 52 37 38 
34 105 43 95 39 51 8 63 5 52 5 60 75 36 82 51 97 
85 25 90 43 62 27 57 37 19 31 35 73 64 60 63 83 
63 44 71 78 97 49 103 69 106 50 49 107 24 79 17 
65 26 46 35 33 43 21 44 17 48 59 39 47 58 
55 50 89 33 91 82 98 63 19 82 48 51 27 
20 34 24 36 47 43 40 36 37 52 21 61 
48 29 46 67 56 58 32 31 64 1 65 
56 10 44 9 51 70 39 74 48 90 
60 53 66 37 15 58 36 30 37 
54 10 60 72 31 81 46 95 
50 20 68 77 45 68 70 
60 79 41 83 56 100 
50 75 25 59 50 
64 43 33 34 
89 31 95 
65 27 
65 
