27 5
51 40 65 38 18 81 73 45 62 47 14 76 40 37 34 16 36 60 48 72 36 52 68 43 18 65 
76 93 70 61 92 30 49 74 92 58 88 14 31 22 67 80 92 39 91 16 64 27 86 39 92 
26 7 21 49 85 36 34 19 25 45 70 46 67 31 14 20 48 35 60 30 80 15 56 25 
27 47 29 94 45 26 35 51 27 90 61 89 58 37 9 57 13 78 31 89 33 81 1 
20 46 77 29 30 26 24 41 64 39 62 32 19 23 40 34 54 23 73 21 53 27 
66 77 37 48 31 4 61 53 37 49 14 19 41 44 54 45 39 72 26 36 46 
84 44 19 63 69 5 94 63 95 79 63 38 52 15 81 31 80 61 93 29 
50 70 103 75 80 43 40 51 87 93 96 37 88 38 62 5 98 66 93 
25 56 37 39 50 18 51 50 47 46 12 41 36 14 45 50 51 44 
52 50 14 75 43 76 61 48 31 35 18 61 11 66 48 73 25 
35 60 84 64 80 33 12 26 67 48 75 49 98 5 65 35 
64 49 36 45 12 23 45 44 58 42 41 70 30 31 50 
89 58 90 74 59 35 48 13 76 26 76 57 88 26 
31 8 56 72 88 43 90 13 64 40 79 26 89 
33 48 53 61 13 60 18 33 35 59 37 60 
50 68 86 46 90 17 64 47 75 18 88 
23 51 57 67 51 53 82 30 34 57 
29 58 48 64 43 88 7 54 37 
58 22 76 34 91 25 76 9 
52 29 26 32 62 50 56 
77 27 84 46 85 13 
51 33 70 28 77 
58 44 62 30 
93 62 88 
61 33 
80 
