23 3
58 32 37 26 16 86 55 69 67 60 95 41 33 74 44 12 57 33 65 77 19 26 
54 32 43 47 43 40 11 52 37 44 42 25 17 15 63 16 40 55 21 53 44 
21 49 42 94 73 64 37 36 78 15 40 64 38 45 44 13 34 67 13 11 
41 37 74 57 43 33 23 59 10 25 43 17 48 23 7 32 46 24 14 
9 61 29 52 74 62 87 49 19 61 36 24 50 42 74 64 38 39 
70 39 57 70 60 89 44 22 65 37 16 51 37 69 68 30 32 
35 37 95 80 70 84 55 47 56 85 59 80 98 49 89 83 
44 88 73 83 68 33 55 44 52 54 62 89 58 64 61 
58 42 38 52 36 11 26 73 22 50 61 14 64 55 
15 51 26 57 52 44 79 36 33 4 52 48 40 
42 21 44 37 29 71 20 27 18 38 44 34 
63 67 27 52 103 38 66 55 24 83 73 
35 50 28 52 30 7 25 52 23 14 
43 16 37 30 29 57 46 33 29 
30 80 20 51 55 3 66 57 
51 14 24 45 33 37 29 
65 45 77 83 32 38 
30 39 22 47 37 
32 53 17 7 
55 46 38 
69 59 
10 
