70 6
72 89 29 58 40 67 68 48 38 15 70 40 20 70 55 42 58 53 50 45 26 62 25 17 22 60 68 49 24 72 23 50 65 38 65 53 26 75 22 27 53 62 25 66 73 68 31 43 77 9 68 51 27 91 49 34 12 39 62 70 61 36 30 11 28 31 25 75 23 
21 43 34 87 56 46 64 46 87 49 38 57 71 63 66 17 80 26 34 95 13 67 68 94 55 39 65 75 45 54 74 45 85 10 19 80 20 61 62 28 64 61 23 47 13 65 59 19 81 20 64 76 28 29 78 62 45 52 37 66 44 51 67 100 103 48 86 53 
60 38 96 77 67 69 56 104 46 50 76 69 85 72 30 84 39 45 113 27 79 87 111 76 37 86 87 40 73 79 66 94 31 37 92 15 81 82 49 65 73 44 42 34 75 65 13 98 41 85 96 8 49 88 77 55 52 34 87 56 71 81 117 120 67 85 67 
35 52 52 49 41 21 44 51 17 17 60 47 39 29 55 22 20 53 33 31 28 51 46 46 43 37 51 16 49 46 50 36 23 42 48 24 28 28 51 24 40 53 39 32 34 49 38 41 45 39 63 23 43 19 21 45 47 52 17 18 24 57 60 9 71 14 
58 77 70 31 20 72 18 18 52 36 77 34 20 47 16 15 85 22 42 63 80 73 11 75 50 16 51 41 67 56 37 26 55 22 59 63 45 29 37 50 18 42 38 27 24 68 49 76 74 37 42 50 46 20 17 12 82 21 53 49 86 89 44 52 35 
103 101 29 41 40 58 49 55 45 93 24 70 21 61 53 57 74 21 57 48 96 63 88 16 63 57 23 98 2 85 70 13 80 60 66 80 41 28 91 63 89 22 30 82 45 92 90 68 95 75 9 37 42 49 66 99 43 64 33 51 53 55 42 38 
10 94 72 79 95 65 48 110 16 91 59 107 61 65 75 59 82 52 81 7 87 23 86 93 45 102 11 101 46 51 91 74 45 41 32 102 76 33 95 43 84 87 74 70 36 20 49 84 35 94 66 72 93 86 14 69 38 70 85 87 47 123 66 
89 67 81 88 60 48 104 24 87 51 103 54 59 79 50 79 54 83 12 79 29 85 85 45 98 3 99 37 43 89 65 47 43 24 96 73 23 87 33 81 82 65 72 26 27 53 74 29 92 65 67 86 78 23 64 38 69 88 90 45 117 63 
21 56 29 29 53 22 89 6 47 16 39 31 73 51 23 60 65 88 34 84 28 34 54 10 86 28 64 49 31 53 60 65 65 14 23 74 34 68 17 7 55 57 74 86 73 67 60 23 38 22 20 37 94 25 59 37 70 73 48 29 30 
51 32 8 36 38 68 20 29 36 20 12 65 33 22 46 60 67 29 65 30 33 36 30 64 39 44 29 35 41 43 48 43 30 17 53 34 48 19 14 43 48 53 66 58 56 39 32 26 1 25 32 74 3 40 28 65 68 29 50 15 
82 54 33 78 65 50 73 58 65 59 17 77 33 27 9 72 81 58 29 84 37 57 78 38 81 68 28 90 34 38 68 71 35 81 85 83 39 52 91 9 83 61 33 106 64 37 26 52 73 83 71 50 43 23 14 17 40 80 37 
34 68 23 95 35 37 42 34 32 96 39 49 78 91 91 10 93 56 6 67 37 85 58 54 44 60 32 75 79 63 19 46 67 4 59 43 30 34 80 66 94 90 42 60 53 58 32 9 12 100 35 70 59 96 99 60 39 47 
34 45 63 29 21 44 12 5 66 25 29 44 63 60 29 60 37 34 33 39 57 47 36 21 42 36 41 45 36 36 22 44 36 40 27 22 37 50 44 61 56 51 31 40 28 7 28 31 68 6 35 31 68 71 26 57 17 
74 38 49 46 64 39 37 38 49 36 11 38 41 63 32 39 68 3 59 45 53 49 38 42 64 7 12 34 65 31 47 70 50 39 47 65 25 49 34 22 79 30 47 18 36 61 64 43 33 10 22 44 47 8 82 23 
107 28 56 25 51 45 95 59 45 82 87 105 32 104 49 29 74 22 101 45 74 61 51 55 81 86 79 8 45 86 27 79 39 27 57 79 85 105 94 65 75 43 59 39 19 35 112 42 79 59 92 94 68 16 51 
85 62 101 61 64 60 63 73 38 66 11 88 7 77 93 36 96 22 91 53 53 80 80 33 28 36 98 68 42 96 51 77 82 80 56 45 4 34 91 37 85 56 68 91 88 5 65 29 60 70 72 40 118 59 
49 16 40 32 67 53 17 55 59 85 39 81 22 39 50 10 84 23 64 50 25 57 55 61 64 20 18 74 39 69 11 7 59 51 74 83 68 71 59 17 32 21 26 42 91 23 56 31 64 66 45 33 26 
63 9 17 83 4 51 57 81 56 28 62 59 33 43 57 49 68 17 9 64 18 51 54 27 49 44 30 36 22 48 42 19 67 29 62 67 33 25 61 47 28 37 27 66 27 43 51 86 89 37 71 38 
55 47 75 67 28 68 67 101 48 96 29 47 65 6 100 21 80 65 30 69 70 75 80 22 32 89 46 84 24 22 71 61 89 98 80 82 75 21 46 37 33 51 106 39 71 43 71 73 60 22 41 
8 75 13 41 51 72 56 26 59 49 32 37 49 51 59 24 10 54 25 45 48 29 43 35 35 35 29 39 33 27 59 34 60 61 41 25 52 38 19 32 27 65 18 38 42 78 81 30 65 28 
71 21 34 48 67 60 26 61 42 31 36 41 56 51 32 18 47 31 44 48 34 36 27 42 33 37 31 25 32 54 42 62 59 46 30 44 33 11 27 27 68 10 38 36 73 76 29 58 22 
86 50 27 10 68 95 53 46 98 41 74 76 56 87 76 45 101 34 36 72 87 50 84 99 88 56 68 102 16 87 56 26 116 68 54 38 65 88 97 65 63 45 37 10 12 46 97 49 
55 60 84 56 29 63 63 35 46 61 48 72 14 10 68 17 54 56 27 52 48 28 38 19 52 46 17 71 26 63 69 30 26 66 51 32 40 28 66 32 45 55 90 93 40 74 42 
40 42 75 50 68 8 52 37 25 76 19 64 49 13 64 41 47 59 37 7 70 53 68 6 19 65 34 71 70 52 79 53 12 17 23 40 53 79 23 44 15 47 50 34 49 16 
29 45 74 32 41 78 14 65 51 55 60 50 43 76 7 11 44 73 37 57 80 61 45 54 77 18 59 35 12 91 41 50 22 46 71 75 44 43 18 25 34 37 20 89 31 
74 90 59 38 93 42 66 81 47 87 75 37 98 37 40 73 80 44 86 94 89 49 62 99 13 88 62 32 114 69 46 34 60 82 92 71 58 47 31 5 8 46 89 45 
83 17 80 89 39 96 11 94 45 47 84 72 38 34 28 96 69 32 91 42 78 81 72 63 35 14 42 83 31 88 59 66 88 83 11 63 31 64 78 80 41 117 60 
86 58 5 62 43 77 62 44 35 62 22 70 74 55 28 46 58 8 49 45 32 24 78 56 87 85 33 52 56 56 29 15 3 92 31 64 58 95 98 55 48 45 
71 92 31 91 27 85 54 53 74 80 27 21 36 95 63 44 94 53 72 77 80 49 47 3 27 92 37 80 51 64 88 87 12 61 25 55 63 65 36 114 54 
59 41 28 81 14 71 56 5 72 44 49 65 42 14 77 60 75 12 26 73 31 78 73 52 87 60 9 20 31 47 60 82 31 48 16 42 44 39 51 23 
67 42 82 62 50 41 63 26 75 79 60 25 48 64 2 55 47 33 28 81 62 92 90 36 57 57 60 33 13 7 98 35 69 61 98 101 60 45 49 
60 42 55 46 36 45 62 8 12 31 65 32 44 69 47 41 47 63 28 46 33 23 77 27 49 20 35 61 63 42 32 7 25 47 50 7 83 23 
95 22 74 59 29 63 66 71 74 18 28 83 41 78 20 16 65 58 83 93 77 76 69 20 42 31 28 46 101 34 66 40 70 72 55 24 36 
95 35 41 86 64 44 40 22 93 70 22 85 32 78 79 63 69 25 25 51 73 26 89 61 64 83 76 22 61 35 66 85 88 42 114 60 
83 68 11 79 58 64 78 40 26 89 62 87 20 29 81 43 90 88 66 93 73 7 34 40 48 65 97 41 62 30 50 52 53 43 35 
15 76 28 53 53 18 66 57 14 53 5 63 58 27 73 12 54 67 38 19 76 56 43 54 43 56 42 42 61 92 95 41 89 49 
61 27 43 45 19 53 42 24 44 19 48 43 28 61 24 53 59 41 16 61 42 28 43 35 57 27 34 47 80 83 29 76 34 
77 47 53 70 45 19 82 64 80 17 29 78 32 83 77 54 92 65 9 24 36 50 65 86 36 52 20 41 43 43 52 28 
70 73 44 50 58 42 29 32 60 50 2 85 40 80 86 15 43 73 64 40 37 19 83 41 61 67 104 107 55 71 53 
5 37 72 37 49 77 53 46 53 71 25 52 30 15 85 34 53 24 43 68 71 39 40 10 27 42 44 15 89 30 
36 77 43 48 81 53 51 59 73 29 51 24 13 87 34 58 29 48 73 75 34 44 11 33 45 47 19 94 35 
71 52 12 63 17 59 58 44 60 14 36 50 55 5 71 47 43 61 54 39 40 26 52 79 81 28 93 42 
37 78 24 71 31 19 52 71 77 96 85 61 67 37 51 30 13 31 104 33 70 51 84 87 59 22 42 
63 49 61 8 18 59 34 64 65 49 73 47 19 14 17 37 48 74 17 38 14 50 52 28 51 9 
66 10 70 67 42 73 3 43 61 51 17 82 59 52 67 57 43 50 38 64 91 94 41 100 54 
58 47 34 31 83 65 95 92 38 60 57 61 34 13 10 100 37 71 62 99 102 62 43 50 
67 62 31 75 7 52 67 41 19 80 59 47 59 48 53 46 43 64 94 97 42 93 52 
13 62 40 70 74 57 75 54 13 22 20 34 48 82 21 47 20 53 56 37 44 18 
52 52 67 79 66 64 53 23 32 15 21 35 87 18 52 32 67 69 41 36 23 
86 39 80 86 14 43 74 65 42 39 21 83 43 62 69 105 108 56 73 55 
75 52 24 100 56 40 21 48 71 80 62 46 34 20 19 22 32 82 33 
46 64 48 18 83 60 52 66 55 46 50 41 65 93 96 43 99 55 
30 91 37 82 53 66 90 87 9 63 27 57 66 68 37 116 56 
100 47 61 35 58 83 86 39 55 24 37 36 38 30 101 43 
55 87 79 55 48 30 94 56 76 83 119 122 70 81 69 
66 42 38 57 51 41 35 23 47 75 77 24 88 37 
29 33 43 59 91 34 56 25 50 52 46 43 29 
26 50 58 62 24 27 5 40 42 19 66 11 
25 31 73 3 39 29 66 69 29 50 15 
18 96 28 64 51 87 90 54 34 40 
92 34 65 60 98 100 56 51 47 
70 35 66 75 77 45 123 65 
36 27 64 67 26 53 13 
32 52 55 10 89 29 
37 39 24 64 14 
2 51 93 51 
54 95 53 
78 19 
59 
