21 3
9 65 57 72 59 44 12 32 50 42 69 67 57 25 64 66 72 62 79 41 
59 55 75 54 50 7 41 59 37 64 61 55 34 69 68 70 62 74 32 
24 66 6 72 65 85 106 23 11 5 28 89 74 55 25 41 15 35 
42 18 51 62 69 89 21 17 20 4 78 50 31 15 17 29 44 
60 36 82 64 77 58 58 62 38 81 17 11 45 25 67 80 
65 60 79 99 17 11 7 22 83 68 49 23 35 19 33 
55 28 42 52 68 70 47 46 22 35 62 42 80 69 
43 60 43 71 68 62 32 75 75 77 69 80 36 
20 62 85 85 67 20 50 62 83 66 97 70 
83 106 106 87 29 61 78 103 84 117 90 
27 25 23 66 61 47 34 36 37 23 
5 21 92 67 47 14 33 11 44 
24 90 71 51 20 37 12 39 
76 46 27 16 13 32 46 
68 78 93 78 102 66 
23 57 35 78 81 
35 14 56 70 
22 22 55 
43 59 
50 
