21 5
55 49 32 60 34 88 31 48 82 51 23 66 90 85 83 21 50 78 20 71 
36 71 29 26 34 70 16 49 6 70 13 35 31 67 55 73 23 38 47 
78 62 43 51 76 19 84 38 71 48 55 64 99 62 89 46 45 80 
62 45 106 1 71 78 65 11 78 107 95 69 16 21 95 34 65 
27 56 61 43 23 24 66 25 54 35 38 50 55 44 40 17 
60 44 29 50 20 45 34 61 52 58 29 49 50 14 41 
104 39 67 41 105 31 5 28 91 90 107 11 73 70 
70 77 64 11 77 105 93 68 15 22 94 32 64 
65 19 67 28 42 45 81 55 78 32 37 61 
46 84 40 63 39 25 68 65 57 62 13 
65 15 41 34 62 49 67 29 33 42 
79 106 97 78 16 33 94 31 71 
30 19 62 63 77 19 48 41 
24 88 91 107 11 74 68 
65 80 91 21 66 46 
65 51 80 65 21 
29 79 17 56 
96 43 52 
62 59 
51 
