24 2
44 16 7 67 55 58 21 66 62 23 26 84 27 66 51 29 31 34 27 32 70 26 8 
45 51 31 46 77 61 41 30 31 43 43 71 21 32 73 67 13 67 70 30 63 49 
15 73 42 74 35 75 69 35 10 88 28 66 60 33 22 38 22 25 74 41 10 
75 57 62 20 74 70 31 26 92 19 73 58 21 24 41 20 25 78 27 4 
77 76 77 18 6 46 74 18 95 24 23 96 95 35 94 98 6 76 74 
110 76 87 76 62 31 84 67 57 76 73 55 51 59 59 74 82 52 
43 61 70 49 84 94 71 91 53 67 84 65 78 83 82 36 65 
71 72 32 46 96 28 81 57 24 40 48 34 39 81 7 24 
14 42 78 33 93 41 15 93 96 39 94 98 24 68 73 
40 70 24 90 26 17 91 91 31 89 93 12 70 69 
41 64 50 50 27 50 54 18 51 55 49 32 31 
87 37 63 64 42 26 39 29 30 74 52 21 
112 26 41 113 111 50 110 113 14 95 90 
92 78 6 16 61 10 13 97 35 21 
39 95 88 32 89 92 18 82 70 
77 81 26 78 83 29 54 58 
22 63 16 19 99 31 25 
60 6 4 97 47 23 
59 63 36 50 39 
5 96 41 20 
99 46 24 
80 76 
31 
