27 6
37 76 84 61 31 22 62 52 23 97 21 49 74 21 63 28 30 36 91 84 52 87 35 72 38 82 
98 75 83 7 27 65 60 17 86 56 63 75 26 60 14 9 71 108 66 59 103 50 84 67 68 
71 15 97 71 46 42 82 79 59 36 47 72 56 99 98 57 17 88 43 18 48 26 39 80 
67 80 62 29 40 68 12 85 49 24 64 21 86 82 95 67 20 39 61 55 45 75 11 
82 56 39 32 67 76 44 23 43 58 49 84 83 43 31 81 33 29 33 25 24 74 
26 67 61 15 91 52 63 79 24 64 7 2 66 108 72 61 103 49 85 64 74 
44 36 10 75 34 37 56 2 43 29 27 49 82 61 36 77 23 59 40 60 
11 52 40 58 20 12 46 10 72 69 67 48 42 10 42 28 22 46 34 
46 51 47 9 22 38 18 65 63 55 48 50 1 43 17 23 35 44 
80 41 47 64 9 51 19 17 56 92 64 45 87 34 69 50 64 
98 60 33 77 34 98 93 107 73 24 50 67 67 53 86 18 
40 69 34 63 50 51 15 75 90 48 73 30 61 20 87 
29 38 28 66 64 47 45 60 10 40 14 23 26 53 
58 15 84 80 77 44 41 22 38 40 21 55 33 
45 27 25 49 84 63 38 79 25 61 41 62 
70 66 73 58 32 17 51 33 32 53 25 
5 64 111 79 65 106 52 89 64 81 
66 109 74 62 104 50 86 64 76 
74 102 56 72 41 65 21 98 
86 49 6 59 26 55 77 
49 80 61 62 84 8 
43 18 24 35 43 
54 20 53 71 
37 23 57 
43 54 
78 
