120 3
26 61 7 26 44 91 41 63 94 34 38 47 53 54 28 74 93 72 36 104 58 42 39 38 21 31 91 77 82 46 77 46 91 50 93 76 45 87 48 48 104 90 68 62 59 75 3 22 63 39 100 35 56 43 59 51 63 59 29 17 86 80 54 91 84 60 16 69 25 9 22 68 47 68 76 71 28 75 59 37 90 92 87 37 33 31 23 87 27 51 93 90 65 65 47 60 39 70 73 59 93 83 49 58 97 98 40 65 32 91 35 31 52 7 100 10 25 61 51 
73 20 33 66 70 15 65 87 48 12 62 27 58 47 85 100 63 11 108 70 67 18 33 11 21 95 63 71 23 88 70 78 68 77 67 36 93 31 63 104 92 52 43 38 75 23 48 50 21 99 13 78 25 46 57 52 83 52 12 91 69 74 81 91 43 20 58 10 33 46 74 54 64 64 69 2 87 35 22 85 76 72 60 58 7 22 87 22 68 87 74 59 51 27 83 13 73 59 70 77 69 35 36 100 100 34 69 26 80 23 19 54 30 105 23 44 46 64 
59 39 32 93 78 24 59 27 80 14 83 22 33 13 34 52 74 47 2 45 68 45 61 89 38 66 62 74 16 41 70 19 84 54 48 30 63 15 53 39 68 71 74 35 62 50 60 63 53 86 33 65 56 19 54 46 42 72 31 60 24 65 25 65 54 54 63 53 46 18 20 40 60 37 73 14 82 59 55 83 75 38 47 80 50 39 87 15 58 79 45 62 70 43 84 25 64 3 83 70 57 76 44 45 45 21 49 68 93 56 28 66 42 54 36 61 9 
22 47 83 35 58 88 32 32 47 45 50 28 72 90 65 29 100 56 46 31 31 13 30 87 70 75 39 75 49 84 50 86 69 38 84 41 47 99 86 61 54 51 70 5 27 56 31 95 31 59 36 52 47 56 63 32 14 82 73 55 84 81 52 9 62 17 13 25 65 43 62 69 66 22 73 52 29 84 85 80 40 38 26 16 82 27 51 87 82 59 58 40 63 34 66 66 57 86 76 41 51 93 94 33 61 25 84 34 23 47 14 97 5 25 53 49 
38 74 41 36 67 16 42 30 48 28 18 52 68 47 36 78 37 44 32 15 22 50 65 54 57 39 55 45 66 36 73 51 22 62 33 31 77 64 49 45 45 48 26 32 42 28 73 46 49 31 37 25 39 57 30 34 60 55 43 66 59 42 15 44 24 23 27 43 22 41 52 44 33 54 50 24 64 71 65 35 38 40 11 60 48 36 66 68 40 44 37 57 45 43 51 37 72 60 30 46 71 71 17 39 13 66 54 19 26 33 74 17 17 40 30 
110 77 51 88 23 77 19 86 44 20 41 65 75 72 79 30 13 70 52 56 75 70 86 85 77 43 9 95 13 105 78 58 61 71 18 85 71 84 83 83 64 47 25 76 66 85 78 12 70 72 39 72 19 16 61 63 84 11 91 57 78 46 75 59 35 23 49 36 64 82 64 67 40 89 62 83 104 97 8 17 73 47 71 72 17 87 101 67 79 75 18 79 54 84 33 105 92 67 85 76 77 53 50 52 93 79 57 48 47 74 43 22 76 25 
56 69 55 86 62 94 45 70 92 100 98 42 58 97 92 118 52 59 70 89 85 28 37 46 102 118 34 103 17 42 51 91 42 96 84 81 25 29 32 65 88 105 34 51 76 74 119 47 38 75 39 130 104 82 87 37 111 42 93 32 75 39 66 93 101 80 76 55 34 60 68 104 36 54 57 18 24 109 112 71 69 74 91 100 56 20 48 31 43 128 65 73 29 90 18 27 43 33 87 86 57 74 61 38 89 59 65 97 97 82 91 33 91 
66 81 57 6 71 12 60 57 90 102 57 5 108 76 80 11 34 22 33 94 54 63 10 93 82 69 77 65 61 34 94 23 72 102 91 41 31 25 73 38 62 41 17 96 18 89 17 39 60 45 96 65 27 92 61 84 73 93 33 31 52 18 47 59 76 59 61 56 67 13 93 20 20 80 64 62 72 72 15 30 86 35 77 81 63 55 42 16 96 9 73 50 75 65 59 29 23 99 99 35 70 29 71 33 22 55 46 106 36 55 37 71 
37 34 69 31 67 8 42 30 35 28 62 43 24 63 55 32 55 85 29 41 37 58 33 60 46 39 60 29 31 28 46 33 41 27 46 51 55 14 62 61 37 49 37 78 55 49 35 13 31 68 55 69 26 36 47 41 27 45 50 30 55 57 56 11 17 15 36 13 65 34 64 46 32 58 50 54 62 72 44 24 84 36 35 55 21 40 53 66 73 7 40 21 59 45 39 58 35 35 31 5 39 43 88 46 11 69 40 53 44 40 26 
70 87 68 77 44 78 59 47 24 80 42 60 100 71 56 80 109 33 30 20 71 60 97 21 76 39 20 51 42 58 70 29 29 43 54 60 23 92 97 40 66 21 98 92 64 42 49 36 105 91 95 38 21 83 13 46 49 79 29 78 90 92 41 53 26 26 24 86 63 70 65 4 38 31 91 98 92 72 23 109 72 1 35 28 40 65 103 91 34 33 57 38 29 53 63 33 32 55 38 63 17 111 68 43 101 43 84 80 44 63 
58 14 64 26 8 40 60 53 52 71 24 32 48 28 37 63 60 64 64 55 43 31 74 20 83 57 35 54 48 15 73 59 61 60 60 48 35 27 53 44 71 61 33 47 48 21 49 43 21 46 54 62 26 71 50 55 28 53 40 26 22 36 17 44 60 46 49 41 66 40 66 81 74 22 28 55 27 57 60 20 69 78 45 56 52 42 61 40 61 25 82 69 44 62 66 66 30 34 29 72 66 35 27 39 67 27 10 53 17 
72 17 63 57 93 105 62 7 112 78 79 15 37 21 27 98 60 68 16 96 81 75 78 71 66 38 98 28 73 107 96 47 37 31 77 35 60 47 21 101 12 89 22 45 63 50 95 64 23 95 67 84 79 97 39 30 57 18 45 58 79 61 65 62 71 10 95 26 23 85 70 68 71 70 9 31 90 29 78 87 69 60 48 21 95 4 77 56 78 71 65 34 29 103 103 38 74 31 77 27 24 58 42 109 35 54 43 72 
77 26 19 26 49 57 66 62 12 32 61 39 51 77 51 69 67 68 29 28 76 8 88 59 45 44 59 1 66 52 69 69 71 45 49 35 60 56 66 75 24 59 56 20 55 37 27 61 45 66 16 72 40 64 43 58 54 39 31 30 18 46 64 45 63 27 78 52 64 87 79 24 32 70 41 52 74 6 67 83 49 63 65 35 75 35 67 14 87 74 54 73 58 59 40 30 42 74 81 49 30 52 57 42 22 61 6 
62 65 94 102 53 16 107 81 90 16 38 32 44 94 47 57 9 97 91 62 84 55 56 35 95 21 78 100 90 34 23 17 72 49 72 36 20 93 29 97 18 36 64 41 105 75 39 92 55 91 67 95 27 41 47 28 58 69 77 63 59 50 65 25 97 9 24 75 55 54 81 82 26 38 84 46 83 77 54 52 36 13 104 20 74 44 80 55 52 27 13 98 97 38 72 34 65 44 28 56 57 105 47 63 32 76 
34 32 42 31 56 50 21 56 49 26 47 77 37 43 41 53 35 53 50 34 62 33 27 35 42 27 49 36 46 49 52 22 54 53 37 43 46 71 50 44 33 5 31 63 47 61 33 40 42 47 33 43 42 32 48 49 48 16 9 20 38 20 57 35 61 40 40 61 53 47 54 65 36 32 76 31 43 57 23 39 49 61 67 15 42 19 62 48 36 55 43 43 25 11 32 48 80 39 6 61 47 45 36 38 21 
45 67 61 52 79 30 26 49 33 36 59 67 70 71 57 48 26 81 21 89 64 40 61 52 19 81 67 67 64 64 56 30 19 59 46 79 59 31 50 54 29 55 39 13 43 61 69 27 79 57 60 27 60 39 20 14 44 25 52 67 54 48 46 68 42 74 88 81 16 21 54 27 65 56 23 77 85 53 61 55 38 60 48 67 32 89 76 48 65 74 74 34 42 32 80 62 37 35 33 74 24 3 58 23 
24 58 86 38 15 54 80 56 74 102 32 72 66 85 3 49 74 28 89 59 59 22 74 27 46 34 76 80 84 37 75 62 68 74 49 98 39 76 65 30 62 52 53 85 25 65 31 68 17 74 67 61 76 65 58 20 31 45 66 41 86 3 93 70 55 88 80 48 57 93 63 37 100 25 58 84 51 70 81 49 96 27 71 15 88 75 68 87 37 38 56 26 61 71 106 68 38 79 33 67 49 70 22 
56 98 14 37 78 90 68 89 119 13 69 61 94 23 73 66 52 83 55 67 7 81 49 25 17 78 84 89 33 94 85 70 85 30 113 63 85 68 43 64 76 76 102 11 60 55 58 9 78 83 61 90 86 80 26 46 45 63 39 100 26 99 81 43 82 74 72 81 107 78 24 117 48 46 79 52 72 89 73 109 28 70 34 82 71 75 92 16 17 67 31 74 62 122 81 46 99 9 85 70 73 43 
56 57 52 85 47 34 56 85 44 13 10 47 60 84 20 65 32 4 27 49 34 58 47 40 22 31 37 23 70 78 16 42 40 73 82 40 17 36 12 94 74 71 45 8 73 19 50 26 56 5 54 70 73 37 39 12 8 17 62 61 47 41 22 30 22 76 82 68 49 33 85 62 24 27 8 17 41 92 67 31 14 49 31 17 28 40 47 46 32 32 40 19 87 44 26 79 56 62 62 20 52 
105 71 75 8 30 17 31 91 54 62 12 89 77 69 72 66 59 31 91 22 67 99 88 42 32 27 70 33 57 41 14 94 17 84 16 38 56 44 90 60 23 88 60 78 72 89 33 26 50 13 42 54 72 54 58 55 64 9 88 23 16 78 65 62 67 67 13 25 83 33 72 80 63 53 42 16 90 11 70 50 71 66 59 27 25 96 96 31 67 24 71 32 17 51 41 102 31 50 37 66 
49 92 97 75 98 128 13 69 60 100 37 87 63 65 81 55 74 17 86 62 15 17 79 87 93 35 104 97 73 91 22 121 77 91 72 53 67 90 89 112 17 60 69 55 21 82 93 62 98 97 93 35 57 48 63 42 108 40 103 88 40 80 73 85 94 115 87 23 127 62 41 77 55 74 94 87 116 35 70 47 80 70 80 96 10 11 74 39 82 59 131 89 54 110 5 95 82 76 56 
43 66 43 59 86 40 65 62 72 18 39 70 17 84 54 46 32 61 12 55 41 67 70 72 36 59 47 59 61 55 83 31 63 55 18 53 45 39 70 33 60 23 66 28 64 51 54 61 50 43 19 18 40 60 38 70 17 80 57 55 82 75 35 44 77 48 41 84 13 59 79 44 61 68 42 82 26 64 3 83 70 56 75 46 47 43 21 47 68 90 54 27 63 45 51 33 60 7 
74 59 58 73 83 96 96 81 56 5 106 26 115 89 66 75 77 31 98 84 93 90 90 77 45 20 85 71 98 77 19 75 80 50 81 17 14 59 76 94 23 103 70 86 49 85 62 33 20 62 47 76 92 76 68 53 94 67 96 114 107 9 9 73 51 84 69 30 99 110 77 88 80 18 80 67 93 46 114 102 74 91 89 90 60 62 58 104 77 62 59 43 87 44 26 84 38 
23 18 39 83 46 54 7 83 75 61 68 59 51 23 83 13 62 91 80 34 25 20 62 35 57 32 5 85 26 81 7 30 50 35 89 59 29 80 52 75 64 82 25 25 42 13 43 54 65 48 50 47 56 16 82 20 9 69 58 54 65 66 21 22 75 40 67 71 56 44 33 9 88 19 62 42 65 59 51 18 19 88 88 24 59 19 62 40 12 44 44 94 31 47 28 61 
23 54 61 40 44 29 59 59 53 47 57 38 7 60 19 41 71 59 34 31 31 41 36 47 26 18 66 45 62 20 22 26 25 72 45 38 58 42 55 53 59 26 22 31 23 36 42 42 25 31 38 36 32 59 38 14 53 56 50 50 53 39 15 54 53 46 56 53 28 29 25 71 41 40 36 42 57 46 15 33 67 67 2 36 7 53 56 13 21 45 72 28 32 25 38 
30 84 59 65 25 77 60 73 57 74 60 28 82 28 52 95 82 49 41 38 65 17 40 45 18 90 24 67 23 41 46 45 74 43 15 80 63 63 75 80 40 9 52 4 25 37 63 43 55 58 60 12 76 38 17 77 73 69 50 50 18 11 78 29 57 79 71 51 47 26 74 24 62 55 59 74 65 30 37 90 90 25 58 16 74 33 12 43 26 95 14 33 42 52 
115 85 93 43 105 77 100 80 97 89 58 112 53 78 125 113 73 63 58 96 28 53 71 43 120 15 87 46 68 76 73 90 60 16 111 91 85 103 110 64 35 80 31 40 53 93 72 85 86 90 23 104 53 44 107 96 94 68 64 18 41 108 4 82 109 95 81 73 47 91 24 93 81 87 97 90 57 56 120 121 55 89 47 101 4 41 74 30 125 35 55 68 80 
57 48 86 31 79 52 57 70 43 60 10 72 52 15 4 66 74 79 22 91 86 59 77 17 107 70 77 58 40 53 83 78 99 7 48 62 45 15 68 80 49 85 85 81 23 44 34 51 28 94 34 89 74 30 69 61 76 84 101 74 11 113 53 32 66 41 61 80 80 102 21 58 37 69 58 66 83 6 7 60 26 68 49 118 75 41 98 12 83 70 63 46 
10 43 74 95 15 77 19 14 32 62 32 70 57 53 13 24 30 36 75 86 14 41 50 72 94 38 18 48 14 106 84 73 58 9 85 19 64 21 61 11 56 76 82 51 50 26 6 31 62 75 40 42 31 17 10 86 92 67 54 46 86 74 31 14 20 12 38 104 64 44 4 63 18 6 29 34 59 58 38 46 45 17 86 47 38 84 69 67 71 17 65 
52 68 94 9 76 23 7 37 54 40 69 48 44 23 33 40 29 80 89 21 49 40 80 92 46 24 46 19 104 85 80 50 2 83 10 57 30 66 13 63 80 84 46 49 21 6 25 69 70 50 49 20 21 13 87 93 75 59 37 93 72 21 18 18 20 47 102 73 39 13 59 22 10 36 43 50 49 42 41 50 9 94 53 37 89 60 72 72 25 62 
88 83 59 75 54 50 26 87 13 69 93 83 31 20 15 64 43 65 31 11 86 28 88 9 29 55 35 96 67 35 84 51 82 62 86 22 33 41 21 50 62 69 54 52 46 58 21 88 12 15 70 53 51 73 74 25 30 77 45 74 71 52 45 31 5 96 20 66 39 71 54 48 19 13 90 90 29 63 25 60 43 19 48 51 97 39 55 27 67 
51 76 30 91 61 62 21 77 29 46 34 79 83 87 39 78 65 70 77 49 101 40 79 68 33 65 53 56 89 25 67 33 69 16 77 70 63 79 68 61 22 34 47 68 43 89 3 96 73 56 90 82 51 59 96 66 38 103 27 59 86 54 73 84 50 100 29 73 18 90 77 71 90 37 38 59 28 64 72 109 72 41 82 32 70 52 73 25 
104 22 114 87 66 70 78 27 94 80 92 90 90 73 49 24 84 72 94 80 13 76 80 48 80 13 17 63 72 93 18 100 65 86 51 84 64 37 24 58 45 73 91 73 71 48 95 68 93 112 105 9 13 76 53 80 73 26 96 109 76 87 81 14 83 63 92 42 113 100 75 91 85 86 60 59 58 102 81 63 57 47 82 46 27 84 34 
85 18 17 46 60 47 78 50 48 28 39 45 36 89 98 28 57 42 87 101 53 32 56 28 114 94 88 56 11 92 8 63 36 75 22 71 89 93 53 59 30 15 33 77 77 54 57 23 17 10 96 102 82 68 42 101 81 22 14 28 27 53 112 79 46 19 68 17 10 43 48 53 52 51 49 59 4 101 61 46 98 64 81 82 32 71 
97 68 53 48 67 7 72 58 77 77 79 52 52 34 69 64 72 80 16 67 65 29 64 29 25 65 50 74 7 81 44 72 48 66 60 41 31 36 26 54 73 53 69 28 85 59 72 95 87 20 29 75 47 58 77 4 75 92 57 71 72 26 81 42 75 20 96 82 62 81 63 64 48 37 49 83 84 55 38 54 61 46 25 69 13 
30 50 77 46 89 68 66 25 34 39 52 91 105 31 56 60 83 113 52 35 67 33 125 102 88 73 24 104 26 80 34 77 30 71 94 100 69 70 44 24 48 75 93 46 57 41 1 9 106 110 79 71 59 99 94 40 5 39 28 50 123 74 62 21 81 1 14 44 42 71 70 56 64 62 22 98 62 58 100 82 84 89 32 84 
32 48 37 61 44 39 24 34 40 22 74 82 19 46 37 77 84 43 21 39 15 97 78 75 44 6 75 15 50 29 60 9 58 74 77 38 42 14 8 17 66 62 50 45 19 29 21 79 86 72 53 32 89 65 20 25 11 20 45 95 70 31 15 51 29 16 32 43 45 44 36 33 44 15 91 48 29 83 55 66 65 24 55 
60 15 46 68 57 26 24 26 39 43 55 19 17 63 48 68 17 14 29 18 78 53 44 57 35 60 46 59 19 29 24 27 44 50 42 28 27 31 33 35 62 34 14 48 49 43 57 61 42 22 51 58 51 50 46 22 21 22 77 42 39 28 45 49 38 9 28 65 65 5 36 13 46 60 17 21 52 71 35 40 18 43 
74 45 24 13 71 77 82 26 87 80 63 77 27 106 61 78 61 36 57 74 71 96 4 54 53 53 5 71 77 54 83 80 75 19 40 38 56 32 93 24 92 74 38 76 68 68 77 100 71 18 111 44 41 73 45 65 82 71 102 21 63 30 76 64 68 85 15 16 59 24 67 56 115 74 39 93 13 79 65 66 39 
60 79 69 21 13 12 51 45 63 18 10 73 40 81 6 16 44 22 91 63 42 71 38 74 50 73 12 33 28 25 50 59 56 43 38 33 44 29 77 19 11 56 45 41 68 71 35 27 63 54 65 58 43 32 19 8 90 33 53 28 60 46 37 6 13 77 77 18 50 19 48 54 17 36 55 84 39 50 14 57 
67 53 70 71 72 46 49 35 62 58 67 76 23 60 58 22 57 35 26 61 46 67 14 74 40 65 43 59 55 39 31 31 19 47 66 46 64 27 79 53 65 88 80 23 32 71 42 53 75 5 68 85 50 64 66 33 76 36 68 15 89 75 55 74 59 59 41 31 43 76 81 50 31 52 57 42 23 62 7 
14 69 78 84 29 103 100 63 85 8 116 85 84 64 53 58 98 93 110 22 48 77 42 29 73 91 53 94 98 95 37 57 41 52 35 103 49 94 83 27 67 60 90 99 111 85 17 124 68 28 64 47 64 87 95 111 34 60 52 67 57 73 88 9 8 70 39 78 46 128 84 51 110 18 95 84 68 60 
62 70 76 18 90 86 56 74 14 104 71 74 55 39 50 85 78 97 9 44 63 41 18 65 78 45 82 84 81 22 43 31 47 25 92 37 86 72 26 65 57 76 85 99 72 7 112 54 28 61 38 57 77 82 100 20 54 38 65 54 63 79 7 7 58 25 66 44 115 73 38 97 16 81 70 59 46 
10 17 45 66 81 8 31 62 59 93 27 12 50 14 104 79 63 67 22 85 33 72 9 52 17 46 69 77 57 51 33 17 39 50 80 26 32 43 24 20 83 87 55 46 56 74 75 44 22 26 6 25 103 51 51 10 65 25 17 19 20 69 69 32 51 37 30 74 37 40 75 78 59 66 8 66 
6 52 59 76 14 22 71 49 93 18 16 52 20 103 76 54 73 32 85 43 78 6 46 25 37 64 72 62 52 39 27 46 41 84 16 25 53 33 31 81 84 45 40 64 65 76 54 31 32 13 16 102 41 57 20 68 34 28 15 9 78 77 30 56 32 41 64 30 42 68 86 53 63 11 67 
57 55 75 20 19 77 43 94 15 20 54 26 103 75 49 78 38 86 50 82 11 44 31 34 61 71 66 54 44 33 51 36 87 10 22 59 38 37 81 83 40 39 69 60 77 60 37 37 20 11 102 35 61 26 71 39 34 16 3 83 83 30 60 31 47 58 28 46 65 91 50 63 16 69 
75 75 37 56 25 87 68 55 36 27 31 81 69 80 22 28 59 30 27 46 62 28 65 70 70 17 31 12 30 6 74 41 67 53 19 51 43 68 76 81 55 12 95 49 22 47 19 39 59 79 81 10 37 33 51 39 44 61 26 26 40 14 49 33 98 55 22 82 34 66 58 41 39 
25 61 36 100 32 59 40 57 51 61 62 32 14 86 78 56 89 84 57 14 67 21 12 25 69 47 67 74 70 25 76 56 34 89 90 85 40 36 28 21 86 25 53 92 87 64 63 44 63 36 70 71 60 91 81 46 55 97 98 38 65 30 89 32 28 52 9 100 8 26 58 52 
74 55 98 57 36 60 69 48 72 37 9 40 80 87 36 97 76 73 31 76 44 14 5 63 44 71 84 73 50 62 77 52 93 104 97 16 11 54 36 84 49 37 96 101 71 76 65 38 61 67 83 50 104 92 61 75 92 93 49 62 44 97 57 46 54 23 93 25 17 72 41 
28 56 59 85 25 4 41 6 96 72 59 59 19 76 31 64 9 47 10 42 63 69 48 42 25 14 31 48 71 30 28 39 29 24 75 80 54 40 49 72 66 40 26 18 2 25 94 51 43 10 56 30 20 15 24 63 62 25 42 31 30 73 33 31 70 71 53 59 4 57 
79 31 77 4 25 44 30 85 57 32 75 47 71 59 76 22 24 37 15 42 52 59 43 44 42 50 20 77 22 4 64 55 51 62 64 26 19 69 44 63 66 53 38 29 9 85 25 56 37 60 56 47 13 19 82 82 18 53 14 58 45 9 38 45 89 31 44 24 56 
111 86 78 57 50 51 99 91 105 24 40 77 34 32 66 87 46 89 95 93 36 54 35 44 30 98 52 87 77 19 59 52 90 98 105 80 14 120 68 20 56 41 57 81 96 105 31 52 52 59 49 67 81 14 12 65 36 73 38 123 79 47 107 24 91 82 61 60 
90 34 56 70 61 94 63 18 104 78 86 90 104 51 32 68 22 43 56 87 67 75 73 81 13 100 38 33 96 82 80 71 68 5 35 99 18 81 97 81 70 60 33 94 9 85 68 83 83 77 44 41 112 112 46 82 38 89 15 32 66 37 118 35 56 55 77 
81 80 45 80 13 27 73 63 90 8 97 56 88 58 82 71 47 34 51 43 70 89 69 79 37 99 73 87 111 104 19 26 85 59 73 84 19 91 108 74 87 86 10 91 57 91 35 112 99 77 95 76 77 63 53 63 99 91 68 55 58 72 55 34 85 29 
22 46 28 89 61 36 75 44 74 56 77 18 28 34 19 46 56 60 45 43 39 49 23 79 18 7 62 51 47 66 68 29 24 68 47 65 64 49 37 26 5 89 27 57 34 62 52 44 11 15 82 81 20 54 17 55 48 13 39 49 89 35 48 21 58 
37 5 91 67 56 58 22 72 34 62 10 43 12 38 58 65 46 38 24 17 30 45 68 31 24 40 34 28 71 75 51 36 48 69 62 41 31 17 7 24 90 49 41 14 53 35 24 11 24 62 62 20 40 27 33 70 29 27 66 70 49 54 5 53 
36 57 42 59 35 45 36 52 34 46 40 37 47 45 43 17 4 25 43 25 57 33 63 40 45 66 58 41 49 64 35 36 74 26 48 62 28 43 51 56 67 19 46 16 67 53 38 57 46 47 26 14 31 54 79 39 10 57 49 42 31 42 16 
92 69 60 53 17 72 29 58 14 47 6 43 61 67 42 37 19 13 25 50 65 36 29 34 32 25 72 77 56 40 43 74 61 36 29 12 8 29 90 55 37 11 51 33 20 17 29 57 57 23 36 31 28 75 33 26 70 65 53 56 9 52 
30 76 76 103 22 110 69 98 64 94 77 50 37 64 55 83 101 82 85 50 108 81 101 123 116 23 26 90 66 86 86 32 104 120 86 99 95 3 97 71 103 48 124 111 87 104 89 90 73 66 71 112 94 76 67 60 85 60 41 96 42 
46 72 83 26 92 67 72 34 73 47 20 7 56 38 66 80 67 54 53 79 53 87 101 94 8 8 59 37 77 56 28 90 98 66 74 66 31 66 60 80 41 102 89 61 76 85 85 47 55 43 93 64 47 48 31 84 29 13 71 32 
94 78 69 90 93 54 19 67 17 26 39 77 56 70 73 75 14 87 47 31 92 87 83 54 50 15 24 92 14 66 94 85 66 61 38 77 23 77 69 70 88 79 44 48 104 104 40 72 31 89 20 27 58 19 108 18 39 56 63 
50 55 48 8 68 75 50 81 79 75 17 39 34 52 28 91 27 88 72 34 72 64 69 78 98 70 14 109 46 36 68 41 61 79 73 99 18 59 30 72 60 64 82 13 14 57 22 65 52 114 72 37 92 14 78 64 62 39 
82 12 56 28 64 11 61 78 82 44 48 20 5 24 67 69 48 47 21 22 14 85 91 73 57 37 91 71 21 19 17 19 45 101 71 38 12 58 23 10 34 42 50 49 40 40 48 11 92 51 35 87 60 70 70 23 61 
88 48 80 54 74 66 44 33 42 34 61 80 60 75 30 93 67 78 103 95 19 28 81 53 64 82 10 82 99 65 79 79 19 87 49 83 26 104 90 70 88 68 69 55 44 56 90 89 62 46 57 64 51 30 77 20 
56 40 75 22 73 89 92 48 55 26 17 28 79 71 60 59 15 25 18 93 100 85 68 34 103 77 14 22 26 31 57 107 83 41 23 63 25 17 46 53 45 44 51 44 59 4 104 63 43 98 56 81 80 35 67 
72 74 55 81 77 71 17 37 39 58 33 91 19 92 73 42 79 71 63 72 98 69 22 108 40 44 75 46 66 81 66 101 21 64 25 79 67 67 85 20 21 58 23 65 59 113 72 38 90 17 76 61 67 34 
44 20 37 61 69 56 47 33 23 40 41 78 21 23 48 33 29 77 80 46 38 58 65 70 49 31 26 9 17 97 43 51 17 62 34 26 11 14 72 71 25 50 29 38 65 28 37 66 80 50 59 5 61 
53 13 17 28 58 37 53 60 57 21 68 45 21 75 76 71 41 41 27 7 74 33 48 78 74 50 49 33 64 33 58 57 51 77 67 32 44 86 86 24 53 16 75 39 15 39 23 89 6 24 44 44 
50 67 72 41 39 16 7 22 57 65 41 36 28 29 21 76 81 63 46 39 80 63 29 25 9 11 36 93 61 34 9 51 29 16 23 34 52 52 29 35 37 22 82 40 27 76 61 59 60 15 53 
29 41 64 44 54 56 59 9 78 34 14 76 70 66 54 54 17 13 77 30 60 78 68 50 44 22 77 21 63 52 61 71 62 27 33 90 90 24 59 16 72 33 10 44 30 95 18 37 39 55 
13 62 41 64 74 67 35 66 63 39 86 93 87 28 25 39 23 81 37 43 89 90 63 65 51 51 47 64 73 51 93 82 49 62 91 92 38 59 31 89 44 33 48 13 93 11 16 61 43 
58 39 66 79 68 48 58 74 48 88 99 93 15 12 52 32 79 49 33 91 96 66 72 61 38 60 62 78 45 100 88 57 72 88 88 44 57 40 92 57 43 49 24 88 23 12 68 36 
21 25 45 20 74 24 75 56 36 67 59 54 62 81 52 22 91 32 39 64 31 50 64 62 83 7 50 16 68 55 50 69 29 30 41 6 48 50 96 55 21 75 31 60 47 51 24 
28 46 29 54 34 62 39 49 68 61 38 45 61 32 40 70 24 52 65 31 45 50 53 65 23 48 17 69 56 38 57 50 51 25 18 29 57 76 37 12 53 53 38 27 43 14 
20 6 63 49 55 42 22 43 35 67 73 70 46 25 85 51 25 39 7 27 46 81 70 18 25 37 43 30 32 48 38 38 30 19 38 28 88 44 17 75 46 58 54 28 41 
25 62 69 44 42 25 22 14 83 88 68 53 40 86 70 26 19 15 14 40 99 66 39 7 57 23 9 29 37 53 52 36 40 44 15 87 46 34 83 63 66 68 18 60 
68 44 61 48 20 47 38 67 74 75 51 18 90 49 23 43 13 33 52 80 75 13 31 35 47 34 38 54 32 32 35 16 43 30 93 49 19 78 40 62 56 34 39 
88 33 21 84 74 71 61 60 7 22 86 24 69 86 72 58 49 25 85 12 72 57 70 75 67 33 34 99 99 33 69 25 78 25 19 53 32 105 25 45 44 64 
96 73 58 91 83 48 57 95 65 40 101 25 61 88 55 74 84 47 99 31 74 17 92 79 71 90 40 41 59 29 64 74 107 71 41 80 35 68 50 73 24 
26 69 46 45 85 86 35 42 79 55 84 70 45 48 30 13 107 29 71 36 79 47 44 25 6 93 93 37 69 36 57 53 31 55 64 101 52 67 26 76 
62 56 52 59 60 27 16 66 44 59 65 54 37 30 13 81 28 53 38 56 57 48 13 23 80 79 14 50 10 57 46 5 34 43 86 28 41 25 52 
40 33 87 94 90 68 19 106 68 3 37 25 39 64 98 89 29 33 52 40 30 51 63 30 29 52 34 60 19 109 65 39 97 41 80 76 43 58 
8 104 109 78 70 58 98 92 39 3 38 27 49 122 73 60 20 80 1 12 43 41 70 69 54 62 61 21 97 61 56 99 80 83 88 31 82 
97 102 76 64 50 95 84 32 4 30 22 46 114 72 52 14 72 8 5 39 40 63 62 48 54 55 14 95 57 49 94 73 77 81 27 75 
8 66 43 76 64 23 90 101 68 78 72 23 73 59 84 38 105 92 65 82 82 83 51 54 49 95 72 53 49 39 80 36 18 75 30 
64 44 84 60 32 97 106 74 83 73 27 72 67 89 47 110 97 69 84 91 91 55 62 51 101 68 55 56 34 89 35 21 79 38 
29 94 20 75 92 77 65 55 29 90 8 80 63 77 79 73 39 38 107 106 41 76 33 84 18 26 60 34 112 30 51 50 71 
68 39 47 71 67 43 42 29 66 34 52 50 48 71 60 26 39 80 80 17 48 9 68 44 10 33 30 84 13 25 38 41 
107 54 22 55 31 50 71 83 94 17 47 38 58 47 57 73 13 13 53 22 61 38 111 67 34 93 23 77 68 53 46 
79 109 96 80 73 49 87 27 92 82 85 99 91 57 58 119 119 55 87 46 102 8 41 73 26 123 32 52 68 77 
71 89 54 69 71 30 81 38 72 16 93 79 60 79 59 60 46 34 48 79 86 55 36 56 57 47 26 67 10 
36 28 40 65 101 91 33 34 55 39 30 53 64 32 30 54 37 63 18 111 67 42 100 42 83 79 44 61 
34 24 47 118 72 57 17 76 4 9 41 40 67 66 51 59 58 18 96 59 53 97 77 80 85 29 79 
20 40 84 64 25 19 42 38 25 26 41 45 45 26 25 35 26 83 39 18 72 53 55 54 21 44 
26 97 52 45 8 59 28 18 17 23 64 63 27 44 33 29 74 35 34 72 73 56 61 5 59 
94 25 61 34 67 50 43 14 10 85 85 25 58 23 55 48 18 43 53 92 40 54 21 63 
97 68 101 45 122 109 86 104 86 87 72 64 71 109 95 76 65 61 82 60 40 94 40 
81 60 81 74 69 38 32 108 107 42 78 35 81 24 28 62 42 114 37 57 47 76 
44 22 61 48 46 64 27 28 39 5 47 43 96 53 19 76 32 61 50 46 29 
61 21 10 25 30 60 60 34 45 41 21 82 43 36 80 70 63 67 13 63 
80 67 54 73 43 44 42 18 46 65 90 53 25 65 42 52 35 58 8 
13 44 42 70 69 55 63 62 21 98 62 57 100 81 84 89 32 83 
35 38 60 59 44 49 51 13 92 53 44 90 70 73 77 23 70 
19 71 70 14 44 17 44 58 18 30 55 78 39 48 12 52 
87 86 32 63 33 51 56 29 49 64 95 50 64 20 71 
1 65 32 74 49 123 80 46 104 10 89 77 67 52 
65 32 74 48 123 80 46 104 12 89 77 66 53 
35 8 51 58 14 20 47 71 30 34 23 38 
43 46 92 50 15 72 36 56 45 45 24 
59 49 7 27 39 79 22 31 29 42 
103 62 45 98 60 81 81 34 69 
43 77 34 128 39 59 69 83 
34 37 86 22 35 30 49 
59 51 43 37 32 26 
106 17 29 67 56 
92 78 75 51 
21 51 44 
58 26 
58 
