50 5
56 66 39 36 40 66 46 31 95 75 49 101 78 48 53 50 76 36 64 26 101 74 93 63 74 35 68 91 15 87 89 63 48 51 54 46 18 41 57 86 97 65 47 63 18 37 46 78 34 
54 51 47 71 24 10 61 42 19 7 83 28 16 16 30 36 29 43 31 44 31 82 14 27 21 60 79 45 31 34 50 80 65 48 40 46 34 11 66 42 10 20 6 42 32 79 28 26 
28 30 44 34 50 42 59 67 49 35 46 39 68 79 31 69 12 48 80 34 29 44 40 51 6 26 67 68 63 4 49 27 12 85 47 29 65 20 65 62 36 58 49 72 50 47 63 
4 21 44 42 14 75 69 44 63 58 35 59 66 49 52 31 29 89 49 54 48 53 38 29 51 43 76 74 27 29 16 17 68 21 17 59 49 79 61 31 57 24 55 29 59 47 
24 41 38 15 73 66 40 65 56 31 55 62 47 48 31 25 86 47 56 45 50 34 31 54 40 73 71 27 33 20 17 64 18 14 55 50 76 57 28 53 21 51 32 56 43 
65 61 11 96 89 63 73 79 55 77 81 69 66 50 44 111 70 62 69 74 55 43 60 51 97 95 44 9 18 35 81 30 38 77 63 100 81 52 77 35 69 8 80 61 
26 57 31 33 23 59 14 18 40 54 12 49 22 40 46 8 59 10 8 34 40 56 58 34 30 31 73 54 33 63 50 28 35 42 35 29 19 25 48 53 73 15 44 
51 51 29 4 82 35 11 18 29 39 22 40 20 55 35 79 19 32 10 56 76 35 41 43 46 71 57 42 36 36 26 16 65 51 20 14 17 32 26 69 35 18 
88 79 53 74 71 46 66 69 63 55 45 33 101 63 64 60 66 44 42 62 41 88 87 41 20 20 31 70 19 29 67 61 92 71 42 67 24 58 18 72 50 
33 47 70 17 47 55 70 27 71 48 69 25 26 75 32 22 61 64 72 86 21 12 56 104 83 62 81 80 59 49 57 7 38 49 38 78 74 103 16 68 
26 91 27 34 25 38 41 43 55 50 26 36 92 23 30 39 73 89 62 15 22 63 99 82 63 49 65 51 19 74 30 9 38 12 61 45 97 26 42 
80 31 10 18 31 35 26 39 24 51 31 78 15 28 14 55 75 39 38 40 45 72 58 42 39 39 26 16 63 47 17 14 14 35 29 71 31 21 
64 71 99 111 50 103 42 84 95 54 12 70 61 86 33 13 102 87 79 38 75 55 48 118 83 64 94 17 77 88 68 85 85 106 76 65 97 
30 44 58 15 57 34 52 34 11 67 16 5 45 52 64 70 23 17 42 87 68 46 68 63 42 38 49 20 28 32 26 61 60 87 1 53 
28 40 30 32 29 22 56 26 68 15 26 16 45 65 40 42 42 35 64 49 32 47 34 17 26 54 49 26 4 21 31 36 63 30 27 
14 52 19 57 33 51 48 97 30 43 22 73 93 39 40 45 64 86 75 60 25 49 44 6 81 54 17 32 17 44 20 85 43 19 
66 14 69 37 64 62 108 44 57 28 84 105 35 53 60 75 90 82 69 11 51 52 21 94 68 31 43 32 46 13 88 58 19 
61 20 50 48 4 52 22 11 46 37 49 70 38 31 29 77 56 35 75 59 36 47 34 33 39 29 36 58 65 76 16 56 
61 23 70 58 98 41 55 17 73 95 21 58 63 65 75 68 58 16 36 40 24 85 71 35 34 34 31 3 73 57 5 
43 67 22 39 32 28 43 18 36 62 56 51 8 57 35 15 76 46 24 54 24 53 50 26 46 46 64 57 34 55 
75 48 78 36 48 11 52 75 19 62 63 45 53 45 37 39 15 19 35 67 70 41 21 38 11 26 52 52 18 
45 99 41 39 65 86 96 88 13 17 76 119 101 80 75 90 72 45 81 18 35 59 38 86 71 118 33 68 
56 17 7 43 40 53 67 34 28 31 77 57 36 71 57 35 42 38 31 34 27 31 56 61 77 12 53 
70 63 81 25 3 96 90 82 33 63 44 41 114 75 58 93 18 82 88 65 84 77 102 64 68 92 
13 29 50 67 54 28 27 40 78 60 40 54 49 31 25 53 33 18 18 14 46 44 77 16 37 
41 46 60 66 27 22 37 82 62 41 67 58 37 37 45 26 28 27 26 56 58 81 6 50 
56 78 25 52 54 48 64 54 41 33 27 24 23 68 61 30 17 27 22 20 62 45 11 
22 70 74 68 10 47 25 15 89 50 33 70 20 70 68 41 64 52 77 47 52 68 
93 87 79 30 62 43 38 111 72 55 90 15 79 85 62 81 75 99 63 65 89 
75 79 64 60 58 55 31 22 38 43 86 86 53 40 50 18 22 58 70 20 
9 65 106 88 67 64 76 59 34 72 16 23 46 25 73 60 105 22 56 
59 103 84 63 71 76 57 39 64 8 28 45 29 73 65 103 16 60 
50 28 10 81 45 25 61 22 62 58 31 54 46 68 50 43 59 
22 42 90 39 47 87 66 108 90 61 86 44 78 2 88 71 
21 84 35 31 74 45 88 75 45 71 39 72 22 68 63 
74 35 17 58 32 67 56 28 52 37 62 42 47 52 
51 56 31 101 79 42 50 43 46 12 88 68 21 
23 50 67 83 56 31 53 5 39 37 64 32 
42 47 63 43 13 39 22 44 46 43 34 
77 47 11 30 11 46 26 85 37 23 
64 71 51 68 69 89 67 50 80 
36 51 37 80 73 107 20 68 
30 4 52 37 89 27 32 
26 29 38 60 32 29 
49 36 85 25 31 
34 42 61 27 
76 60 9 
87 69 
53 
