100 5
92 37 65 19 44 99 69 70 79 100 96 14 10 44 95 48 28 83 57 58 76 70 17 8 87 84 71 87 71 15 79 62 3 43 32 98 41 100 67 71 52 15 37 13 58 31 60 85 65 16 43 41 37 59 100 76 42 70 62 64 37 40 77 91 82 9 89 74 60 55 97 11 69 33 23 79 15 82 63 80 49 57 72 38 15 71 13 9 93 26 24 81 18 53 23 99 13 11 25 
72 18 21 35 38 5 57 16 19 91 31 50 91 87 73 28 54 96 92 14 40 18 89 20 35 41 42 85 5 5 61 29 22 81 63 11 37 19 27 56 9 9 57 100 95 30 79 100 77 71 13 16 40 2 87 74 94 80 10 99 84 71 79 57 3 41 68 40 59 46 47 20 54 3 71 100 84 1 100 60 71 12 75 62 65 61 35 59 41 97 9 76 67 87 33 69 79 52 
60 37 49 6 8 2 9 30 53 92 31 52 4 53 16 78 15 80 91 1 90 83 97 50 58 63 88 90 84 66 93 43 55 41 1 62 94 9 44 47 52 74 98 55 26 13 85 40 45 75 41 34 57 37 36 14 52 23 56 87 89 48 81 95 41 81 8 34 41 51 32 93 24 30 47 50 94 31 41 38 57 81 24 13 70 59 79 73 81 34 11 21 33 91 67 25 24 
75 59 64 25 42 56 1 71 55 2 17 37 42 6 94 75 29 6 96 39 84 68 72 69 30 92 54 20 59 78 43 85 88 7 9 30 14 61 52 68 62 68 57 4 74 50 30 54 7 25 93 43 44 64 11 25 7 64 44 17 94 39 1 81 97 62 62 62 22 14 82 84 33 38 39 58 87 20 64 93 96 56 35 91 71 98 15 29 13 10 98 6 48 50 39 96 
11 100 58 85 65 39 20 98 76 10 7 14 29 70 6 24 77 93 66 99 90 80 80 2 89 77 60 89 26 50 84 89 49 93 25 66 83 44 15 10 53 21 23 33 91 81 8 19 25 73 18 14 52 97 67 92 25 78 80 2 27 16 90 28 8 66 93 91 9 7 100 13 79 75 45 21 55 52 40 79 76 9 44 27 5 62 19 81 40 50 82 66 65 24 45 
73 89 37 15 50 95 66 62 74 40 59 94 94 62 85 24 38 93 67 16 97 29 86 29 20 36 11 37 100 34 82 24 74 18 38 23 65 4 37 38 43 95 83 89 8 68 64 97 60 31 13 9 11 50 37 30 85 47 66 85 32 99 60 6 17 98 80 81 53 16 70 47 10 52 87 70 71 51 66 31 33 30 91 43 80 27 24 64 26 41 100 9 40 12 
14 8 61 94 40 13 61 9 11 71 12 98 92 35 100 9 17 32 39 7 26 70 33 49 85 10 41 37 19 80 48 84 39 8 29 78 20 90 38 82 12 2 79 3 36 30 63 52 61 1 10 86 22 94 86 7 4 27 43 74 58 90 57 49 49 38 26 68 27 16 1 90 69 32 92 56 61 6 59 22 59 68 59 80 61 45 86 16 23 80 89 32 21 
98 80 69 35 58 88 61 73 89 50 93 20 93 48 80 98 6 53 56 25 12 88 85 8 25 1 82 5 89 13 77 86 93 46 72 50 33 84 74 73 33 66 44 77 13 24 27 70 28 34 94 91 73 30 50 98 30 31 2 71 44 78 8 88 75 80 89 60 63 62 32 48 27 76 76 91 51 54 12 30 40 5 21 12 34 22 9 16 53 62 86 48 
92 45 35 18 76 23 77 39 36 61 38 14 88 65 4 38 71 67 19 10 71 39 21 56 61 82 71 65 95 8 12 38 53 98 56 28 72 32 18 7 92 7 72 79 24 27 68 94 93 87 3 63 77 75 18 89 8 41 53 3 48 16 40 52 13 47 32 36 79 1 94 22 8 65 53 31 91 72 76 83 10 78 45 87 4 15 27 12 7 80 66 
54 47 57 58 60 4 89 47 34 89 41 7 48 5 59 30 96 83 5 78 92 82 75 78 38 41 5 1 47 36 66 52 82 74 9 93 77 49 40 62 90 80 69 37 84 27 67 31 9 71 9 53 5 35 82 94 75 38 94 73 73 11 24 7 84 85 51 13 85 90 74 74 21 94 11 57 21 29 87 81 51 47 85 7 33 67 100 7 4 93 
31 77 55 7 35 39 91 85 3 75 27 76 1 47 70 63 3 42 91 42 74 41 40 59 100 73 77 99 31 80 44 62 8 98 68 42 36 10 27 38 36 53 66 36 51 87 98 6 80 40 47 5 33 38 15 32 10 91 30 93 71 25 6 78 23 25 72 10 34 98 100 21 2 17 9 4 3 6 9 34 98 7 38 30 45 53 13 6 95 
94 98 65 19 55 95 93 79 66 2 64 15 53 85 68 69 93 71 23 50 80 56 47 86 46 28 82 50 40 88 44 34 37 61 52 44 55 96 22 72 97 86 38 2 70 5 70 14 27 45 63 58 52 62 96 97 89 77 98 29 16 42 14 53 54 65 96 60 60 69 31 8 54 20 9 75 76 31 88 2 75 3 12 78 64 7 27 52 
83 24 32 99 17 45 3 70 61 50 29 72 18 11 80 24 82 40 50 57 22 90 11 48 92 22 26 55 28 52 58 10 75 90 60 44 86 14 65 47 63 46 18 33 8 49 8 90 41 57 46 62 98 56 10 89 77 87 95 56 38 5 66 64 46 77 7 31 91 24 29 5 69 47 37 76 47 96 65 87 53 63 1 2 18 62 91 
47 48 37 2 85 41 19 100 38 48 59 69 38 82 49 42 50 95 31 77 94 26 42 32 30 4 32 32 73 45 74 71 92 10 73 28 3 43 28 40 90 86 60 27 67 9 21 68 55 51 44 100 76 37 32 6 40 15 89 65 60 62 35 3 71 59 31 25 2 58 17 43 95 28 22 61 36 42 80 43 44 23 42 71 60 25 
28 51 92 16 15 3 77 50 5 48 60 35 24 61 44 40 56 38 68 77 50 55 70 29 49 13 4 43 35 63 67 63 13 58 78 80 12 55 81 17 54 40 3 77 53 47 69 8 36 88 36 38 42 5 66 43 69 21 85 3 83 3 65 48 13 95 79 24 49 59 40 2 50 95 30 2 41 98 61 28 37 96 65 31 52 
83 73 72 3 57 27 38 59 43 37 23 37 15 47 85 25 38 38 74 32 20 28 24 69 40 52 6 36 68 36 39 2 8 63 57 16 89 94 26 31 82 49 20 48 95 4 24 84 94 49 16 13 76 39 81 16 42 38 3 10 73 93 63 32 55 19 47 95 64 73 78 97 73 97 44 19 100 67 2 45 16 17 9 43 
8 42 10 1 79 12 10 52 57 25 35 63 43 82 58 59 6 35 55 78 31 99 96 82 17 49 79 84 18 87 79 77 28 88 77 7 52 39 10 60 63 44 22 57 25 79 15 82 13 70 59 95 20 6 29 88 7 7 24 24 93 2 100 21 41 76 79 92 14 88 3 76 83 25 85 8 3 99 41 68 68 100 14 
39 57 42 27 63 48 50 38 41 3 37 13 43 65 91 87 30 30 89 58 12 13 42 71 16 40 12 35 8 63 48 98 19 90 24 34 89 73 71 29 27 60 93 70 24 83 56 5 64 44 62 76 9 3 46 76 43 57 10 2 71 9 99 42 98 23 75 87 47 97 67 74 8 60 95 83 94 50 88 58 45 49 
85 5 52 30 80 94 39 41 47 61 50 45 2 99 19 28 37 18 25 56 43 84 67 37 67 12 38 54 21 34 54 5 39 5 87 70 50 25 63 96 37 12 93 39 62 11 66 51 80 42 58 22 26 24 10 44 35 99 97 56 85 50 12 75 7 98 44 56 74 6 52 11 69 44 49 83 6 66 85 86 60 
42 59 85 17 21 28 51 19 76 58 55 77 22 29 83 19 73 91 45 30 42 55 51 37 55 85 94 72 69 31 31 62 42 15 78 62 94 80 32 21 90 87 98 11 15 32 29 39 22 25 21 15 79 23 3 85 7 97 57 27 79 87 88 20 54 65 33 47 44 17 68 85 55 17 95 69 48 76 60 22 
100 32 36 79 54 39 63 12 87 71 38 17 58 77 37 11 93 21 9 88 37 28 73 91 44 67 12 44 94 23 65 94 54 100 24 7 90 38 70 28 9 59 45 66 35 33 28 27 53 36 66 42 64 38 84 59 57 95 2 50 17 66 43 22 18 66 80 59 4 49 87 64 7 83 29 93 15 56 71 
67 43 37 60 6 74 44 65 30 38 66 32 7 84 74 80 53 92 60 63 47 60 49 10 67 83 38 11 97 45 82 16 39 18 75 45 43 18 61 25 8 78 56 66 13 81 45 65 72 4 28 18 16 28 27 34 11 16 44 59 12 25 74 51 94 49 47 89 18 7 65 25 84 72 42 97 52 87 
13 24 42 92 93 57 72 72 90 34 87 34 92 51 10 66 1 56 66 99 96 83 5 60 60 88 31 1 36 82 39 49 57 81 92 2 89 63 73 79 96 11 64 40 13 25 5 65 32 22 63 27 4 67 38 15 7 68 16 42 2 54 42 10 86 86 63 75 48 35 5 96 98 20 35 10 44 
91 75 28 12 37 6 67 56 44 34 62 63 49 55 16 54 49 78 40 34 40 66 33 27 70 80 24 89 14 85 84 56 59 11 19 48 17 38 3 12 71 16 74 19 70 42 24 70 19 15 3 10 80 88 36 1 67 11 89 33 96 25 88 6 87 7 5 55 44 7 66 14 22 92 84 44 
33 7 13 3 22 68 12 53 55 100 54 21 10 94 53 57 18 41 15 5 99 19 59 94 78 77 59 99 20 42 94 4 100 7 6 73 26 69 78 80 20 31 100 30 24 5 38 94 97 52 50 47 23 60 40 100 36 98 50 7 91 44 10 42 2 15 15 27 36 44 58 55 74 9 36 
49 13 26 94 61 29 43 7 51 3 98 2 90 95 52 97 37 47 58 79 100 25 45 78 60 88 35 66 13 95 2 13 8 27 7 20 55 49 27 58 3 24 59 45 71 62 93 59 60 50 89 59 74 85 88 33 24 74 51 36 69 52 49 28 30 7 47 36 55 73 45 10 49 4 
54 71 17 46 29 77 47 18 35 21 2 23 5 26 48 55 13 16 58 13 43 87 19 90 75 26 14 19 35 62 74 40 32 91 37 13 67 83 30 1 55 83 75 60 60 23 14 73 90 24 85 33 10 56 22 36 81 87 55 15 49 28 6 32 18 42 44 84 76 25 37 31 8 
63 90 67 37 55 91 27 78 76 11 40 31 32 75 63 70 81 29 18 9 34 2 78 75 45 14 50 22 2 80 29 64 21 47 53 28 38 31 5 65 41 96 47 24 23 9 93 3 37 63 63 70 64 41 96 60 54 97 81 55 29 61 70 49 60 74 76 97 4 33 13 96 
80 11 19 2 19 12 5 7 74 67 28 89 59 75 48 64 71 81 70 99 41 40 100 100 65 27 48 69 11 12 64 91 22 35 44 92 98 48 98 23 67 77 11 25 51 10 41 74 90 10 72 83 1 23 82 66 2 82 86 64 93 1 6 15 35 50 58 32 97 56 6 
15 84 16 92 35 26 32 8 67 41 31 49 94 6 83 59 59 16 96 22 8 96 28 74 83 77 32 66 25 39 72 92 22 87 83 8 64 66 15 83 6 98 31 51 3 65 9 61 80 56 34 40 4 61 65 86 89 96 51 14 86 74 5 60 13 39 67 28 4 34 
10 61 31 93 12 85 57 72 97 89 28 30 28 31 91 92 68 79 40 70 44 77 44 100 36 56 90 55 83 93 40 93 6 70 37 17 6 93 40 2 33 19 31 12 1 73 56 68 4 47 90 47 23 33 99 11 88 88 65 22 33 4 14 38 25 50 6 30 95 
97 83 79 16 13 91 68 86 46 88 89 92 77 87 66 9 37 76 48 77 92 69 9 47 35 98 71 36 55 52 82 51 34 61 18 99 3 86 36 48 73 76 91 1 62 8 61 51 84 8 27 27 28 87 74 62 84 96 98 38 100 31 40 33 91 58 83 93 
95 18 92 19 93 34 19 7 42 79 9 77 38 35 3 65 21 28 79 56 24 28 45 23 58 84 7 1 93 90 45 39 59 37 57 4 22 27 10 15 5 70 91 94 4 46 11 76 73 89 83 48 68 27 22 77 62 29 77 7 70 22 45 28 10 2 31 
31 28 92 98 85 61 88 30 16 85 40 91 10 80 73 57 47 51 79 76 65 59 52 71 28 25 15 7 86 68 90 69 48 81 66 84 94 5 13 9 90 53 52 99 84 76 7 83 79 37 58 43 95 61 65 22 38 31 29 23 99 18 91 98 50 56 
81 95 13 93 56 2 97 7 52 81 34 58 63 12 47 72 6 41 32 70 63 69 53 43 92 3 12 34 100 13 42 80 8 54 24 63 7 73 21 58 53 54 67 67 18 13 38 75 54 21 97 68 42 49 62 85 51 25 18 50 37 59 81 44 64 
56 58 70 28 78 79 80 84 46 98 53 10 87 27 15 8 75 34 49 23 47 33 25 71 2 26 60 13 6 3 76 14 13 46 41 42 76 73 25 73 70 77 83 57 56 49 16 82 83 64 5 29 48 81 52 49 7 11 61 64 65 37 77 77 
34 18 19 9 90 95 82 11 24 16 19 79 16 34 60 98 49 16 79 96 97 82 97 55 92 57 18 8 45 95 37 30 12 55 91 53 1 24 63 24 91 82 54 6 67 66 56 16 33 86 63 81 67 59 35 10 68 53 17 64 47 53 94 
10 59 36 62 60 59 76 35 1 9 89 6 76 6 61 43 38 46 5 19 64 16 5 73 83 57 90 46 3 94 91 64 53 78 25 64 88 53 98 88 61 38 94 36 43 6 78 33 4 35 3 67 50 7 40 84 64 81 81 18 74 24 
34 78 1 58 41 89 10 91 76 23 28 21 58 23 79 88 55 82 74 9 100 23 15 91 58 30 71 38 100 97 61 33 26 62 42 67 50 4 57 77 26 36 50 35 10 80 74 64 13 47 24 12 21 39 3 78 20 25 16 19 73 
76 3 99 37 45 17 38 48 25 67 25 60 68 59 22 47 33 85 11 79 61 22 100 99 76 77 70 53 44 41 77 20 43 75 8 39 43 98 38 67 16 62 79 83 73 100 81 5 36 91 83 96 64 34 46 92 63 16 44 6 
8 20 77 2 47 85 41 89 34 30 8 49 44 86 83 16 37 63 20 72 5 54 20 20 40 65 11 2 32 6 59 39 78 36 41 76 72 33 16 5 14 23 53 57 60 35 72 96 49 91 20 5 97 39 24 36 55 87 89 
87 92 47 77 69 82 69 44 5 53 60 9 67 34 13 23 94 99 95 41 47 37 60 3 33 50 27 68 57 13 56 43 56 55 71 77 88 92 72 93 44 83 53 10 17 66 33 62 64 79 2 63 15 14 65 48 15 91 
67 71 55 23 65 11 77 36 87 16 27 58 8 70 41 61 32 9 26 64 70 41 42 71 3 56 36 68 55 51 10 22 21 65 96 86 27 24 73 65 39 99 22 47 20 14 59 51 22 84 66 43 76 7 14 79 15 
1 98 21 51 7 42 24 23 89 9 1 12 81 65 51 31 39 49 50 52 7 1 26 42 18 68 69 25 33 47 91 34 96 11 36 55 5 59 77 93 67 78 5 99 94 7 29 32 7 79 36 65 31 61 6 100 
80 74 24 13 73 66 98 68 29 33 22 33 44 51 25 62 80 81 61 73 39 41 57 45 71 92 9 1 52 66 1 83 92 76 95 64 94 44 83 22 29 57 6 72 59 82 33 38 63 45 62 1 86 18 98 
56 9 6 9 12 24 61 95 15 88 89 30 81 85 12 54 13 20 59 84 78 41 68 15 3 13 29 55 98 46 4 53 55 62 13 66 85 73 12 51 61 53 80 41 37 43 47 49 63 5 84 92 45 51 
59 99 63 87 6 12 32 9 17 38 22 29 56 6 2 67 56 14 19 87 54 55 30 52 3 44 57 38 35 53 89 93 52 3 31 9 15 63 17 31 52 91 59 7 48 12 74 4 25 92 42 31 99 
71 82 53 66 38 91 53 91 79 45 94 81 28 2 47 90 70 77 41 60 88 100 8 99 73 63 76 16 56 6 14 79 39 67 44 29 57 96 71 87 93 64 19 20 17 66 61 38 94 53 98 81 
52 57 32 76 71 7 92 26 64 57 56 2 75 100 30 83 47 100 69 39 15 40 10 83 5 70 21 98 75 70 31 26 78 62 54 48 20 97 25 83 53 81 36 28 32 18 10 78 17 31 69 
84 70 30 66 74 100 86 23 26 7 53 3 84 66 56 83 85 52 8 67 57 40 55 84 23 72 45 52 40 75 20 23 96 2 41 21 1 78 44 78 85 48 80 68 14 36 51 98 39 10 
17 95 1 23 30 23 94 27 74 33 53 46 56 49 47 48 69 99 25 64 76 9 64 7 29 77 94 31 26 33 40 94 79 92 16 61 14 9 87 39 42 39 36 49 87 34 48 8 84 
72 71 11 33 34 18 61 62 11 43 40 95 82 33 74 25 1 34 38 9 20 28 2 10 16 2 97 49 49 4 85 21 26 95 5 12 12 17 25 75 59 64 21 92 49 94 16 49 
79 53 9 50 32 11 60 47 64 8 48 13 63 32 85 40 78 41 51 42 57 28 16 15 43 36 6 91 82 21 91 12 25 100 14 8 62 25 55 25 32 54 89 46 37 25 85 
14 65 88 55 73 15 22 87 57 58 44 100 91 16 90 2 40 89 67 100 2 91 6 79 74 59 67 19 95 44 4 60 60 91 15 33 57 88 71 65 45 67 64 87 82 6 
41 74 46 7 73 48 50 78 26 23 36 44 42 82 87 97 93 99 87 59 31 95 47 53 59 43 19 75 30 1 32 22 74 77 28 46 24 29 75 1 52 62 45 45 43 
83 41 87 81 79 46 63 73 92 16 83 34 34 9 15 86 40 36 59 17 16 56 92 44 82 45 47 43 89 91 85 23 31 72 56 61 69 18 33 60 85 68 45 71 
76 60 56 68 47 67 36 62 74 27 58 56 71 4 98 11 47 35 86 77 58 41 38 26 10 22 37 95 41 81 17 69 40 72 36 39 90 71 52 64 49 9 71 
20 65 68 82 11 54 67 39 11 59 28 36 69 2 24 15 42 5 31 62 96 54 97 34 44 19 86 7 68 46 77 39 10 96 72 72 50 39 63 12 49 42 
100 17 43 23 83 37 27 13 98 23 67 47 56 62 65 93 68 84 39 96 74 100 43 46 72 44 36 86 56 84 27 7 53 22 29 35 58 56 100 7 30 
18 5 37 79 70 30 98 5 20 45 79 19 39 24 42 83 11 27 90 94 6 96 98 27 24 85 36 31 36 42 12 53 47 49 83 68 30 32 24 1 
76 2 19 66 77 13 48 87 91 89 33 96 84 82 22 60 66 57 90 53 51 54 5 97 2 39 16 83 70 39 83 97 93 53 63 21 65 62 60 
8 51 92 3 34 25 25 45 43 33 87 95 83 40 52 31 93 90 98 75 12 37 9 60 81 61 22 1 78 36 60 85 86 3 87 71 28 63 
16 22 48 2 16 82 41 67 13 33 9 62 59 72 98 67 31 30 79 5 31 56 40 42 92 77 45 31 47 24 45 14 45 92 15 60 74 
7 79 38 91 39 99 49 62 49 67 44 30 46 48 60 53 39 2 97 15 98 27 62 21 71 27 65 15 94 76 40 100 6 29 43 96 
79 91 57 27 10 1 9 55 100 68 59 39 21 55 53 18 81 66 90 4 93 54 70 86 82 9 37 87 37 79 35 67 22 91 46 
31 43 54 37 43 21 95 81 94 50 85 63 82 51 53 85 95 6 6 32 39 14 20 26 2 99 12 69 72 2 14 2 45 67 
38 39 39 84 19 84 33 55 47 67 5 99 51 51 56 57 82 95 22 2 72 76 52 83 96 23 36 61 76 32 79 65 70 
17 48 40 53 33 95 99 99 51 49 1 2 56 9 35 2 83 88 25 58 91 59 53 65 95 13 92 78 91 56 100 59 
56 39 63 40 85 13 38 36 61 90 89 69 99 75 70 33 63 95 90 5 5 94 70 99 58 61 29 100 69 28 10 
24 18 73 15 3 85 52 90 98 93 30 66 43 4 35 75 18 81 16 23 86 61 92 36 18 4 64 69 72 43 
79 47 61 51 61 15 87 64 4 84 9 33 49 51 88 36 26 6 16 93 28 1 54 71 89 71 26 4 40 
50 47 70 96 7 20 9 73 58 24 76 42 32 60 90 83 99 25 60 4 93 52 83 45 57 5 33 28 
31 37 19 32 83 40 27 41 59 87 65 16 11 92 9 42 51 99 76 1 75 35 57 67 39 39 64 
95 96 96 74 78 84 44 9 18 83 87 10 93 74 74 61 84 65 69 77 67 19 53 68 46 39 
24 12 29 14 27 24 9 23 49 38 58 93 46 76 27 33 85 20 58 59 80 93 75 100 21 
42 19 25 9 64 64 84 27 44 97 54 19 58 28 68 95 85 12 93 12 38 77 97 57 
34 7 88 78 33 40 98 74 58 23 34 73 38 69 51 81 66 56 100 75 83 19 21 
20 30 65 31 19 41 79 28 26 37 15 3 70 54 53 95 63 75 81 87 64 49 
38 96 66 93 95 40 28 65 13 99 46 77 81 65 18 12 92 95 48 6 98 
69 12 2 16 26 76 96 13 91 44 2 86 10 94 33 1 73 97 13 71 
43 90 4 59 59 15 50 53 14 7 2 83 18 3 50 96 30 45 8 
20 88 9 58 97 54 90 50 79 86 62 1 80 3 4 38 61 18 
39 66 32 46 67 66 15 22 15 10 51 11 17 23 98 77 80 
47 83 69 96 61 6 9 61 38 12 65 27 72 34 66 89 
17 11 56 34 25 77 48 35 79 58 3 1 8 80 32 
54 62 100 1 74 58 9 34 95 20 50 21 44 84 
86 32 100 48 39 34 73 67 33 59 46 43 61 
98 2 92 30 7 5 81 7 30 38 67 64 
84 39 13 57 82 48 42 65 100 42 56 
85 66 22 17 24 19 11 36 69 12 
80 50 70 36 30 76 66 20 95 
29 3 33 93 59 14 41 53 
30 92 94 85 76 11 59 
92 34 77 55 69 45 
18 100 94 88 36 
76 15 1 95 
9 29 97 
41 73 
8 
