32 2
54 49 60 2 56 37 21 96 62 48 9 58 7 46 80 44 45 81 22 97 22 7 57 57 91 62 83 96 100 44 43 
6 92 3 7 47 91 79 95 52 79 55 61 85 100 93 80 96 73 1 92 95 60 100 51 50 61 33 45 13 76 
40 18 20 94 76 18 84 54 12 87 32 66 99 69 17 91 48 12 64 1 3 58 60 3 60 61 15 45 5 
27 72 96 44 91 41 19 9 24 25 20 62 56 38 61 24 54 51 24 66 66 24 20 75 35 74 35 95 
89 31 51 67 2 47 63 93 87 33 1 63 57 72 24 65 61 84 40 15 87 63 32 4 38 3 79 
72 29 65 18 17 95 69 35 96 15 97 40 53 82 92 15 38 64 91 54 76 26 94 90 12 8 
73 16 46 76 46 69 4 62 87 72 56 7 58 3 21 7 43 25 88 86 92 77 49 82 31 
25 7 76 66 71 83 91 38 80 18 83 49 73 96 87 96 51 93 53 5 65 59 99 89 
98 85 80 75 85 13 57 61 20 32 27 90 14 69 79 94 86 13 94 58 8 80 53 
58 24 57 14 88 68 13 28 65 49 60 39 33 72 47 94 91 78 72 32 92 40 
62 85 25 74 30 34 81 9 38 90 84 94 4 71 61 68 50 78 16 9 68 
48 81 15 93 23 92 64 7 83 55 68 19 79 94 48 64 74 8 53 16 
43 47 71 13 59 38 15 88 5 23 56 4 55 70 97 78 13 60 36 
48 15 3 18 45 96 66 61 22 25 13 37 68 11 7 32 22 96 
98 9 52 21 16 55 75 37 51 4 50 63 39 97 29 94 14 
25 41 31 85 62 8 50 50 27 60 8 10 33 55 8 42 
6 28 57 61 54 94 63 58 95 25 96 91 53 41 56 
30 82 39 14 43 46 15 45 24 75 4 33 7 59 
92 100 64 71 9 24 25 2 87 34 48 63 29 
38 68 70 45 97 3 83 62 97 80 77 41 
3 3 45 36 61 3 79 13 18 50 21 
94 74 74 32 7 21 94 87 10 13 
8 54 9 10 89 23 7 68 51 
99 23 53 43 10 65 97 88 
77 15 37 97 60 10 22 
91 68 42 36 55 51 
49 14 57 9 24 
97 31 82 64 
81 80 86 
85 75 
95 
