120 6
4 43 61 95 55 11 71 45 5 12 81 95 21 17 93 45 14 58 34 3 39 53 95 72 77 84 85 18 88 26 73 43 69 85 37 75 96 7 19 52 71 51 47 43 19 39 87 32 48 21 86 86 73 33 58 2 16 94 71 55 19 95 49 39 80 85 65 75 44 83 26 66 33 24 8 3 63 95 87 10 67 72 96 91 4 5 44 72 98 14 78 68 9 27 59 88 63 23 14 6 58 91 23 42 15 31 45 29 77 31 90 95 2 37 85 58 41 29 81 
90 42 58 10 2 84 20 41 47 42 54 4 99 97 27 41 63 9 37 91 85 67 80 79 20 17 15 77 9 95 57 51 37 15 60 90 50 79 31 96 72 36 52 71 32 30 63 94 38 99 36 74 65 16 4 36 84 18 13 92 13 21 42 1 87 53 42 37 31 72 84 55 60 35 25 91 16 39 37 53 89 72 78 5 39 81 40 74 51 52 66 15 25 59 67 11 64 8 47 46 32 31 100 91 17 76 33 33 14 21 37 2 45 15 6 83 47 46 
57 97 49 74 63 73 84 81 84 47 89 82 45 72 12 44 14 29 20 98 13 33 19 49 87 63 15 44 97 62 41 5 10 42 30 25 14 14 5 49 12 45 31 56 68 42 52 81 22 71 79 86 55 49 35 93 63 49 37 59 62 77 16 24 70 45 48 84 10 52 84 74 49 14 81 16 8 32 97 81 2 27 67 9 27 1 1 89 1 89 99 15 18 66 38 87 11 85 70 72 88 54 45 36 19 26 52 26 9 100 7 63 26 73 71 4 25 
23 92 77 12 42 91 29 8 80 67 70 16 89 41 4 94 38 91 12 15 42 90 23 93 48 37 18 72 7 73 96 82 16 24 45 58 67 25 17 46 91 86 62 79 26 17 72 15 7 84 29 1 25 4 93 72 40 63 43 99 35 38 80 51 13 24 60 79 48 76 77 90 61 38 69 38 6 40 53 12 75 81 12 51 84 57 22 24 19 64 74 53 53 53 55 66 28 14 96 27 89 72 16 49 61 84 39 66 76 91 30 2 23 93 53 59 
49 26 34 19 90 7 72 42 59 78 59 38 92 7 64 32 78 79 33 91 15 71 56 42 13 37 95 35 30 99 45 30 25 78 49 14 84 72 7 94 49 18 31 92 24 94 24 53 25 56 43 91 78 51 32 90 87 78 76 68 77 21 98 53 50 98 66 34 69 24 27 69 93 10 13 16 3 88 69 79 95 11 69 72 61 52 13 100 82 88 67 58 60 16 62 10 13 27 95 33 2 21 54 95 82 66 62 37 53 30 15 47 93 36 70 
5 39 82 4 20 21 23 29 33 38 90 42 3 68 36 87 22 8 40 16 42 57 29 78 9 59 92 7 3 79 76 7 18 9 63 89 30 85 18 62 74 59 55 76 79 42 15 100 1 6 67 42 63 95 19 23 5 63 82 7 93 57 14 10 18 28 51 47 12 20 60 85 78 66 13 56 7 79 7 59 84 73 1 46 20 71 21 24 85 2 31 78 10 96 87 27 23 89 25 86 8 36 22 38 1 86 93 59 64 52 18 100 76 70 
97 95 40 17 19 25 18 1 2 28 48 40 6 22 81 31 7 88 66 80 25 19 66 70 77 81 21 46 80 48 15 77 43 7 45 61 83 63 13 36 42 60 27 47 81 7 77 39 47 95 18 71 13 35 92 41 68 64 87 99 12 53 27 54 11 72 66 93 86 78 28 27 89 7 73 21 13 2 59 11 48 28 82 60 15 25 52 82 89 38 32 100 43 59 5 53 30 22 46 67 99 25 93 39 83 17 59 48 70 17 58 17 96 
39 28 10 16 80 43 4 17 75 55 11 33 11 64 14 32 9 80 82 85 24 20 68 92 78 15 62 46 72 78 93 63 58 55 78 37 97 33 5 23 39 16 55 49 79 20 32 39 51 13 23 74 84 42 18 13 8 79 10 32 8 2 94 65 56 23 1 5 7 6 27 97 21 34 45 51 53 28 89 56 40 63 81 23 57 98 87 64 76 96 95 36 97 40 100 5 14 53 9 72 58 87 68 30 20 64 80 73 91 20 80 30 
82 60 4 38 58 90 54 85 37 100 20 34 40 20 90 53 24 98 77 33 84 44 14 56 8 93 80 98 64 59 80 97 18 35 87 27 77 40 12 13 39 31 46 30 2 87 35 25 84 11 57 20 54 70 75 61 14 54 59 29 64 90 26 81 24 12 8 100 3 19 13 93 1 10 23 55 97 57 79 32 67 88 3 20 9 77 33 75 82 43 55 45 32 32 78 55 43 37 55 97 7 19 90 7 28 12 13 76 20 44 8 
86 83 62 57 43 91 41 17 72 83 24 69 14 55 98 21 50 34 27 46 92 97 87 98 24 50 63 52 69 6 11 6 88 72 15 30 62 55 99 86 90 22 6 55 76 55 75 25 88 53 23 31 49 9 80 25 11 42 76 79 47 38 37 34 9 51 64 23 57 62 60 46 83 65 53 10 19 79 87 58 32 9 40 32 69 19 56 79 61 83 10 7 20 46 41 81 96 4 55 4 17 14 2 99 30 54 60 100 32 46 
9 15 6 48 47 75 66 54 5 26 37 14 33 8 11 25 40 58 28 46 62 96 59 63 46 40 68 5 39 99 51 47 66 8 46 12 34 12 65 39 89 53 4 21 13 15 45 4 24 24 50 85 71 8 99 16 48 66 21 38 17 23 37 82 82 82 45 16 93 61 6 34 14 9 54 78 75 51 81 99 26 30 35 97 90 86 64 37 51 36 26 19 10 62 100 92 44 44 7 88 5 12 21 70 72 27 47 99 29 
79 49 6 9 83 54 98 68 18 86 71 53 11 89 63 25 41 54 20 36 12 59 92 23 32 61 46 58 59 44 38 38 92 43 98 75 49 95 94 66 32 16 70 94 5 84 18 97 89 37 32 100 96 24 74 27 84 20 36 95 63 25 84 7 67 33 33 67 79 26 84 10 42 54 3 98 89 73 94 78 9 25 29 56 48 55 34 84 26 21 30 40 45 65 46 64 97 78 30 75 56 14 84 97 19 38 46 7 
10 91 36 71 67 17 78 67 71 12 2 96 32 31 87 77 95 33 40 43 10 21 17 65 34 52 13 4 89 10 11 51 100 98 73 19 14 50 85 84 61 86 31 45 68 18 73 14 2 64 56 63 84 72 80 70 75 44 73 15 54 83 17 5 33 89 23 46 39 7 82 51 44 64 95 11 33 67 24 34 30 79 97 66 2 76 35 28 19 7 43 24 42 59 29 74 48 3 71 38 62 52 88 5 16 83 68 
48 1 91 82 83 22 30 48 75 57 34 3 75 92 45 51 85 55 31 10 2 33 81 39 46 32 79 3 99 13 70 47 13 12 80 47 33 61 94 60 17 79 62 43 71 6 93 55 12 23 65 14 8 97 4 5 28 82 7 79 94 28 25 59 40 56 5 24 16 51 83 32 29 96 26 51 53 19 6 65 93 22 30 52 18 33 57 97 67 15 75 12 43 51 70 34 6 27 9 73 77 44 56 57 39 82 
8 92 52 65 56 44 86 85 48 55 69 56 3 87 70 78 99 12 80 20 97 38 46 6 10 74 49 66 83 87 99 90 30 50 54 37 45 91 73 44 97 42 99 99 28 69 76 78 32 56 98 29 45 95 34 54 69 34 71 3 72 21 92 2 70 97 38 67 39 11 10 35 4 61 33 83 29 61 61 60 68 58 40 12 4 73 17 24 58 88 26 30 8 17 31 30 65 20 48 3 82 9 89 85 69 
22 20 97 34 80 9 1 89 48 12 92 73 28 16 30 67 41 59 27 10 41 56 26 61 55 81 94 63 69 31 32 42 50 80 75 29 88 75 69 36 38 60 60 18 27 89 36 20 100 62 29 40 69 6 52 23 86 98 86 55 28 69 96 77 48 71 57 36 97 25 23 87 84 82 4 63 22 91 82 21 53 10 13 73 15 16 96 53 13 33 7 92 1 54 68 100 24 24 87 73 100 9 59 36 
42 14 98 16 4 79 88 8 40 52 81 54 68 28 6 32 12 64 24 64 18 43 63 93 19 50 17 18 10 75 53 4 40 50 19 96 28 6 55 67 58 87 73 77 14 30 60 77 46 83 40 63 78 55 7 96 4 24 65 65 50 70 68 90 71 86 37 99 44 91 17 53 78 41 29 43 23 88 20 68 23 59 82 100 65 40 47 68 63 63 85 13 32 52 54 3 90 90 53 85 80 21 37 
9 14 65 52 88 4 23 7 26 33 88 77 98 79 75 17 42 38 1 6 21 5 59 75 46 100 27 30 31 100 18 40 65 82 43 52 37 65 58 63 97 97 91 46 75 66 63 16 3 15 73 75 19 31 50 64 82 76 45 13 27 62 4 91 95 46 42 32 62 51 46 10 47 36 56 22 1 70 89 55 84 62 30 3 44 79 18 26 6 63 90 85 76 93 75 71 90 69 54 51 19 51 
12 66 86 67 39 39 36 27 45 72 88 74 74 32 4 91 9 62 5 98 46 33 90 72 55 79 92 8 81 11 10 92 28 95 11 66 85 98 92 30 69 32 55 94 63 11 37 23 72 41 20 69 73 61 40 79 91 84 86 71 94 95 14 73 42 76 90 78 74 81 59 42 64 14 88 78 24 24 100 47 16 19 15 41 31 6 19 21 89 5 43 34 51 57 6 44 32 47 22 57 80 
80 51 43 45 38 21 20 61 72 66 76 43 80 16 73 38 35 94 26 91 36 12 93 44 69 89 28 16 10 84 95 41 86 37 38 23 9 57 35 81 23 63 23 54 30 95 91 64 40 69 6 76 80 51 71 48 39 98 15 100 34 9 40 19 98 77 94 58 34 28 38 8 90 12 61 20 59 52 35 98 20 93 25 51 43 96 98 81 45 65 80 78 73 71 49 22 100 42 80 33 
21 69 40 11 81 52 82 91 3 68 88 74 60 65 24 54 12 74 86 8 38 17 38 62 88 86 36 87 79 15 71 99 35 62 61 15 13 94 57 68 62 97 41 73 61 65 79 24 90 64 31 79 81 68 40 20 53 75 6 31 41 28 82 76 89 42 42 53 36 99 20 49 95 61 21 7 77 99 82 66 15 12 96 95 32 35 14 84 62 71 67 2 98 100 29 38 41 71 90 
28 21 10 76 15 22 97 73 98 47 54 15 61 17 10 55 48 96 20 84 57 90 2 11 39 1 39 76 41 61 66 69 81 27 96 47 48 92 19 45 39 24 11 51 41 20 58 88 67 77 71 76 19 24 38 57 24 76 85 17 89 50 37 69 28 32 68 75 76 86 71 14 62 81 16 54 52 73 41 70 2 64 45 20 87 82 76 63 10 12 79 98 13 15 18 40 98 85 
14 73 23 36 38 36 16 54 89 19 26 29 89 27 44 33 98 83 67 26 45 76 37 75 25 50 41 94 89 38 79 55 11 53 90 48 88 58 1 76 76 79 56 16 57 52 1 55 34 67 80 30 94 16 56 18 65 96 11 6 33 41 60 43 93 49 91 32 6 43 59 34 21 15 49 30 66 49 84 51 67 63 32 60 30 87 29 47 34 92 52 66 32 63 61 77 11 
3 8 69 97 67 2 18 33 2 99 50 3 82 52 69 96 35 81 25 73 61 71 6 52 74 23 84 36 83 12 99 85 71 67 82 89 20 51 21 73 49 22 75 82 73 96 77 7 28 1 31 88 24 36 40 49 59 75 85 93 86 35 30 8 1 63 97 72 13 69 44 13 91 71 46 15 18 22 74 97 74 4 84 49 40 75 98 50 49 34 42 86 68 71 94 20 
33 42 43 97 10 38 61 100 8 6 67 77 79 40 73 53 43 57 53 82 83 2 83 84 35 25 69 54 95 14 73 28 7 67 24 17 5 85 68 64 42 34 41 21 25 13 73 68 21 77 1 56 79 84 39 65 8 59 19 54 25 43 81 31 10 57 99 14 41 19 77 82 52 69 54 77 34 78 96 54 55 48 9 33 31 99 97 90 58 15 44 82 10 24 64 
19 80 63 84 72 81 60 6 84 81 59 12 14 37 7 19 43 55 80 75 37 78 23 27 35 90 22 68 99 45 32 69 77 46 52 100 26 63 57 61 43 68 73 56 4 31 27 98 37 6 72 26 83 46 52 70 35 25 37 33 69 20 53 97 65 4 49 42 19 5 3 61 24 27 69 79 57 95 76 46 100 47 71 34 93 74 3 79 98 40 64 18 11 16 
67 76 20 15 17 90 71 71 2 95 97 22 73 6 16 49 51 67 47 73 53 91 98 55 70 95 46 33 64 57 48 30 84 19 96 100 8 67 23 10 13 19 31 85 76 99 85 78 17 84 50 69 74 47 76 95 93 21 27 57 29 27 86 12 45 82 64 5 100 86 14 12 56 96 48 32 46 85 61 63 68 11 83 41 9 58 88 54 31 14 62 59 40 
99 23 37 32 86 41 31 71 6 94 78 53 94 61 99 78 22 13 45 84 95 37 44 5 24 97 87 90 58 45 81 57 67 17 40 4 9 71 26 14 16 4 19 9 64 17 86 85 81 82 68 27 71 64 31 46 60 17 35 70 14 68 78 32 84 17 36 45 39 61 10 55 64 28 63 80 96 1 16 76 34 36 3 56 99 33 2 58 2 88 79 67 
55 56 98 91 25 33 35 63 46 44 17 61 24 32 40 19 84 56 95 17 43 97 73 41 81 26 50 34 13 29 100 20 36 50 10 60 82 96 23 79 91 91 40 14 22 31 33 5 38 27 74 80 75 46 20 7 71 70 41 35 50 40 54 85 89 15 45 23 62 19 53 53 9 44 18 83 75 50 39 12 28 12 92 2 9 63 9 31 32 1 66 
33 92 71 18 33 86 14 7 99 32 59 51 92 3 21 26 29 70 65 40 98 28 83 51 37 98 11 67 81 11 84 14 55 55 31 87 92 96 93 90 79 3 93 70 5 13 48 85 34 64 25 83 91 59 34 79 56 96 46 37 59 29 50 13 35 32 99 26 27 43 68 5 45 12 26 2 76 25 86 9 88 62 92 79 21 77 57 28 24 54 
16 82 35 17 94 69 48 44 47 26 38 66 82 83 77 60 84 52 84 21 12 72 83 3 2 55 31 58 34 55 12 50 36 46 66 82 66 66 77 64 43 15 29 25 97 5 36 32 8 19 4 20 42 86 74 43 92 5 1 26 59 64 27 94 61 44 27 26 61 4 42 4 18 70 80 14 27 15 97 34 85 100 5 27 38 79 69 29 83 
21 6 41 84 84 86 96 28 13 74 88 68 15 43 85 84 74 50 10 88 98 96 25 97 100 51 34 78 71 15 12 44 72 4 27 56 90 75 35 54 48 22 73 62 17 57 45 90 58 7 30 55 54 54 51 53 56 37 83 78 3 46 21 26 50 100 81 91 74 15 96 21 89 68 82 57 76 78 46 33 84 75 87 37 80 89 42 35 
77 76 65 79 21 85 5 70 84 37 60 57 4 55 77 44 74 10 100 49 88 45 81 23 72 19 12 3 8 53 90 84 28 54 15 100 38 71 70 22 59 81 30 62 36 59 57 9 68 56 10 7 53 90 30 76 9 41 78 68 45 67 3 24 20 17 23 58 39 92 31 50 73 12 11 60 70 68 20 38 75 29 96 27 71 25 54 
31 17 32 98 13 50 100 36 70 69 59 79 59 2 61 8 26 72 19 37 42 38 9 31 64 37 78 91 59 3 96 89 71 27 86 84 77 86 19 98 6 29 28 64 83 88 72 8 59 42 97 52 31 5 34 94 93 12 36 52 66 32 40 88 58 26 71 86 63 42 83 68 22 10 83 4 49 54 64 60 95 60 63 25 16 97 
71 8 60 6 59 25 37 51 12 47 76 35 84 90 28 19 9 49 80 91 53 29 97 68 88 91 79 50 68 94 98 90 53 57 95 12 33 84 62 97 82 89 83 65 78 10 83 38 58 15 28 62 43 24 29 82 67 59 31 86 52 81 75 57 89 21 68 22 4 81 70 85 69 52 2 98 61 36 87 70 50 66 32 44 90 
12 25 8 23 8 45 26 88 19 82 76 39 49 49 95 81 70 79 1 73 32 98 85 68 36 55 69 2 38 13 43 1 37 50 23 96 46 49 83 64 30 11 54 79 11 48 11 81 27 12 53 10 61 38 29 97 44 98 98 81 62 40 81 50 41 4 46 86 52 80 1 81 90 54 11 1 2 22 33 80 85 37 89 45 
74 70 41 17 19 90 97 80 81 30 29 73 33 26 10 36 6 10 68 47 16 31 99 17 4 31 48 88 68 88 32 93 57 25 10 75 14 58 6 95 39 87 19 23 12 29 58 17 90 26 64 5 56 62 73 59 45 20 98 64 8 29 56 16 53 17 91 19 27 48 65 65 34 83 88 46 63 97 14 53 74 29 57 
81 91 30 91 87 1 88 50 8 17 57 76 21 74 18 91 52 65 55 16 99 38 55 44 100 52 9 4 77 38 61 58 28 42 48 66 42 36 67 2 4 23 77 76 48 94 67 99 10 21 67 8 10 73 3 62 76 12 65 53 49 77 10 28 70 9 93 12 96 11 65 99 85 93 75 33 38 93 83 47 13 1 
7 75 26 9 36 1 20 52 5 68 29 14 47 98 75 91 61 70 1 77 69 86 21 95 70 58 39 4 57 3 5 63 77 30 23 64 82 43 68 87 62 48 52 9 97 26 99 10 96 52 86 16 37 59 62 58 68 100 61 24 2 65 38 31 46 61 46 80 3 13 66 16 60 17 76 9 95 27 18 90 78 
3 57 66 13 18 23 81 69 83 4 22 100 42 4 97 54 50 76 8 14 41 23 26 10 51 34 4 77 51 45 54 5 1 71 18 18 93 98 38 27 1 59 78 94 63 75 99 64 50 6 77 43 81 2 4 31 35 7 7 37 51 12 42 51 34 59 20 26 56 9 4 8 67 82 54 81 8 4 96 57 
10 73 51 90 26 54 72 13 12 30 49 62 41 42 64 74 100 35 51 7 43 6 67 62 87 72 94 94 75 90 3 84 14 5 25 91 11 96 3 22 77 4 36 17 45 51 42 97 86 44 3 80 50 69 93 88 40 39 34 67 28 88 50 93 92 27 83 54 74 38 76 51 93 63 19 37 13 13 33 
50 56 88 82 57 8 74 97 100 12 30 66 91 17 67 35 60 93 70 14 19 7 41 69 51 3 39 87 67 51 72 17 59 11 98 15 18 23 63 17 87 92 82 77 60 1 64 72 93 33 85 11 91 77 31 41 79 70 79 45 20 50 13 30 60 62 45 30 85 7 46 71 51 80 99 62 80 14 
33 24 46 17 87 36 93 17 28 23 86 7 20 58 8 32 87 20 94 83 49 30 42 46 52 44 25 2 5 56 16 38 80 61 6 66 49 51 34 76 73 72 34 44 29 42 76 67 61 21 2 61 2 43 6 53 38 83 54 42 38 21 79 69 82 85 86 82 87 20 9 11 91 43 55 71 84 
82 37 96 2 90 56 3 84 13 7 21 95 12 63 85 33 93 53 66 29 91 47 15 10 7 26 52 49 80 22 84 61 10 31 14 100 86 68 83 51 74 56 45 37 18 29 69 62 34 34 91 24 32 5 85 91 82 36 39 61 57 75 73 18 5 38 17 91 5 52 41 30 7 37 67 76 
18 87 37 3 73 27 78 56 84 62 46 65 49 85 78 57 59 2 74 63 40 43 5 44 46 97 26 4 86 44 79 3 30 67 57 54 46 34 10 29 47 55 45 47 91 22 3 1 76 28 16 15 70 20 10 15 69 35 18 54 78 48 8 60 15 16 13 60 49 22 40 47 29 84 93 
19 58 47 72 33 74 87 99 96 6 8 62 26 95 32 31 24 79 90 83 45 5 48 4 5 69 95 51 49 79 95 20 88 41 91 72 67 77 70 62 34 77 23 60 71 54 42 95 33 32 29 29 36 76 33 41 97 79 43 97 57 90 16 96 30 6 67 48 82 36 9 16 13 32 
27 35 37 68 81 21 51 62 50 39 37 34 79 85 12 73 82 21 62 97 16 44 55 83 91 36 18 100 3 82 83 81 69 71 1 1 92 51 62 41 89 51 74 19 35 37 44 68 57 5 17 73 100 71 55 43 58 24 94 13 6 76 93 26 98 45 26 89 96 88 29 36 38 
54 7 24 91 50 92 47 6 8 71 58 30 25 100 87 1 93 99 58 20 44 83 17 88 8 6 35 47 86 23 36 92 29 60 34 30 3 32 87 62 3 44 91 79 43 29 79 87 80 36 6 23 70 75 62 78 80 97 76 17 19 12 8 47 71 41 28 73 73 14 86 27 
58 76 5 52 4 36 39 35 23 96 57 93 70 19 22 1 67 97 18 85 8 77 83 30 70 10 54 94 75 39 20 32 66 76 36 22 11 74 56 34 21 13 78 91 83 99 91 1 47 60 85 7 89 19 36 58 80 42 3 54 80 22 38 46 49 73 67 12 98 22 97 
18 86 74 8 20 24 51 20 70 62 56 76 50 26 64 59 5 5 61 11 84 34 48 81 83 72 99 46 69 73 42 38 10 15 98 30 38 48 1 59 61 9 35 63 34 98 73 91 2 34 53 37 19 100 70 53 23 68 98 91 40 39 28 50 5 25 31 94 24 83 
53 37 91 39 99 77 88 23 19 41 56 71 77 27 22 98 31 44 66 29 86 5 19 65 6 76 42 88 69 17 71 73 53 13 11 3 41 98 26 59 38 33 29 67 11 2 64 42 45 29 22 82 86 40 99 43 15 40 31 36 8 1 8 13 65 19 67 6 68 
92 64 58 77 45 24 39 46 39 80 43 20 1 76 57 93 74 99 7 65 81 94 73 33 2 85 98 72 51 3 39 95 18 96 23 62 71 61 60 62 93 54 81 45 81 37 37 55 87 96 71 68 89 43 100 90 79 97 13 82 51 52 28 69 99 2 82 22 
14 93 83 6 98 15 3 79 3 39 85 89 86 55 8 27 50 8 68 80 56 81 13 59 84 40 79 34 41 60 55 7 5 89 12 2 3 66 80 57 57 64 46 42 71 5 68 72 64 36 51 72 16 64 30 51 55 8 84 48 19 39 54 23 79 17 25 
34 83 4 90 39 20 87 32 42 92 100 13 55 87 15 26 54 30 7 4 85 14 87 32 33 77 85 7 56 1 31 89 35 87 30 73 58 17 5 99 60 56 63 66 42 77 44 95 7 50 98 43 16 84 74 100 61 10 6 68 62 89 8 97 75 37 
21 32 5 77 82 16 32 44 82 25 72 77 71 78 26 20 20 93 56 45 44 68 54 2 35 68 90 42 64 64 30 36 47 87 13 28 2 96 23 35 73 94 11 43 24 37 63 95 81 70 92 25 37 97 26 71 64 67 64 27 82 45 63 28 31 
27 7 85 22 81 19 94 26 30 89 1 18 3 96 50 72 39 74 8 35 51 30 99 69 45 77 50 89 91 29 72 17 87 8 91 67 26 36 45 7 24 45 24 26 92 74 97 30 99 4 65 2 85 15 70 29 91 72 70 82 100 41 50 87 
48 40 5 25 76 49 32 99 46 55 77 37 80 73 67 31 29 83 32 13 97 53 94 39 76 63 20 76 3 70 14 2 61 70 78 36 71 9 87 16 16 15 52 95 87 70 77 67 52 60 32 100 65 25 39 40 87 58 67 41 79 32 94 
40 2 71 27 72 80 65 39 47 79 90 93 18 60 70 36 63 29 67 63 93 91 1 33 29 10 51 21 89 83 14 80 36 85 58 59 16 23 97 14 53 86 6 70 97 75 6 60 56 24 22 100 67 74 84 95 83 35 16 23 17 29 
2 52 65 12 10 32 86 58 45 38 43 3 60 92 77 17 51 84 40 24 84 6 49 67 53 31 1 68 6 69 48 59 72 65 70 33 48 55 90 45 45 85 47 4 76 75 20 78 59 11 53 94 69 1 60 21 83 13 40 88 81 
87 47 53 3 68 37 51 23 27 47 19 11 93 22 38 19 93 15 29 55 67 22 23 19 34 95 53 46 34 41 26 73 39 30 75 6 67 77 80 45 23 50 55 67 71 44 38 15 58 66 22 76 88 44 94 73 39 46 18 24 
38 95 96 28 77 23 86 95 99 17 39 74 67 45 40 89 88 77 4 45 95 25 72 34 20 17 6 10 62 23 86 52 69 81 79 45 3 16 39 54 33 77 27 99 73 18 87 60 47 42 56 41 18 27 74 90 43 31 99 
57 53 84 60 73 17 90 18 19 6 56 72 38 85 50 36 9 68 74 69 14 16 76 54 33 55 79 74 49 9 73 57 13 8 16 85 76 6 54 95 63 10 18 100 46 68 87 54 35 60 74 100 27 2 5 12 56 83 
85 4 43 9 61 55 17 28 91 92 33 45 38 47 6 8 46 3 27 84 56 61 44 82 12 70 83 16 33 38 50 18 93 92 26 53 46 42 81 36 86 65 32 75 12 37 82 9 39 8 93 47 20 88 80 83 9 
62 98 42 51 47 59 43 38 84 48 35 78 80 23 15 44 54 89 7 43 23 68 81 82 60 79 54 47 58 36 7 19 34 48 21 32 6 64 22 90 63 56 19 42 30 33 37 84 73 44 26 95 63 58 29 22 
37 82 20 94 69 26 65 54 74 85 86 31 100 7 72 62 14 90 3 44 22 40 79 95 35 56 41 97 13 21 70 1 2 41 47 71 18 11 24 43 95 61 74 47 19 45 8 33 35 63 28 8 2 6 54 
88 61 47 36 25 67 5 78 21 97 24 91 14 34 66 57 80 79 82 26 97 26 86 81 12 48 8 72 1 65 25 88 77 71 23 54 38 79 31 58 27 54 100 40 39 17 48 70 95 81 48 44 59 33 
24 70 80 84 41 32 48 18 19 77 88 93 30 77 23 60 34 1 65 85 92 3 2 40 24 48 72 71 91 30 3 67 52 34 50 44 65 49 61 35 25 1 79 54 77 53 65 63 53 29 47 45 83 
100 36 7 48 7 29 90 89 32 56 40 17 57 35 34 6 96 20 30 96 99 36 24 3 100 86 8 81 33 52 15 84 39 73 31 97 2 73 85 85 28 24 53 37 11 86 42 6 6 23 53 56 
58 76 58 10 62 65 42 46 68 8 29 6 33 60 3 34 84 39 70 63 15 22 99 25 8 40 30 65 15 82 20 72 9 29 33 70 46 26 15 65 34 44 23 66 55 77 51 90 15 72 52 
29 93 51 53 52 42 34 16 56 67 87 28 76 68 12 97 65 38 12 81 23 7 3 40 13 79 90 2 94 61 53 74 5 55 27 57 97 12 24 52 79 11 79 54 30 43 2 46 80 13 
26 54 71 29 93 35 59 34 36 4 94 41 78 50 95 56 6 91 67 30 43 97 92 73 2 73 67 4 18 98 68 43 51 39 23 43 25 82 76 13 85 21 53 62 71 99 69 76 42 
36 57 36 32 100 60 86 72 27 89 41 24 56 84 75 46 6 69 71 87 45 35 24 17 39 85 87 37 54 15 30 41 23 65 24 23 77 9 46 3 97 87 26 5 70 52 50 27 
21 72 66 17 6 89 33 44 73 72 33 78 86 62 70 8 79 94 82 55 2 28 57 51 14 34 55 35 38 56 61 10 28 26 26 85 14 10 29 39 33 61 68 18 74 38 78 
52 31 59 6 84 86 14 34 51 100 40 85 37 96 46 46 23 23 23 7 89 84 87 27 17 99 46 86 73 83 63 76 65 74 34 1 11 47 86 14 46 26 98 82 21 95 
79 95 18 53 53 6 37 40 84 53 38 29 90 62 64 5 38 80 78 71 80 40 69 18 53 15 43 51 48 63 97 79 9 14 31 61 71 67 100 54 71 90 35 61 51 
50 65 40 29 94 62 61 33 31 78 38 97 72 40 44 34 36 74 42 50 5 54 20 23 54 26 94 95 60 6 97 9 70 37 89 15 98 1 47 80 30 36 76 1 
75 72 34 11 45 27 12 1 33 31 24 86 56 69 32 67 74 28 27 95 16 16 9 66 68 7 45 98 43 73 98 69 44 84 79 40 62 90 41 94 73 16 31 
80 36 62 47 61 90 73 7 5 40 67 70 8 73 67 5 67 39 54 36 82 37 66 73 99 56 13 92 80 80 23 59 15 84 57 27 25 82 33 30 73 99 
51 80 72 17 36 90 55 90 77 88 26 43 61 76 50 25 68 29 57 42 39 71 25 96 50 50 77 82 31 49 81 81 81 4 98 68 45 4 9 22 92 
87 64 4 62 65 28 81 93 84 22 83 7 99 78 56 48 6 37 78 7 69 10 39 72 59 58 69 63 67 90 6 5 5 9 66 69 88 99 13 72 
20 95 30 18 73 85 17 30 73 46 36 94 56 26 17 14 84 85 28 2 74 33 6 30 93 71 98 81 69 10 4 41 57 33 58 81 69 27 10 
93 72 98 86 27 75 55 93 58 39 20 59 65 5 64 94 97 87 44 77 7 53 80 47 61 12 57 41 32 35 3 25 6 52 62 33 26 16 
25 84 55 96 94 19 100 10 64 97 96 7 73 54 12 5 53 72 68 61 65 100 95 67 24 100 18 85 84 43 1 60 78 7 56 24 77 
55 33 40 3 80 99 28 85 10 32 37 33 99 97 97 50 91 63 73 91 32 10 74 27 62 34 56 20 41 79 96 47 63 87 50 94 
85 29 79 94 60 15 27 10 64 75 12 54 38 84 96 69 45 22 47 58 7 3 77 99 81 72 45 96 59 46 89 95 74 19 41 
85 86 67 95 49 93 6 54 30 41 2 51 38 75 97 95 81 51 72 79 84 95 75 79 5 21 19 100 94 38 40 79 23 58 
25 23 50 82 28 32 74 29 34 11 3 82 6 35 33 29 65 16 75 40 94 80 12 64 31 5 1 70 83 75 79 59 49 
80 40 77 11 14 5 96 76 60 78 33 46 62 61 11 77 88 2 22 67 13 85 97 69 38 18 4 12 48 62 61 27 
54 89 90 67 93 85 94 4 14 27 50 75 39 12 3 26 65 24 92 77 61 40 45 98 9 48 61 56 62 73 35 
15 61 24 33 6 60 26 9 74 52 10 100 91 21 3 16 85 26 60 13 86 51 10 35 60 9 96 15 70 68 
49 84 29 24 68 34 84 94 94 9 45 4 8 87 76 62 55 13 40 14 25 25 64 34 12 75 43 7 90 
64 26 90 100 54 14 67 39 49 60 85 57 57 88 16 95 15 78 49 27 17 14 4 93 30 89 4 4 
83 62 45 47 88 87 46 93 100 12 84 100 24 68 56 32 7 23 26 73 52 27 100 68 92 55 13 
21 43 68 77 26 30 73 24 69 59 69 61 58 32 96 9 7 63 64 90 21 39 16 94 90 94 
45 58 85 99 22 58 41 89 34 18 70 6 41 38 65 61 51 74 45 46 83 51 9 98 41 
81 36 8 74 26 1 18 35 37 16 56 94 9 96 79 26 66 85 67 3 1 27 5 26 
71 51 60 74 11 58 14 91 45 73 65 22 25 34 56 61 50 63 55 58 11 33 83 
76 69 1 30 21 28 35 47 50 37 6 23 47 15 88 37 60 60 1 33 84 35 
89 97 36 3 3 45 65 87 79 40 56 80 22 76 59 8 74 60 44 32 83 
90 46 22 78 57 82 79 90 17 65 30 65 52 84 67 96 49 54 26 40 
61 5 61 88 15 20 62 75 15 93 9 56 90 82 34 47 15 12 88 
32 28 17 96 79 100 15 26 48 68 51 88 28 8 100 15 74 20 
28 100 86 72 60 42 62 42 75 60 56 38 47 39 65 63 87 
95 14 1 72 62 68 74 1 47 33 100 61 7 71 41 58 
57 12 18 98 73 11 24 84 66 61 30 5 77 44 91 
23 58 91 46 71 10 19 71 56 4 22 68 10 93 
8 19 1 20 36 50 44 46 73 28 64 85 9 
20 13 53 10 87 62 52 32 32 13 2 54 
68 5 27 87 14 71 95 85 71 66 72 
72 9 70 96 88 33 32 97 52 44 
49 13 30 62 16 61 45 28 63 
98 47 67 76 33 33 47 27 
17 69 92 88 41 53 57 
36 40 41 68 36 44 
63 36 56 93 97 
71 5 41 50 
19 90 96 
38 66 
29 
