70 2
74 74 84 54 57 31 25 96 16 95 62 24 99 16 42 83 91 76 74 90 19 17 9 71 97 37 36 75 81 91 98 6 65 33 60 73 63 84 68 30 30 81 5 80 49 46 62 39 73 88 80 91 56 88 13 52 24 49 79 56 91 76 61 7 8 72 80 70 8 
99 51 37 32 55 17 80 1 30 70 25 69 49 68 24 36 80 76 11 80 6 66 71 81 26 77 40 98 8 61 5 59 11 93 90 65 9 69 17 91 90 42 59 38 9 83 73 88 10 83 20 67 100 90 47 25 18 86 74 26 46 78 84 56 71 73 20 31 
93 89 73 82 30 32 71 38 66 43 77 27 77 96 93 76 37 91 52 55 76 26 32 73 55 15 80 77 39 51 8 83 39 80 16 68 63 86 57 80 80 34 6 8 81 50 35 18 40 86 24 67 11 55 39 18 21 70 94 59 73 53 93 11 33 8 31 
47 93 87 27 24 72 84 31 53 34 65 22 25 50 45 92 13 99 82 30 19 52 75 29 24 28 21 86 12 80 16 58 72 55 84 47 26 20 77 30 53 93 51 77 42 95 68 6 93 2 87 63 5 14 91 28 41 11 65 52 90 33 9 13 87 45 
59 64 64 87 94 68 79 44 44 73 39 64 30 83 65 69 46 69 82 88 48 22 51 64 73 92 96 33 57 82 77 67 98 92 54 91 59 84 34 55 56 24 18 86 7 34 6 4 54 87 91 53 8 93 16 32 85 64 64 41 97 93 7 94 84 
60 84 43 96 18 97 51 93 66 88 99 51 93 54 4 79 97 56 38 89 23 69 73 86 33 13 83 77 72 76 60 83 12 54 78 29 2 29 21 19 68 72 69 13 77 72 91 73 79 81 62 54 49 86 91 33 51 73 9 22 1 21 4 12 
26 34 92 80 14 64 98 81 87 67 93 64 90 36 36 21 16 49 74 64 87 64 49 37 89 9 10 41 29 13 52 7 98 95 86 11 10 83 92 97 1 36 60 91 71 47 11 86 48 36 2 34 51 2 22 39 10 31 79 91 95 82 97 
93 76 82 3 86 16 46 34 17 82 45 7 4 43 69 42 42 4 43 27 6 96 48 45 5 30 75 47 25 57 43 69 84 76 71 21 92 69 6 8 50 50 66 53 93 34 94 34 89 88 61 94 35 60 90 40 90 65 86 14 73 81 
34 8 56 56 81 47 24 86 6 25 36 71 30 80 4 75 65 44 63 77 38 49 37 27 88 26 43 26 91 67 6 24 75 13 31 7 12 55 92 17 79 79 88 8 58 43 35 23 87 49 99 24 97 87 2 85 64 97 62 54 15 
19 29 89 31 60 47 42 66 39 11 96 17 98 56 27 40 90 49 26 38 99 1 34 38 55 70 1 3 31 7 17 1 35 58 32 46 4 25 11 42 35 7 11 84 62 37 24 51 37 1 40 35 54 73 72 8 43 25 10 25 
31 26 26 17 35 9 63 39 85 25 80 72 83 42 55 96 78 30 98 14 31 37 1 84 10 24 43 4 48 4 80 78 29 57 95 16 17 9 54 2 33 85 73 68 27 79 63 4 9 61 18 39 97 18 74 58 93 16 61 
41 19 93 70 99 49 64 14 66 24 67 67 9 4 91 76 30 69 38 85 77 98 2 67 47 71 40 4 64 55 17 56 25 9 25 24 9 41 37 74 64 56 92 72 59 34 47 40 55 85 24 83 34 78 50 80 100 89 
36 63 96 4 70 72 12 95 95 72 35 84 98 98 91 89 22 1 75 68 40 29 4 15 11 38 92 12 69 92 53 56 6 100 59 76 71 22 22 66 94 56 1 91 5 91 31 26 91 5 46 82 85 49 96 48 38 
88 59 59 79 11 14 36 10 73 11 81 94 84 98 39 91 98 29 96 40 12 73 30 16 18 11 53 19 58 100 8 45 58 66 75 21 80 11 82 4 73 14 49 9 11 88 99 60 68 94 99 79 19 80 47 88 
42 99 6 100 50 14 44 59 31 71 79 10 33 61 65 57 26 14 65 37 53 64 96 72 9 47 51 27 26 49 15 68 99 72 67 48 37 62 6 68 32 37 29 16 49 94 73 74 59 37 10 63 100 58 34 
9 56 36 87 81 84 1 100 82 25 66 29 61 80 87 28 11 23 57 79 71 2 51 44 60 87 6 22 39 15 55 47 70 91 85 50 26 86 50 8 62 67 88 22 46 26 2 9 48 10 87 70 11 89 
14 22 75 71 43 13 85 49 11 54 91 96 55 17 33 56 76 94 75 15 67 72 41 68 32 88 77 70 10 39 58 23 60 33 45 54 97 29 3 60 34 45 7 88 13 39 44 88 84 18 55 2 41 
95 22 73 34 50 42 43 89 100 17 100 84 61 54 80 41 8 91 74 52 97 62 17 87 57 56 22 26 10 24 66 56 45 38 90 94 80 84 34 31 53 34 14 65 87 45 6 94 36 31 97 84 
92 13 23 100 21 44 77 30 67 95 86 63 32 27 9 63 10 42 45 62 27 58 79 65 3 84 10 90 14 7 25 58 71 47 9 91 91 86 73 9 80 58 24 63 84 32 78 45 25 22 59 
4 80 37 68 34 72 78 75 85 36 99 94 6 98 3 49 40 40 21 48 19 30 23 33 13 6 10 9 31 84 67 86 63 3 53 48 74 30 22 11 17 72 56 23 21 10 23 60 49 95 
8 19 24 82 4 88 88 13 96 70 96 63 55 10 17 7 9 43 89 82 5 5 54 60 79 74 22 1 86 70 95 45 41 70 26 44 57 13 56 53 82 4 67 36 65 35 95 74 77 
83 55 33 39 60 45 18 86 66 70 71 35 17 15 27 38 40 70 95 53 78 47 86 81 65 74 97 99 68 70 28 2 25 60 40 84 4 9 69 21 31 39 8 99 5 34 36 45 
4 30 49 81 28 34 13 92 7 9 91 26 79 18 27 55 29 19 38 85 27 59 5 9 49 12 7 54 46 43 50 1 24 98 81 52 83 45 95 42 5 85 19 83 54 46 89 
35 64 79 19 42 37 75 51 37 87 57 42 84 51 91 84 75 40 16 78 75 60 72 68 64 9 86 99 62 83 87 48 98 17 66 40 5 41 42 42 79 98 83 62 1 26 
97 27 65 12 4 91 23 75 58 38 83 96 88 97 78 27 96 76 43 62 15 48 54 8 41 32 5 23 45 57 100 41 83 17 4 86 7 78 13 17 15 47 12 55 95 
89 81 91 16 75 4 82 22 9 89 62 92 46 37 36 2 36 28 85 52 83 22 11 60 86 27 26 85 38 80 31 78 12 21 94 87 76 75 8 84 64 22 75 9 
58 62 10 45 41 46 49 23 20 59 82 57 85 60 41 74 39 72 51 51 44 44 37 20 71 96 55 34 17 82 42 26 43 3 71 84 1 19 58 20 29 92 28 
65 51 69 38 89 92 40 91 87 84 27 58 6 75 65 39 91 46 32 69 40 34 39 75 86 9 33 5 89 24 85 53 74 5 90 14 96 29 5 34 64 83 
92 69 57 56 59 100 53 90 68 92 76 58 67 61 18 99 18 6 74 2 58 47 6 99 60 53 27 16 86 43 99 29 11 7 36 22 6 88 11 73 80 
86 82 46 47 99 96 64 4 69 17 13 67 22 11 78 74 90 94 11 32 44 40 94 50 27 15 56 15 26 80 94 63 62 91 9 12 38 24 68 6 
40 80 72 13 91 49 86 80 94 49 11 37 88 56 87 14 71 94 80 48 25 25 10 86 15 71 50 4 46 17 9 86 96 32 50 86 33 36 17 
26 84 79 15 23 35 1 88 57 46 68 4 70 44 65 8 11 35 57 14 81 73 23 18 20 6 67 58 38 54 74 16 89 53 30 63 39 82 
3 95 27 22 50 48 65 14 55 75 49 11 89 81 35 63 50 55 68 68 12 58 74 37 73 62 41 54 77 79 87 79 25 65 100 74 12 
64 88 67 91 88 29 79 20 64 41 21 70 8 40 33 17 13 21 89 27 62 94 3 92 80 81 17 44 32 42 8 47 81 74 37 20 
2 15 91 17 55 11 38 15 51 70 83 15 91 24 41 4 17 43 95 49 75 63 44 58 57 51 5 37 76 41 9 30 56 99 46 
62 62 36 28 12 5 11 78 47 34 19 50 2 13 97 50 40 59 46 97 15 96 1 4 72 42 12 1 49 62 98 10 23 33 
38 86 90 100 64 36 85 82 38 86 46 86 88 85 96 33 34 63 28 34 66 51 75 29 3 23 90 1 85 13 85 74 98 
74 73 61 62 57 94 51 94 92 36 81 28 31 13 61 93 93 95 10 95 21 38 98 96 80 50 80 92 86 5 41 60 
29 54 73 37 99 75 30 90 62 63 18 44 75 30 89 19 24 98 66 97 88 63 92 19 64 23 10 49 79 2 60 
7 55 84 43 6 58 24 47 71 86 64 15 13 46 3 31 69 52 96 17 91 10 8 9 25 82 70 74 60 72 
85 18 78 69 60 83 78 36 30 49 21 45 15 33 90 69 16 11 72 63 27 63 25 87 23 49 20 93 74 
32 16 59 49 93 27 61 28 4 96 9 4 68 53 70 53 95 38 68 57 10 82 35 24 6 21 46 55 
93 90 28 24 5 38 24 50 64 36 77 20 83 85 75 51 89 45 55 35 34 22 91 95 3 26 18 
61 98 16 67 42 5 46 17 62 84 93 11 99 28 87 18 63 23 93 65 11 89 19 98 22 40 
40 17 94 65 86 6 15 1 72 8 58 18 25 19 53 17 29 51 96 67 69 58 89 13 22 
51 1 40 100 22 31 40 90 77 56 76 82 22 76 54 30 85 23 54 3 75 22 83 77 
17 1 45 75 41 9 48 44 9 40 43 83 70 82 72 46 90 99 28 11 75 33 40 
11 7 45 66 33 66 100 9 35 1 6 61 41 14 8 36 75 47 79 9 69 12 
32 66 1 31 45 12 57 77 3 67 35 48 32 67 65 32 76 99 84 33 59 
76 46 19 12 72 17 42 32 85 53 64 51 6 46 95 17 2 24 71 20 
58 18 4 77 83 87 52 33 70 36 44 45 33 62 8 5 78 49 88 
15 2 3 17 7 48 63 75 1 86 45 21 96 15 76 72 49 62 
75 81 83 10 24 27 42 85 87 98 15 35 86 81 88 88 49 
94 88 11 20 88 49 17 60 96 31 35 67 79 96 93 11 
30 54 35 57 47 71 43 97 37 29 82 69 17 21 17 
62 60 28 82 48 76 50 7 23 32 94 89 10 41 
33 72 71 38 6 79 84 29 73 80 65 1 13 
34 17 86 50 79 45 29 12 92 56 13 51 
78 44 96 18 5 36 2 76 58 39 82 
36 23 62 60 54 26 61 67 11 29 
4 13 59 48 41 22 92 49 34 
94 26 77 89 44 81 76 45 
57 86 36 90 73 58 51 
33 63 28 45 81 39 
73 84 3 32 32 
43 53 75 43 
87 68 69 
15 8 
64 
