27 2
75 33 30 80 27 52 3 1 38 22 43 96 16 85 54 65 47 8 84 26 13 70 20 63 11 12 
90 56 89 44 88 63 28 17 42 6 68 44 6 5 18 48 100 33 32 5 50 30 64 33 8 
76 3 27 90 13 38 80 20 78 75 7 40 2 23 33 7 90 29 65 46 46 12 97 30 
96 54 79 77 69 12 84 97 66 62 86 30 100 65 49 29 91 7 69 44 29 53 51 
18 81 67 15 78 78 11 60 25 16 90 2 85 1 37 81 18 99 66 99 50 83 
99 78 25 5 98 69 33 3 71 2 83 37 16 13 66 79 24 91 94 13 44 
30 66 32 10 83 30 28 34 31 10 32 9 86 37 58 54 21 60 24 23 
95 12 90 59 78 20 82 68 66 94 63 95 11 94 5 46 24 84 79 
6 45 10 66 30 98 24 84 19 35 59 93 29 71 34 39 48 6 
20 67 71 66 29 17 76 22 73 21 97 56 99 55 100 61 20 
30 10 95 13 80 30 23 24 10 93 58 49 40 15 20 58 
85 85 86 53 13 60 26 33 8 81 84 62 33 96 82 
62 57 28 26 37 57 48 60 19 93 69 67 32 83 
38 42 19 75 27 72 87 38 49 71 46 81 6 
59 13 53 92 26 10 20 3 46 28 51 57 
46 43 26 12 26 60 2 67 31 76 46 
54 62 83 2 32 80 34 90 91 47 
42 82 24 51 1 27 48 29 29 
5 26 23 82 90 48 93 91 
67 23 66 64 28 27 98 
29 10 30 63 99 20 
61 93 1 84 43 
54 10 43 34 
90 47 59 
12 80 
48 
