23 4
25 81 17 3 26 66 80 44 70 37 21 74 77 35 37 44 43 77 50 87 34 37 
83 35 76 3 17 86 100 71 43 76 4 59 78 29 76 9 24 98 46 45 71 
22 31 59 65 25 88 66 11 21 55 46 55 30 48 23 67 99 45 62 75 
48 20 52 76 48 61 100 45 6 96 15 79 78 26 95 2 13 12 13 
85 66 10 91 47 57 13 66 56 57 27 30 5 98 33 32 45 45 
83 89 2 30 56 80 7 33 26 9 45 38 73 29 55 82 71 
54 90 83 19 45 39 45 26 95 42 11 27 39 55 9 27 
57 39 34 36 45 66 14 5 62 3 29 42 57 10 12 
10 100 94 80 96 85 24 74 79 18 84 5 56 38 
66 34 94 56 20 82 52 37 95 57 99 97 85 
92 5 47 4 67 98 49 46 93 33 22 18 
64 91 1 20 46 39 85 31 84 92 50 
65 44 87 59 52 37 7 88 28 12 
34 31 78 83 80 75 28 64 96 
45 27 86 46 47 83 36 83 
14 71 75 15 36 70 1 
46 21 89 5 60 17 
16 94 99 45 76 
30 19 3 94 
67 100 72 
52 97 
70 
