27 6
90 43 89 80 21 9 14 80 35 16 94 74 73 58 29 55 38 48 81 65 3 86 79 24 41 39 
17 56 75 58 30 65 100 70 96 73 78 9 4 13 25 97 38 49 6 19 55 43 18 35 59 
20 21 89 95 13 28 11 69 54 69 50 70 20 19 66 92 97 26 47 61 2 44 50 51 
49 20 5 44 37 40 54 9 12 43 3 76 22 66 44 75 86 93 45 57 12 10 1 
60 35 47 72 37 42 73 39 91 93 43 34 81 34 87 41 97 81 96 73 2 61 
16 29 98 9 73 6 72 34 6 83 20 5 54 8 46 78 46 36 70 89 21 
3 22 60 43 19 92 38 43 46 50 58 74 99 18 98 5 89 83 10 71 
2 14 76 62 60 54 7 47 75 47 20 29 21 79 24 91 70 61 33 
15 63 90 40 61 8 37 65 48 19 27 71 73 92 98 34 3 3 
92 50 78 39 69 58 11 99 81 1 68 94 33 35 56 74 26 
68 81 63 85 81 33 11 3 57 54 100 42 57 3 86 6 
32 24 26 89 34 24 70 86 43 15 18 29 70 91 55 
89 24 69 73 56 1 35 58 10 89 57 51 97 59 
36 2 90 11 79 31 96 2 100 81 96 14 50 
25 35 93 31 75 68 99 48 23 99 34 80 
60 74 88 63 70 99 50 23 40 13 1 
70 8 54 21 41 50 34 42 26 20 
34 56 95 53 54 94 75 4 27 
6 16 53 46 78 22 44 27 
45 83 39 45 5 99 51 
25 91 52 59 32 77 
30 18 84 24 70 
89 69 97 44 
48 2 59 
100 99 
36 
