23 6
23 29 34 73 33 44 46 51 41 39 85 65 20 75 34 24 37 42 16 49 41 60 
23 43 77 92 100 28 91 43 97 65 24 30 38 56 74 35 6 66 73 42 30 
93 17 15 68 53 56 83 1 97 94 75 91 70 18 42 50 60 84 46 24 
7 76 13 15 1 47 20 66 72 62 48 64 30 62 83 34 70 65 86 
66 10 60 56 31 29 97 80 88 32 26 63 39 53 76 53 53 74 
24 70 45 37 17 60 66 79 42 51 48 58 36 65 67 47 72 
98 75 20 29 14 51 54 77 41 58 4 45 10 77 69 80 
74 57 48 85 75 78 27 25 77 36 13 41 3 11 64 
52 86 83 80 51 86 86 27 26 43 82 23 5 11 
43 36 84 99 83 68 73 61 46 50 37 82 14 
30 36 24 93 39 61 28 70 12 13 55 38 
90 50 72 12 6 82 54 41 65 5 75 
84 29 35 30 78 24 63 91 53 50 
67 97 88 27 24 57 38 88 64 
28 78 65 99 89 70 80 95 
10 96 99 84 79 27 71 
60 57 94 74 99 98 
23 65 46 10 44 
70 19 81 9 
34 8 86 
98 58 
27 
