50 6
49 83 83 71 92 52 27 31 13 13 97 79 59 80 11 14 20 9 49 35 75 21 5 58 87 81 100 89 19 12 67 67 46 1 89 90 4 16 72 68 80 68 47 38 48 9 4 19 18 
4 53 92 24 9 2 10 42 53 98 60 64 16 79 61 68 67 50 72 82 74 39 13 41 37 3 40 46 6 59 15 9 63 58 33 24 59 94 65 63 92 76 78 59 54 39 27 21 
40 50 54 13 40 19 54 77 21 45 22 26 55 36 34 18 93 18 93 4 12 57 66 3 32 44 13 38 34 39 10 73 88 15 38 28 33 91 4 53 87 77 30 42 64 64 11 
8 33 3 63 44 11 29 98 42 24 11 31 9 1 40 81 89 55 18 68 39 60 23 92 99 99 21 92 14 36 2 21 69 4 84 12 14 64 62 7 39 72 38 47 72 29 
79 12 83 49 79 22 60 1 65 58 51 37 49 16 25 2 37 93 5 72 56 70 87 69 29 25 40 66 23 64 46 1 75 29 1 6 2 61 58 18 70 61 6 71 76 
30 72 64 74 29 87 82 98 73 50 26 97 42 43 71 5 89 24 31 69 24 88 22 36 46 91 58 58 96 28 33 26 99 49 99 79 35 80 77 8 82 54 56 23 
49 27 79 89 2 61 57 25 49 30 13 46 20 70 3 15 49 87 40 99 35 91 78 22 22 6 29 3 11 36 77 59 14 7 47 15 68 55 92 68 84 4 13 
3 25 67 18 73 53 9 23 40 51 100 61 73 5 41 27 16 76 56 26 42 62 73 56 29 27 99 96 63 54 60 65 78 26 34 2 79 95 25 70 45 76 
30 69 33 22 96 100 49 51 25 90 12 97 98 93 76 96 88 38 50 48 54 79 25 88 81 3 34 57 24 78 84 53 47 16 74 94 15 23 44 40 64 
7 88 61 99 15 57 39 4 6 38 58 36 62 97 68 17 30 24 40 7 60 45 5 75 70 98 42 92 41 81 8 48 20 68 98 87 24 36 90 81 
25 47 69 87 43 36 55 72 12 94 31 71 38 35 45 8 33 86 51 25 18 58 24 90 78 22 76 53 9 65 86 34 64 54 72 58 89 26 30 
100 19 12 70 9 46 67 68 30 4 70 55 74 80 78 15 57 99 90 61 60 6 46 93 21 99 64 79 40 41 60 39 59 71 61 19 16 79 
38 46 34 8 100 7 39 29 21 95 80 62 7 39 20 53 83 40 3 98 70 42 38 29 33 48 99 93 67 15 23 56 12 56 63 63 15 
1 91 35 47 70 49 54 60 20 58 42 11 60 39 81 2 28 9 34 76 60 78 94 26 52 49 37 7 64 99 73 16 41 8 15 11 
8 68 70 27 77 64 89 36 2 69 89 82 30 22 57 89 51 50 14 2 50 2 61 13 100 33 29 92 92 43 2 51 62 24 29 
38 39 18 25 40 86 14 73 67 87 29 55 38 30 20 91 80 21 3 44 20 36 24 64 79 18 65 30 31 40 58 20 78 27 
45 70 13 58 42 31 44 23 86 33 52 5 76 83 26 78 27 97 65 50 60 44 20 77 25 50 68 34 70 46 61 14 67 
25 23 60 55 18 82 92 3 34 97 78 16 74 7 94 70 72 96 82 67 15 58 43 64 77 76 85 22 88 98 40 64 
72 100 19 90 81 62 92 66 58 21 34 83 27 27 5 50 22 86 68 36 95 10 52 71 38 36 45 25 86 84 41 
9 35 11 98 16 72 41 33 82 13 66 64 92 45 68 41 66 5 9 54 99 18 57 22 7 44 66 84 81 1 
24 90 36 34 39 3 5 32 35 38 44 53 2 35 97 21 76 14 26 36 19 76 5 27 97 12 23 14 95 
3 15 70 92 2 3 31 4 59 62 90 49 57 42 50 92 90 22 19 56 99 54 26 27 58 5 75 21 
27 89 67 29 55 36 73 56 90 55 59 49 16 100 97 24 94 98 15 35 71 85 42 70 38 68 96 
48 24 22 20 50 10 87 30 64 22 2 71 12 56 81 12 23 81 60 47 74 57 13 8 27 98 
50 48 87 69 95 86 44 17 6 93 78 92 74 94 65 28 64 28 35 45 39 58 77 98 56 
50 6 20 9 85 69 10 84 56 30 79 41 73 47 98 17 24 41 91 69 6 18 33 85 
52 29 76 61 57 25 68 58 31 40 66 67 8 28 50 15 57 80 8 82 26 5 98 
2 46 40 70 3 9 54 39 13 34 14 25 90 39 93 47 21 32 13 87 91 92 
36 6 48 68 13 81 45 17 79 46 14 18 68 68 79 21 59 91 7 72 15 
96 10 59 43 30 42 55 68 33 98 56 38 45 23 2 26 67 70 56 65 
36 25 84 3 3 56 61 93 62 85 60 58 46 18 100 28 60 6 95 
92 3 50 81 99 24 82 76 43 51 31 59 38 8 42 41 10 49 
53 55 11 89 14 20 35 31 71 62 42 76 56 85 30 58 65 
28 81 98 56 75 1 38 33 38 45 26 30 55 75 35 61 
37 23 74 8 9 56 78 70 50 53 78 34 34 87 99 
61 19 48 68 94 48 6 78 86 50 4 67 56 30 
1 16 66 76 41 73 84 49 50 6 98 54 83 
31 87 21 81 99 39 29 19 32 76 24 62 
13 73 65 80 29 94 32 96 11 7 89 
35 91 37 36 96 86 41 30 68 79 
50 49 29 88 29 47 72 56 70 
85 69 43 49 100 23 94 31 
70 56 90 58 90 80 46 
77 27 83 17 56 51 
47 57 51 75 96 
79 22 19 34 
43 3 54 
37 51 
5 
