24 5
80 52 7 61 20 35 17 68 38 11 14 82 49 90 7 19 79 20 30 74 53 94 95 
59 18 9 33 48 64 84 24 43 87 30 4 6 16 72 73 53 83 86 86 83 76 
92 53 6 11 82 79 63 28 74 22 97 34 6 45 98 89 68 92 75 49 47 
32 65 19 4 69 53 42 55 35 69 46 40 74 9 73 52 71 52 77 44 
49 11 49 45 60 89 64 51 63 64 98 46 28 68 2 49 20 43 3 
6 11 100 45 84 8 18 35 31 69 12 74 69 74 23 13 85 11 
76 35 26 40 84 23 19 3 24 67 22 66 21 80 76 73 24 
11 80 93 46 10 14 9 36 82 34 10 47 18 72 22 4 
97 13 40 20 84 42 95 2 16 61 75 95 88 47 70 
99 26 63 96 88 76 4 75 9 89 84 55 6 55 
29 61 4 93 100 75 28 94 69 30 9 81 4 
3 69 50 24 67 27 86 62 66 13 17 92 
22 5 75 76 62 82 56 22 37 49 74 
11 76 67 31 57 75 12 60 29 80 
61 52 46 40 90 7 57 2 75 
49 75 79 23 3 92 56 58 
13 92 6 86 54 34 52 
85 90 78 96 2 6 
75 14 10 72 53 
99 30 10 52 
4 10 27 
34 84 
29 
