120 2
43 97 1 24 48 39 52 19 40 72 40 12 68 34 33 7 58 15 86 80 65 4 32 16 64 21 43 5 14 39 61 56 35 13 31 34 51 83 4 90 54 43 53 73 28 86 79 38 52 17 69 16 20 100 84 35 20 78 92 33 16 52 41 2 16 23 87 66 5 90 7 10 84 59 34 12 96 65 1 48 81 69 63 52 20 98 87 39 76 30 24 43 33 16 45 48 38 83 65 95 73 71 4 56 29 38 19 25 2 71 24 34 39 86 85 58 36 23 49 
63 52 24 5 84 91 1 31 28 84 95 22 8 17 78 15 98 67 34 22 20 56 45 53 95 82 37 4 69 60 4 31 63 79 88 47 69 40 29 97 23 76 70 82 92 99 97 89 65 82 62 84 37 58 88 83 92 25 39 60 36 42 43 98 21 30 96 41 69 25 89 44 52 59 77 43 9 73 84 26 6 97 61 95 55 49 77 98 25 15 9 60 9 51 9 81 80 5 21 1 29 10 96 80 20 72 74 28 45 9 5 2 58 66 96 64 14 73 
61 38 39 69 49 99 20 57 79 51 61 100 3 41 61 98 72 80 70 98 59 66 58 64 67 15 29 63 78 94 87 38 83 77 59 83 76 78 39 54 80 52 5 83 44 65 80 16 96 49 65 55 66 22 70 33 37 50 47 14 95 33 4 77 9 62 59 84 39 49 90 70 52 46 52 96 63 32 63 58 32 27 64 98 48 33 82 36 34 28 50 28 12 5 4 72 66 14 8 56 15 97 25 18 94 29 13 56 60 75 66 43 53 29 92 1 14 
25 88 47 4 89 27 15 93 82 87 58 48 94 65 62 42 90 79 87 70 44 43 81 70 60 23 23 40 67 75 53 91 62 52 47 51 30 61 43 11 99 53 58 44 69 19 85 58 50 72 79 45 66 59 14 25 82 36 64 100 62 69 42 24 72 88 26 1 1 20 11 99 24 21 43 93 91 79 2 40 2 81 36 19 39 50 95 72 37 59 71 99 79 13 74 2 52 51 2 52 70 64 51 46 84 45 38 75 75 91 66 77 71 2 95 10 
3 90 33 39 100 4 89 30 68 14 31 19 64 84 23 86 99 73 31 35 69 20 61 43 10 78 19 33 31 66 94 33 7 26 24 58 81 64 87 48 78 69 19 93 4 41 78 2 65 60 88 85 31 100 27 93 78 98 25 8 15 70 93 21 95 68 30 28 31 68 27 8 36 45 53 91 37 82 44 53 42 32 37 24 31 16 68 8 13 92 68 27 13 12 99 60 79 28 87 9 47 13 69 82 58 21 24 46 2 67 51 95 98 87 19 
81 54 38 40 66 82 7 44 94 18 94 53 48 73 39 57 19 52 25 52 61 97 75 58 98 42 8 93 39 47 63 71 100 52 11 66 33 17 61 27 87 55 79 34 27 70 42 46 21 66 97 33 14 72 90 12 65 98 56 3 96 70 74 95 21 36 12 54 52 73 80 90 79 10 76 5 79 17 2 51 35 51 83 48 74 25 11 38 74 18 92 69 87 17 15 60 52 27 65 56 51 44 45 29 5 72 85 36 41 39 86 75 89 21 
74 14 97 85 51 22 54 42 90 41 11 4 52 62 82 16 17 32 11 14 12 15 85 97 2 25 35 40 51 75 60 25 88 8 61 90 29 14 83 70 6 93 25 57 55 7 24 71 38 34 84 50 1 21 98 2 97 84 41 48 10 52 24 49 59 36 38 39 1 20 8 59 13 33 67 19 39 91 89 28 24 25 29 24 97 78 26 93 61 18 92 22 70 15 70 80 2 7 19 3 79 26 61 43 10 27 61 100 17 1 28 93 77 
8 68 25 86 93 18 98 63 61 72 32 76 41 11 29 100 81 31 78 59 43 72 68 22 32 68 90 84 47 82 61 6 50 85 91 94 54 41 8 15 12 39 42 4 2 70 3 82 53 32 92 95 3 60 68 86 79 58 70 25 91 82 30 92 18 73 86 72 65 93 38 28 84 31 31 37 100 86 70 4 17 62 99 72 21 18 57 51 75 26 75 66 59 56 57 77 80 94 100 96 39 89 23 74 19 6 10 18 91 79 22 7 
40 72 78 12 89 87 62 16 64 88 33 23 96 89 51 75 35 2 23 25 90 45 98 8 2 7 77 92 37 50 51 29 73 80 40 14 66 2 29 30 89 61 4 36 1 54 11 87 7 85 11 96 81 8 55 83 66 83 74 55 33 24 83 57 56 22 70 21 75 50 2 16 10 5 51 63 10 13 49 16 97 12 11 78 19 17 60 37 100 85 91 32 61 25 88 16 46 10 88 73 59 90 88 21 94 38 83 56 3 83 71 
51 94 34 28 65 50 39 1 49 76 43 32 88 67 72 3 64 81 42 36 39 31 23 59 77 13 93 32 67 76 2 17 69 35 97 85 37 87 85 37 62 79 69 49 97 92 3 61 72 45 96 62 75 71 73 3 35 17 34 1 92 88 17 13 74 13 97 10 100 34 47 13 64 67 62 61 58 16 21 29 60 68 42 87 38 66 89 24 83 75 24 74 62 41 38 35 5 87 97 56 72 43 69 35 61 82 95 18 97 67 
98 9 87 39 95 76 5 35 100 39 9 23 64 22 15 2 9 72 40 5 27 11 99 95 97 59 28 44 28 25 10 25 33 48 15 79 24 19 13 23 9 74 97 73 95 12 26 55 83 65 59 61 27 9 56 23 19 35 66 46 11 28 70 95 75 85 73 98 55 38 72 64 63 69 36 9 80 13 64 14 77 74 74 3 83 81 77 1 16 43 99 26 22 68 21 96 4 45 46 59 34 17 74 96 85 9 5 16 21 
20 29 49 93 3 3 27 35 79 80 50 73 78 28 94 97 100 90 1 44 35 59 78 3 32 25 88 92 81 3 64 100 84 64 45 38 66 23 72 44 2 74 17 31 1 62 28 100 51 28 95 37 38 24 40 21 1 79 64 81 81 27 33 16 90 29 53 7 51 25 50 53 98 18 83 50 80 62 1 82 89 47 71 78 71 10 98 23 88 13 3 20 39 87 88 80 15 40 38 66 64 40 70 13 57 4 14 88 
66 14 22 6 61 92 36 83 53 85 5 92 98 59 63 88 98 50 20 12 90 57 29 5 96 98 70 5 54 83 44 19 97 65 76 9 8 11 43 60 48 99 51 45 9 14 32 6 15 51 18 4 60 98 9 55 96 30 11 49 12 55 19 60 71 46 20 79 9 62 38 56 12 41 100 21 6 83 26 20 86 95 76 45 93 36 99 40 65 10 40 76 64 10 36 34 55 55 64 15 69 2 70 80 94 21 52 
51 4 30 70 89 76 97 33 20 32 83 59 96 92 50 24 7 11 59 93 66 65 8 32 85 61 2 17 54 74 68 4 77 97 26 17 73 22 1 92 54 84 3 1 27 4 24 86 15 34 30 32 51 37 63 35 98 16 51 51 90 19 7 18 67 84 35 91 5 87 35 10 70 37 63 49 92 86 34 6 20 63 37 22 99 100 56 48 15 59 51 56 29 57 74 95 40 60 38 96 46 72 6 68 60 68 
16 51 5 49 9 76 63 45 97 13 44 5 61 11 63 11 18 91 67 43 37 58 2 74 53 100 97 10 67 8 29 82 11 86 82 19 61 44 63 10 56 59 14 16 21 28 78 38 18 44 81 6 53 34 80 58 33 28 19 51 36 100 84 46 85 65 16 97 60 78 6 16 36 71 83 8 98 61 98 67 56 78 73 9 63 4 66 48 83 36 50 70 35 34 15 19 98 82 16 58 60 73 25 47 96 
7 55 45 19 52 12 75 81 36 35 95 91 52 42 73 87 44 43 22 77 9 92 26 91 59 83 50 84 59 48 79 18 54 23 36 5 86 62 37 73 96 84 63 99 77 36 86 20 30 59 96 38 50 22 80 61 56 29 44 15 29 74 84 82 48 71 39 34 33 27 58 80 10 21 31 87 8 68 6 89 26 2 26 27 75 6 87 30 86 30 96 14 55 79 48 3 2 86 88 86 64 45 17 74 
17 47 60 24 14 65 64 91 18 90 18 92 47 56 74 84 38 69 50 92 100 97 94 1 34 81 86 97 26 2 22 94 1 81 70 66 98 33 57 67 22 26 59 20 81 84 4 18 52 53 10 3 1 55 3 34 36 40 82 13 94 4 6 94 36 75 11 33 8 67 52 81 92 62 1 73 45 56 42 96 60 3 99 60 58 53 45 45 93 26 9 38 81 14 83 17 41 93 1 100 60 52 32 
51 13 84 75 9 39 17 5 98 71 55 57 28 59 53 24 3 79 32 40 59 98 22 27 38 15 28 89 26 31 20 28 44 56 3 52 94 71 8 44 41 14 52 21 73 5 44 27 83 76 67 93 25 40 20 14 6 99 2 31 29 73 59 24 28 13 76 74 35 35 17 27 1 68 99 25 72 43 51 6 70 69 51 46 9 70 59 14 68 60 45 48 84 55 72 64 19 99 37 53 33 53 
31 85 72 30 9 96 24 12 1 45 80 51 90 40 72 48 54 91 59 50 39 94 56 10 57 74 8 93 78 92 97 60 77 69 89 37 64 64 48 16 60 80 19 49 19 90 48 72 33 58 73 71 4 28 32 60 53 39 5 30 30 1 42 58 21 30 95 36 46 94 4 5 73 22 6 92 63 5 15 95 15 40 17 18 67 48 29 72 38 33 53 20 86 94 77 58 76 23 94 21 17 
97 77 41 70 34 84 84 39 99 31 5 90 47 22 8 47 50 79 84 35 32 3 72 77 32 29 52 54 74 24 22 22 53 63 91 86 98 75 76 48 57 80 37 3 53 45 1 55 75 85 89 6 39 60 35 70 40 86 76 14 62 49 35 14 63 78 51 61 4 27 8 60 58 45 62 63 41 63 17 15 99 57 73 89 68 7 11 7 44 86 72 5 34 7 70 49 84 21 9 87 
99 68 98 56 64 59 70 4 73 86 71 23 42 43 12 61 49 22 68 44 59 39 49 44 97 18 92 32 38 52 18 88 20 15 44 83 26 65 39 50 51 9 25 44 3 88 5 3 9 24 46 19 14 94 62 63 64 6 94 53 9 64 41 28 30 36 63 55 100 53 57 2 13 33 46 15 20 2 17 80 77 62 98 90 8 11 52 23 68 46 75 77 61 67 56 90 2 70 97 
54 22 53 55 34 37 100 48 56 1 16 35 77 30 84 19 37 46 22 59 66 19 85 42 79 52 49 69 5 19 65 58 92 69 13 78 5 12 25 12 65 93 98 93 22 33 11 10 78 85 68 43 3 4 36 82 7 85 2 12 55 66 69 46 86 81 23 42 45 100 53 9 44 50 53 65 82 16 74 11 100 93 6 2 96 41 35 55 77 36 66 83 1 34 81 38 67 3 
79 11 54 31 71 97 32 23 13 65 38 86 76 37 30 33 91 78 25 25 32 2 61 97 36 13 82 16 3 48 71 81 58 24 64 28 73 47 51 85 12 88 23 39 77 52 71 19 29 95 43 12 48 55 8 84 20 90 99 22 37 69 54 47 45 69 74 69 16 24 5 27 64 27 17 92 31 87 10 11 33 4 23 33 11 82 68 30 71 18 3 60 39 8 6 83 77 
79 3 92 55 7 18 70 34 86 13 16 24 74 26 56 77 100 40 87 82 7 68 4 25 22 63 15 30 20 97 6 51 51 97 57 57 66 78 42 51 90 57 74 63 35 81 91 34 73 30 15 79 97 71 55 19 33 69 100 5 17 5 55 67 53 11 76 18 40 17 20 29 26 45 43 12 77 85 45 49 14 12 80 63 82 86 81 66 55 80 70 23 36 76 42 88 
86 69 57 25 37 76 5 62 20 99 25 96 84 70 97 49 33 76 11 66 61 43 31 67 74 53 90 9 28 83 48 14 51 4 90 87 79 47 1 50 97 25 98 80 46 94 29 30 69 91 95 29 34 26 96 7 78 37 68 5 71 15 70 73 19 12 59 97 10 11 99 6 88 96 38 85 89 66 15 9 56 61 37 41 38 84 48 67 72 15 24 42 81 93 14 
99 56 25 48 17 87 46 23 26 93 60 11 33 77 77 41 84 37 29 25 27 65 24 93 36 90 16 30 70 61 95 21 16 71 68 85 58 65 7 83 57 18 45 89 46 73 81 81 62 9 57 88 73 32 80 9 21 96 90 43 56 84 63 23 7 82 7 64 98 65 98 6 82 95 46 79 67 26 60 28 34 68 15 59 100 95 67 72 90 8 14 97 43 28 
19 49 61 26 12 58 90 62 15 24 56 60 2 74 85 13 2 71 81 68 29 32 14 47 3 55 54 69 51 96 48 70 97 9 95 8 18 84 21 33 7 28 44 61 2 29 73 55 99 5 74 27 36 88 25 39 42 78 59 93 25 6 62 21 66 8 81 36 91 53 20 50 81 63 10 34 91 34 40 41 39 13 19 26 100 43 16 42 72 74 86 49 80 
47 69 97 6 1 32 96 54 51 97 34 66 6 19 8 92 58 49 30 70 19 55 22 14 71 15 37 96 100 85 27 98 54 24 3 54 7 50 59 58 47 92 23 4 10 82 95 67 30 24 89 1 31 10 66 53 24 2 48 75 39 75 72 92 50 26 97 56 75 56 65 21 99 87 25 61 69 19 79 50 95 67 2 25 76 67 29 51 21 76 25 59 
2 48 2 3 73 50 59 48 57 23 20 56 62 44 16 82 15 46 83 9 13 85 85 40 3 13 91 75 40 67 85 94 15 86 96 87 36 54 86 44 29 6 51 90 1 18 71 15 64 53 75 76 89 59 67 44 23 9 18 15 76 3 8 42 40 55 80 27 61 66 71 89 23 21 78 23 39 100 38 2 4 64 29 93 23 95 88 97 4 5 11 
79 59 70 72 99 77 51 25 37 68 47 25 90 68 54 65 58 5 54 59 8 17 39 52 91 33 39 88 36 96 50 66 6 20 89 4 96 40 81 84 59 27 8 49 46 13 13 3 69 66 13 76 34 3 80 25 36 70 12 23 65 13 41 71 32 29 26 79 20 6 62 79 85 21 27 82 85 91 37 53 8 1 81 93 4 60 17 39 29 80 
13 46 93 53 68 76 82 93 7 1 51 20 79 35 93 57 68 77 99 4 82 58 5 62 51 60 73 19 98 53 99 62 98 43 15 65 18 96 58 76 48 60 96 79 94 88 35 13 16 86 17 97 43 73 58 45 32 82 64 81 35 14 42 32 56 8 49 25 55 58 1 3 17 96 81 62 35 67 74 50 4 42 47 99 14 56 43 97 38 
6 29 24 71 23 55 26 30 55 51 85 12 51 87 28 98 19 41 32 37 15 81 41 56 27 39 22 35 33 70 72 91 99 95 61 73 1 87 2 8 37 38 71 39 76 99 36 94 91 67 83 5 99 23 13 78 13 86 12 45 55 35 35 5 81 96 77 33 34 79 40 70 16 11 60 92 61 95 37 51 13 19 8 63 93 20 40 5 
5 51 2 11 85 88 16 17 83 92 50 16 22 89 37 90 51 48 33 11 94 21 14 6 92 21 21 84 92 60 41 48 63 94 58 99 81 25 16 64 69 65 31 42 5 20 31 56 67 15 66 61 36 31 18 79 51 38 62 42 50 54 41 12 47 99 10 28 23 25 43 43 41 25 85 46 96 15 53 15 82 18 75 69 1 44 47 
51 34 60 45 83 14 85 94 12 35 55 39 10 80 33 52 72 58 36 17 5 3 69 19 84 39 45 52 39 89 98 41 22 57 85 56 22 22 49 34 56 3 24 65 34 57 17 58 66 52 26 70 54 47 89 89 85 33 92 75 73 89 67 46 98 4 1 19 25 1 4 80 56 28 97 41 36 65 98 1 68 24 22 74 70 62 
62 6 95 54 32 19 94 98 65 91 1 65 62 25 66 17 57 73 44 5 13 31 69 11 31 36 34 5 9 55 66 23 60 60 76 91 31 21 40 95 64 41 11 25 17 76 93 25 100 89 29 13 19 49 23 2 85 8 6 45 14 71 67 25 83 94 67 13 15 6 7 78 46 17 54 15 45 46 39 44 34 20 56 5 68 
30 6 4 89 11 49 54 81 67 78 63 61 44 75 27 50 33 4 47 50 9 61 46 54 100 89 40 19 97 96 38 78 1 42 19 63 90 72 43 56 2 58 68 45 84 94 46 17 49 93 18 57 5 63 63 4 3 54 74 99 49 12 29 49 53 47 11 94 70 5 1 71 14 69 68 98 14 13 66 63 5 83 71 62 
97 33 65 99 86 91 50 34 54 78 34 58 76 96 3 45 1 3 16 14 23 83 63 37 47 28 51 4 62 21 65 58 6 81 9 91 71 58 77 76 87 62 85 62 58 87 6 10 90 73 75 12 7 90 100 54 17 2 57 31 75 21 40 80 1 48 22 24 5 98 99 43 60 84 4 69 70 10 78 11 82 4 75 
89 93 26 94 62 28 50 92 2 70 31 33 70 31 54 45 87 52 44 30 63 79 33 83 100 42 12 63 76 15 37 16 60 14 61 21 41 10 12 94 79 94 26 100 24 32 45 63 35 40 92 97 70 24 31 69 18 42 31 45 56 19 12 67 33 72 87 25 81 50 71 11 96 48 62 71 79 58 33 13 97 24 
61 18 100 91 87 17 32 69 13 40 40 24 6 24 47 45 48 79 94 70 89 41 18 2 12 48 60 44 61 8 20 73 26 19 64 64 87 47 84 99 38 23 74 96 46 72 40 46 50 85 15 90 26 84 91 89 32 2 32 44 62 51 16 87 21 79 2 7 78 85 57 15 60 82 62 57 53 1 2 2 38 
69 91 15 52 34 3 35 35 86 78 96 89 94 34 9 24 87 68 53 24 24 68 83 6 29 39 58 82 93 12 71 13 54 85 16 87 39 51 74 24 80 21 12 25 7 73 1 45 40 53 68 63 20 2 20 1 93 30 34 85 93 56 97 46 40 64 85 30 14 10 5 46 82 69 70 88 41 70 85 80 
23 52 94 94 6 14 46 98 95 79 34 87 34 30 32 25 45 68 6 59 77 11 4 59 79 25 98 71 95 34 50 17 86 95 62 91 60 8 40 54 38 73 92 24 54 24 100 98 43 6 8 20 68 11 30 98 88 79 68 82 13 69 50 50 63 11 92 23 70 31 28 8 3 20 83 56 95 82 5 
37 39 13 8 6 75 89 55 62 20 22 43 32 90 44 33 5 7 24 27 76 54 6 35 8 77 69 15 71 51 19 60 41 83 19 99 58 8 53 19 27 27 14 10 16 9 42 20 15 17 98 43 22 56 29 29 32 98 95 55 100 65 14 40 48 32 38 5 91 43 75 69 69 88 30 36 97 23 
56 63 39 5 5 60 12 34 40 44 31 86 98 82 51 63 21 98 46 11 54 37 5 28 57 73 68 39 8 16 61 15 78 52 72 83 63 83 68 3 26 50 40 75 31 90 37 3 39 83 65 92 71 69 72 79 41 39 17 1 6 78 67 83 81 38 17 43 73 36 97 98 85 37 25 67 26 
61 22 65 95 86 8 65 55 79 96 95 69 12 47 74 41 14 9 21 3 25 64 75 61 60 25 97 96 49 16 74 61 37 38 56 22 97 72 76 76 19 23 96 31 21 70 71 34 78 44 89 54 7 63 66 18 87 63 14 35 30 39 48 66 76 55 39 24 78 15 51 97 89 47 27 61 
68 49 95 97 92 35 50 50 97 68 68 84 30 33 70 59 71 69 76 98 23 14 21 1 80 72 97 20 18 75 81 37 75 27 33 67 61 34 16 57 1 35 92 82 67 62 92 37 30 19 86 5 33 7 5 12 78 53 32 47 79 12 35 53 38 19 71 50 52 39 6 5 73 98 38 
40 11 82 28 92 100 14 96 32 72 52 96 49 56 79 47 34 42 33 39 31 51 9 80 54 47 85 10 20 34 48 11 44 29 90 88 80 3 83 12 74 87 59 74 42 37 72 28 78 56 66 8 6 26 87 12 25 23 21 44 57 20 6 52 100 95 39 80 50 74 43 75 60 1 
1 53 89 72 80 66 28 97 25 85 75 63 96 99 85 17 94 93 88 99 97 88 45 35 67 94 8 9 21 19 61 21 72 49 44 3 66 71 100 90 8 74 52 3 72 88 71 65 33 59 15 29 46 11 15 64 5 23 24 77 93 84 97 64 32 40 67 97 63 18 38 70 43 
41 24 66 28 47 30 12 5 96 40 2 6 55 17 62 29 40 38 21 23 86 37 6 26 55 54 40 72 91 9 14 31 84 79 10 30 60 22 86 7 61 39 12 67 55 26 95 46 15 68 68 1 4 25 26 58 78 65 81 20 25 46 2 8 76 12 90 87 85 75 93 97 
14 56 64 20 81 10 66 96 29 85 48 32 10 73 41 39 89 73 59 65 18 12 24 93 75 13 79 59 88 23 8 53 79 71 72 11 32 37 58 61 22 5 44 83 29 37 21 69 9 31 33 27 43 57 71 17 21 2 28 8 24 35 12 54 57 84 65 40 72 74 100 
45 79 96 27 59 32 48 28 40 30 12 18 24 68 41 41 41 42 20 100 17 54 12 71 62 95 87 1 18 12 1 63 90 48 89 49 79 88 28 70 70 39 40 93 59 80 33 99 73 4 98 89 57 9 11 18 55 49 71 73 61 71 35 2 70 75 2 48 15 29 
69 84 68 8 76 26 39 61 76 11 64 73 100 73 34 62 42 40 11 12 12 71 34 98 24 3 25 26 2 39 54 71 74 73 30 49 50 69 61 25 31 25 50 30 49 35 92 90 74 54 2 38 24 87 87 47 90 11 24 91 1 78 13 74 2 95 75 52 15 
35 28 45 11 29 27 59 63 70 1 37 23 2 26 46 40 12 44 29 75 68 72 75 97 36 1 98 82 27 1 96 13 29 41 24 9 67 82 72 36 82 60 10 35 85 55 75 48 50 55 22 69 78 49 65 14 1 15 95 27 67 43 39 95 83 14 4 1 
96 27 88 29 38 97 16 22 3 42 21 4 96 43 73 26 43 89 39 43 55 85 21 22 27 11 68 61 25 23 13 20 49 52 100 86 48 67 59 2 8 80 58 56 74 82 81 68 22 71 62 77 7 82 98 34 92 17 94 16 40 59 87 40 10 39 78 
10 5 88 11 65 67 20 72 92 1 4 11 23 74 72 51 80 53 48 65 45 16 11 12 7 69 99 47 78 89 24 87 93 11 50 9 30 69 80 73 22 83 84 96 8 55 46 88 60 45 4 56 60 14 67 67 82 17 65 12 5 88 50 50 50 99 
58 31 20 38 56 93 72 91 88 80 97 33 19 56 77 22 63 88 36 82 54 69 98 18 80 55 57 30 4 59 80 13 41 51 2 48 43 74 38 30 53 87 14 71 94 90 44 57 30 79 38 83 48 87 53 79 41 9 8 96 19 40 9 12 90 
10 59 33 35 49 14 39 35 80 9 28 69 53 84 98 83 73 33 82 60 85 61 52 45 20 48 16 59 8 27 49 69 85 33 4 33 98 42 67 77 3 47 98 7 30 47 41 55 79 23 14 15 83 65 12 2 64 27 61 71 53 61 40 89 
45 95 74 42 36 92 19 90 38 16 96 20 14 89 74 93 11 87 59 93 3 70 46 67 48 58 37 52 70 28 41 14 22 66 56 10 57 26 51 95 93 99 66 6 87 39 50 97 77 9 41 79 78 86 97 78 44 86 29 13 13 21 79 
87 86 34 48 43 11 98 89 3 96 54 8 82 44 58 30 20 18 70 50 47 56 47 24 51 84 53 15 48 73 93 34 11 78 33 53 88 31 93 42 78 46 2 12 89 11 41 60 28 11 9 74 18 7 50 68 42 54 34 90 78 79 
23 88 56 8 40 96 38 32 89 67 29 90 78 69 100 19 28 27 81 89 53 98 47 2 17 89 7 2 78 84 80 52 72 88 59 63 35 48 47 23 67 75 13 44 96 12 14 75 91 94 15 95 43 14 48 59 2 54 61 31 37 
92 34 8 79 45 71 13 44 69 36 10 43 100 6 90 63 19 65 53 65 79 99 7 92 46 18 45 99 30 27 88 21 61 47 52 57 69 16 100 37 3 62 32 2 67 21 65 37 37 69 53 16 68 12 59 65 29 56 16 10 
82 3 82 94 1 33 50 70 49 2 6 51 63 89 5 81 10 69 69 46 89 22 13 56 33 24 73 13 79 88 22 60 42 55 6 42 88 55 11 88 56 69 90 70 57 46 2 18 14 71 16 55 92 80 62 76 3 34 88 
33 73 61 93 14 15 50 8 54 4 70 93 12 38 35 33 47 80 35 16 46 5 31 52 48 11 13 23 65 47 62 98 19 22 42 85 88 91 92 94 94 13 38 57 3 24 90 49 56 24 64 1 80 47 4 27 57 16 
49 21 62 62 70 33 35 11 69 22 1 60 67 47 24 5 3 26 80 44 74 35 19 90 87 98 36 90 24 44 6 24 16 19 85 86 51 19 96 19 93 97 30 11 95 54 67 97 79 47 93 5 81 11 94 68 61 
81 57 84 24 62 60 39 81 96 24 83 15 72 54 59 20 35 69 14 88 36 10 19 82 54 75 14 65 20 81 25 100 38 60 75 51 71 65 83 67 41 66 33 12 71 91 31 5 11 44 93 98 5 63 31 59 
37 45 75 56 25 51 7 14 62 81 17 33 97 99 99 37 16 83 48 86 25 30 91 35 73 35 85 30 49 15 88 37 59 14 44 84 64 50 49 25 82 65 9 78 64 59 15 31 41 14 69 65 44 59 52 
68 45 36 97 45 50 36 81 9 49 24 44 64 25 92 89 58 57 49 35 72 8 1 54 48 67 22 65 10 32 16 29 28 51 26 72 52 61 52 60 10 27 55 73 3 47 13 60 55 62 47 78 21 47 
31 68 13 5 32 74 36 99 3 64 1 80 35 53 40 39 12 1 17 67 26 20 65 90 79 71 51 25 48 23 24 30 91 88 34 74 14 22 25 16 85 25 47 71 77 86 9 41 39 26 7 64 97 
23 53 75 93 56 52 92 78 75 73 20 14 7 46 27 80 70 42 64 94 40 34 71 26 95 11 16 72 69 79 68 91 83 94 35 90 45 26 68 71 98 39 85 56 84 11 35 53 5 50 99 44 
36 69 21 30 79 36 53 99 66 20 89 1 13 75 90 10 52 9 80 1 48 64 57 83 27 43 36 31 45 34 74 80 54 47 61 84 82 13 82 100 84 22 100 48 96 89 57 47 98 89 47 
97 52 55 79 30 50 66 60 46 51 86 77 4 32 37 87 65 1 20 16 36 41 15 83 36 56 40 34 5 28 33 1 31 39 79 61 88 45 72 85 47 9 61 51 92 49 89 9 1 9 
24 36 49 39 19 37 46 10 22 50 89 54 50 19 93 80 31 32 76 55 17 23 63 77 73 7 26 61 15 26 21 38 14 70 28 32 58 25 93 79 74 81 33 75 51 25 55 34 8 
30 40 24 52 2 53 76 60 30 89 74 55 9 64 20 30 43 3 87 68 95 66 41 27 98 16 78 74 70 63 81 51 2 57 55 55 9 82 15 38 70 40 44 31 3 64 60 46 
66 47 13 13 12 5 39 61 20 68 34 41 82 66 44 83 22 50 38 82 31 4 19 53 43 63 83 98 78 94 43 95 40 7 7 3 11 98 15 83 65 100 75 99 66 70 81 
39 19 70 21 2 25 39 54 68 53 88 65 30 81 59 25 73 65 83 27 27 80 42 61 97 41 88 95 6 9 27 97 28 97 17 29 21 7 34 40 60 21 56 41 53 14 
17 25 30 100 52 57 79 93 69 27 33 8 21 91 17 48 39 44 96 55 24 68 13 9 8 72 29 63 65 81 29 81 58 58 80 9 66 11 53 35 37 37 42 58 79 
58 57 17 53 4 71 28 71 84 36 30 7 16 45 71 49 73 4 6 30 83 66 96 45 18 30 82 6 23 91 85 33 99 1 85 2 24 65 72 59 100 54 17 68 
98 40 16 70 43 21 99 77 38 94 22 55 75 3 12 50 45 96 82 43 49 18 96 72 82 67 82 34 72 98 1 69 37 68 38 79 40 89 56 77 34 29 83 
9 83 94 10 27 90 91 21 38 60 16 61 42 34 42 27 6 39 79 74 28 46 12 6 85 52 13 61 85 41 95 45 23 88 54 1 29 96 21 18 56 88 
78 49 22 71 75 27 10 53 52 37 98 15 94 34 66 59 46 51 99 40 95 74 79 1 74 8 96 47 25 3 34 55 51 7 25 25 85 86 29 37 74 
78 51 68 11 17 78 8 19 76 99 65 1 78 65 27 85 13 25 61 15 10 15 66 17 92 42 1 77 71 37 51 100 40 70 11 56 99 70 74 74 
69 90 27 46 55 53 82 67 77 94 33 86 61 98 54 52 92 55 28 62 43 30 61 82 51 23 89 49 45 14 75 13 4 53 10 58 5 91 76 
33 84 8 18 44 58 72 47 49 78 27 62 20 8 74 54 11 49 42 11 93 56 85 57 59 37 66 68 93 8 43 25 43 2 95 87 11 18 
85 11 47 11 72 18 19 98 71 29 98 13 91 90 20 76 46 78 64 63 45 9 70 39 85 12 92 79 50 3 48 35 13 94 97 37 12 
67 34 34 95 31 98 86 72 17 13 69 94 28 31 90 88 52 80 73 63 72 3 13 74 51 99 86 96 95 22 59 62 7 93 8 89 
90 45 60 7 9 80 52 89 10 94 28 13 73 100 76 44 55 40 69 5 90 7 52 84 80 11 97 87 55 57 75 44 53 87 2 
62 66 6 2 28 99 29 40 23 81 67 67 35 6 87 91 47 93 94 31 73 4 79 59 10 87 85 6 40 23 7 53 41 64 
54 68 62 34 59 37 66 78 55 100 83 41 42 30 34 36 12 6 39 42 16 1 29 52 6 68 75 12 72 15 28 77 34 
41 10 44 77 28 21 31 27 56 72 69 37 5 4 48 62 94 41 29 94 69 80 99 88 6 63 11 72 90 87 5 82 
49 49 59 76 69 89 54 76 60 22 12 16 77 59 29 23 52 57 68 72 89 67 12 94 81 22 66 22 9 22 3 
9 70 61 84 91 2 89 66 61 63 78 29 39 88 57 61 91 66 81 63 54 99 74 47 79 47 64 52 7 86 
6 15 7 19 50 97 20 39 15 32 1 44 12 91 83 69 4 74 34 84 88 87 82 13 85 12 59 49 15 
66 86 20 32 92 90 34 89 9 24 55 93 76 50 4 18 32 24 21 57 9 56 44 47 89 56 32 100 
67 32 66 84 17 86 15 8 27 100 48 88 75 54 80 50 3 35 20 87 59 40 43 19 48 87 66 
36 94 49 88 60 80 53 95 48 90 10 7 17 61 7 4 36 60 35 37 63 69 56 1 79 48 
43 50 95 81 15 82 27 15 21 38 94 26 33 93 67 94 99 35 54 5 38 41 17 24 78 
31 45 85 31 75 32 73 24 78 6 90 12 32 4 32 69 49 9 1 41 76 94 92 10 
100 48 100 40 64 23 69 94 67 54 76 94 85 1 17 15 6 7 26 89 10 57 57 
11 18 10 51 93 55 94 2 54 42 1 94 57 76 14 3 94 67 78 87 4 78 
4 18 35 62 43 23 23 51 32 33 20 41 36 12 95 29 66 1 70 66 94 
79 93 59 81 87 26 10 73 81 40 28 98 74 89 92 49 64 94 80 96 
14 72 31 77 66 60 42 18 81 60 11 11 52 22 91 38 47 53 63 
27 92 42 76 17 83 19 65 46 12 96 93 77 67 24 54 85 35 
95 2 67 54 65 78 6 86 20 95 84 72 9 10 15 51 37 
32 85 55 48 30 18 44 22 95 62 97 48 98 31 94 100 
50 48 16 27 5 1 98 51 84 22 12 45 36 14 33 
19 98 87 19 27 4 14 100 98 75 97 97 73 79 
91 24 28 90 39 6 94 91 4 96 74 25 7 
70 12 20 2 83 17 40 1 95 43 14 47 
93 40 43 89 12 73 31 87 53 20 25 
58 13 15 13 9 40 89 67 9 1 
87 62 83 55 1 83 2 96 48 
48 88 87 42 28 51 14 59 
37 66 78 14 76 43 28 
88 3 20 29 21 80 
29 7 42 63 14 
94 97 15 89 
44 62 28 
30 55 
56 
