200 5
67 73 83 53 13 42 46 8 10 33 15 28 71 5 68 74 89 66 70 71 79 6 21 91 80 37 61 69 32 20 84 98 44 18 50 56 59 47 15 21 79 81 100 50 86 67 75 26 84 45 48 62 50 20 4 82 57 65 2 88 36 85 85 80 2 86 87 13 84 54 33 63 34 32 64 71 50 90 96 33 34 95 94 36 15 98 69 23 14 70 10 49 6 46 80 7 83 19 71 66 72 3 28 57 86 43 28 35 33 75 67 18 70 13 53 36 10 21 58 75 42 67 75 47 64 55 6 46 25 76 63 48 31 43 4 16 85 83 3 69 58 69 87 27 81 91 62 42 12 19 68 5 37 43 52 100 49 57 97 25 84 59 72 14 1 75 82 38 58 84 6 15 52 92 93 85 83 6 78 46 76 98 2 64 92 53 15 40 61 63 64 45 21 35 10 74 61 91 11 
18 74 68 84 78 12 28 14 94 85 43 91 12 40 92 75 31 97 41 22 57 3 37 53 76 23 63 49 36 5 11 53 79 78 89 8 89 68 21 34 53 15 76 16 7 20 43 89 16 83 63 24 86 99 77 13 74 91 61 9 95 23 13 25 52 53 32 93 21 4 78 25 71 54 40 77 73 82 65 40 17 27 63 54 78 91 66 3 33 78 63 80 100 75 4 51 80 88 95 100 91 73 76 13 78 67 89 2 1 6 41 17 84 55 70 13 98 35 15 30 64 77 9 63 4 13 65 83 52 60 34 94 84 9 7 61 75 95 62 75 52 54 43 36 8 12 100 5 98 15 35 61 43 95 75 46 7 40 28 10 51 61 4 86 21 10 46 96 56 59 22 8 12 65 95 19 28 94 24 26 60 10 38 3 4 13 100 63 4 80 72 6 92 75 91 13 36 88 
60 92 46 81 99 57 97 45 75 25 38 50 2 98 59 39 52 15 3 51 29 58 30 52 63 22 27 53 86 62 92 45 5 37 77 3 93 74 47 68 50 37 69 3 86 80 41 37 94 96 87 74 53 69 25 68 90 3 72 75 65 64 71 69 100 47 24 93 72 22 12 73 10 80 75 95 59 68 31 4 63 18 77 67 38 2 34 27 4 58 53 20 21 75 41 20 73 16 64 45 89 75 69 99 7 44 93 65 11 24 21 25 93 97 43 30 50 29 8 6 86 12 77 6 86 69 77 58 84 41 54 25 15 23 23 73 66 15 38 28 90 10 4 34 6 46 63 8 74 22 65 59 33 41 16 18 10 93 76 45 85 81 69 51 3 91 24 68 58 13 47 47 22 50 81 79 96 95 86 21 17 50 32 1 43 47 19 4 91 46 48 27 26 17 78 81 59 
1 48 16 65 47 15 86 96 47 64 91 93 2 64 61 3 95 62 45 93 32 48 84 29 96 10 6 64 39 86 74 91 86 42 55 32 8 92 27 54 56 70 98 57 33 59 59 27 72 56 19 3 3 54 83 50 16 88 65 6 74 39 97 59 80 3 90 87 95 68 92 50 37 89 58 69 99 68 47 70 75 18 24 78 71 6 79 38 94 44 44 19 82 92 29 13 94 18 51 88 37 42 89 74 82 98 94 81 18 93 2 92 10 26 69 32 83 100 22 76 43 65 94 76 56 22 40 1 91 90 89 80 83 29 5 64 27 50 96 44 42 98 35 3 75 56 35 57 55 8 33 49 72 78 76 79 52 15 79 94 56 19 73 38 100 29 1 26 79 97 21 20 46 7 75 20 14 61 76 20 68 8 68 39 38 95 69 41 61 99 34 16 70 59 5 69 
87 6 94 65 54 66 37 99 72 11 70 38 71 45 57 90 5 25 80 42 71 48 82 32 98 67 99 67 25 4 35 64 9 80 80 14 45 16 64 69 78 33 6 100 77 62 89 81 38 20 74 9 67 7 92 65 26 90 83 50 93 18 65 53 49 45 18 46 12 81 14 90 13 71 41 42 84 82 74 74 1 100 34 20 6 25 36 31 66 18 33 11 87 97 63 36 93 33 81 5 13 46 46 78 16 38 71 51 19 44 76 20 43 9 91 1 85 26 83 3 43 15 13 30 64 27 65 8 59 45 12 24 90 9 1 57 47 71 59 65 66 35 36 9 95 26 61 80 51 43 34 46 10 46 75 25 24 91 32 83 87 96 6 28 4 58 84 50 28 94 67 93 28 2 53 75 80 65 6 82 8 39 27 69 84 53 93 7 43 24 41 81 19 46 8 
23 55 43 24 82 37 42 27 16 44 31 90 75 48 47 56 55 85 35 75 20 87 67 27 82 90 19 14 61 17 22 35 71 16 58 5 4 100 31 20 95 13 61 21 60 8 28 66 44 62 40 64 1 6 42 34 48 60 47 60 76 20 94 47 36 3 51 39 54 33 10 100 97 23 20 57 30 100 74 73 61 14 88 13 71 29 98 18 89 45 77 64 64 22 62 51 25 12 90 30 96 51 30 93 73 1 1 54 100 74 79 13 87 66 25 58 95 23 27 83 19 56 98 34 77 60 85 53 23 26 83 71 76 12 63 49 64 63 2 64 36 32 76 75 98 52 84 92 74 10 74 44 17 23 78 46 34 14 98 57 39 32 27 66 95 41 66 59 3 20 22 90 51 97 64 48 100 47 39 74 9 64 69 25 39 46 22 72 59 20 28 49 51 6 
15 98 46 32 56 100 51 77 42 2 25 5 49 24 4 40 49 64 55 18 40 93 15 62 65 26 33 92 74 35 50 40 32 47 24 87 47 74 15 40 75 39 96 76 15 99 15 63 14 69 32 54 62 47 67 78 72 99 69 97 85 70 89 17 17 12 55 15 37 70 54 12 60 49 39 74 100 5 89 65 25 72 70 38 18 36 15 41 86 36 90 71 5 30 39 73 93 45 39 29 66 44 92 26 45 30 51 44 34 91 60 59 63 30 96 32 65 63 73 3 98 14 25 2 43 15 75 35 59 65 63 25 9 55 2 53 36 4 48 22 95 7 32 9 36 79 40 1 41 64 55 38 77 79 92 19 93 18 5 3 82 20 27 90 26 80 42 61 84 89 34 30 96 65 38 31 44 77 83 36 41 89 74 17 67 65 88 11 34 44 14 15 63 
40 5 88 20 98 1 55 87 34 84 34 51 21 16 46 97 51 81 89 39 6 58 6 22 45 68 55 40 81 70 3 73 26 42 44 75 42 98 61 28 81 46 78 53 62 75 1 64 55 90 2 13 99 59 34 43 27 89 82 7 10 36 79 87 78 22 61 71 71 74 50 3 19 27 55 32 53 8 95 8 97 49 20 95 7 5 89 33 93 22 92 54 10 22 40 87 96 53 9 66 26 59 69 96 37 75 80 90 82 26 49 30 74 68 76 81 24 16 65 17 90 8 22 99 30 14 37 25 66 45 42 43 55 10 38 92 37 17 81 18 43 81 100 68 100 75 100 23 91 65 91 80 24 13 30 53 78 66 29 95 62 71 37 17 80 26 8 68 43 40 86 37 20 37 4 19 11 56 41 53 20 32 84 43 96 13 48 73 78 76 67 40 
46 55 8 78 80 15 45 74 6 82 10 25 18 66 95 81 21 87 85 92 70 69 86 65 81 85 89 11 61 7 2 58 61 9 87 93 75 84 66 80 17 28 56 87 45 2 67 65 88 51 8 58 71 45 74 52 30 15 14 42 73 67 51 34 75 38 78 1 73 43 80 89 70 87 27 14 88 45 30 75 48 89 84 18 34 58 21 15 24 86 56 96 52 6 81 26 95 58 78 67 1 57 8 22 43 86 88 82 31 69 57 78 58 40 47 43 49 20 57 72 5 12 20 57 69 100 34 64 58 12 82 10 20 41 83 15 27 70 96 9 91 52 38 48 44 84 90 44 3 98 16 60 9 35 16 29 86 1 44 43 12 26 4 84 18 87 98 96 8 93 4 98 45 41 97 40 77 86 83 31 35 50 90 95 36 57 24 22 10 67 64 
73 44 20 56 62 6 53 57 13 46 13 63 42 5 59 81 33 97 15 64 31 65 5 26 100 14 49 21 23 67 37 95 11 56 3 24 13 55 32 77 52 44 39 93 1 98 25 33 94 92 96 76 56 53 1 7 18 1 28 40 20 16 86 30 71 88 5 83 95 36 59 46 32 50 91 32 47 67 64 92 58 12 19 13 16 20 72 33 72 99 72 91 66 9 72 36 97 76 70 43 12 80 88 95 29 78 26 27 45 89 70 54 52 89 19 67 60 90 99 83 88 22 74 53 83 97 40 31 25 61 73 88 92 60 82 73 90 7 51 34 47 21 39 99 9 57 17 20 46 68 2 85 41 75 89 23 24 28 53 48 40 25 87 84 85 68 56 74 26 6 59 72 78 97 22 86 6 91 5 51 58 59 36 98 85 24 21 8 4 73 
7 43 50 93 26 34 60 33 59 85 91 69 9 68 17 30 54 22 20 10 73 29 68 60 27 53 83 99 12 86 23 19 81 72 63 58 5 23 91 15 59 81 83 67 100 52 49 53 73 20 15 97 49 34 56 27 38 91 25 2 28 47 20 8 19 34 18 75 8 60 90 67 92 24 85 91 27 85 96 52 5 10 100 5 95 8 31 85 98 7 86 25 53 57 85 23 90 2 98 98 61 39 16 52 14 52 42 41 37 37 44 93 98 43 97 45 50 79 29 47 85 66 24 89 74 8 12 63 9 61 12 69 51 79 72 64 31 13 56 19 2 99 11 99 42 59 95 91 37 75 90 73 40 13 61 13 20 24 28 28 84 91 48 34 22 19 50 52 83 5 22 84 56 32 35 97 90 29 39 78 56 28 50 95 92 10 60 11 34 
39 90 69 81 89 55 2 59 4 5 42 8 26 77 63 57 11 11 98 92 2 75 99 29 24 45 73 86 4 83 71 94 25 39 27 65 93 28 24 96 85 65 56 10 41 70 19 4 33 68 47 34 95 45 14 18 41 86 55 45 21 25 90 45 64 16 9 8 96 84 56 32 48 63 93 41 32 63 96 64 31 94 49 25 90 63 94 30 48 49 26 68 73 16 64 88 83 25 48 30 8 3 61 8 65 6 48 48 68 95 64 98 88 12 22 29 26 68 58 74 16 84 93 40 51 9 80 85 33 79 15 92 81 27 99 97 32 98 96 100 44 11 49 83 75 23 11 100 90 69 25 57 52 18 48 54 78 27 38 10 5 4 53 37 83 4 85 66 1 81 17 97 43 66 79 17 40 90 17 29 10 41 37 13 10 84 66 87 
11 55 48 67 59 1 56 93 4 40 58 56 72 75 52 15 92 83 83 31 24 99 59 33 40 47 45 49 30 10 36 92 64 83 11 74 35 66 66 90 57 24 46 81 50 49 47 41 83 29 23 6 28 33 38 19 79 34 19 8 95 54 52 11 89 62 84 75 27 2 65 35 77 62 15 26 10 61 18 93 90 40 50 17 72 88 35 2 21 53 9 68 59 60 78 99 73 13 25 99 14 89 34 90 50 100 67 12 61 36 4 50 27 5 18 50 92 4 51 65 56 12 32 66 23 61 16 96 73 41 46 87 29 31 28 31 31 47 42 91 82 97 92 9 1 9 10 45 12 61 9 19 72 92 85 94 52 52 41 76 92 87 62 73 17 42 3 99 88 44 89 21 40 32 29 92 40 39 36 3 51 96 22 74 87 58 67 
90 9 60 18 53 46 31 25 14 72 27 13 11 22 53 32 61 85 12 4 24 50 40 79 52 35 100 25 74 57 44 15 17 3 32 69 100 63 93 13 86 71 25 97 92 30 28 4 14 39 8 89 41 47 67 92 33 18 17 6 74 12 73 43 14 4 11 13 18 56 77 4 26 54 100 18 83 27 21 48 65 28 36 5 26 55 49 59 72 17 16 98 28 88 40 93 92 2 57 9 57 33 64 83 86 63 100 20 89 72 67 6 100 3 62 25 9 10 35 32 78 51 29 5 38 20 97 81 22 5 42 30 38 5 64 75 68 63 95 8 87 61 13 86 15 27 62 23 36 97 55 14 99 35 70 36 55 19 69 28 23 10 9 60 14 73 87 33 87 81 41 73 41 5 10 56 31 72 30 19 20 36 84 18 71 53 
53 77 23 21 56 46 82 64 57 48 36 43 80 75 23 72 47 16 29 57 23 11 80 52 29 99 88 64 16 10 69 20 86 91 93 93 88 74 56 97 21 44 39 1 18 14 24 16 81 52 72 3 63 51 6 43 1 45 7 16 54 75 36 91 65 80 83 5 53 91 1 74 34 91 26 3 4 1 18 36 53 42 38 67 44 44 9 45 88 67 12 94 93 99 84 10 78 19 14 31 9 14 56 94 4 33 96 60 33 65 95 37 58 33 3 54 28 64 50 15 30 61 8 75 60 44 84 89 62 97 19 70 10 26 63 65 58 10 24 43 26 19 79 84 3 82 89 30 97 38 96 78 98 56 52 9 51 35 50 12 31 20 33 92 46 47 57 55 56 32 97 81 2 76 16 56 9 4 37 57 93 33 34 43 40 
38 51 90 24 52 53 55 72 85 98 17 31 6 23 38 90 20 70 91 47 38 47 7 93 83 63 86 67 48 28 58 37 30 99 61 82 51 67 53 87 64 21 17 22 43 6 11 14 76 53 12 13 51 18 5 86 32 42 52 32 69 62 68 99 60 80 80 63 46 84 49 62 4 18 83 98 23 45 64 50 97 75 14 48 45 71 33 28 12 36 59 81 97 79 79 9 58 10 23 56 45 23 17 100 40 99 97 15 43 60 16 39 87 30 38 31 100 70 58 11 6 69 91 54 99 21 14 8 82 36 63 26 59 79 25 50 29 74 16 23 85 32 14 71 13 51 53 12 73 63 74 78 83 17 83 81 37 97 40 71 84 55 48 94 85 25 44 14 98 11 88 34 42 1 5 54 52 9 17 24 71 91 53 53 
7 87 85 95 35 25 65 71 31 13 64 15 37 59 80 86 70 68 19 63 68 75 17 71 84 85 46 6 75 98 59 81 37 95 28 71 71 92 41 1 56 57 16 44 15 95 81 84 62 52 99 30 26 15 52 61 99 98 67 26 47 25 58 83 71 85 6 42 29 98 42 36 54 57 80 69 52 12 4 65 63 2 46 41 68 98 1 19 95 67 96 41 43 53 76 14 90 81 55 18 78 96 53 32 5 84 52 8 48 7 72 10 9 18 50 28 15 51 98 61 69 93 53 12 46 28 77 35 60 83 4 38 30 8 21 34 92 24 41 39 30 13 100 90 82 50 70 96 52 67 8 20 60 60 83 57 88 59 91 47 41 46 36 71 53 8 56 96 31 97 86 13 61 86 54 42 87 23 89 38 42 96 9 
1 7 44 9 94 54 51 93 95 96 28 17 48 36 24 96 18 72 81 82 32 18 36 25 4 10 65 93 51 12 54 3 19 97 11 64 50 61 56 96 56 36 64 56 71 88 3 40 59 83 22 43 1 9 67 56 18 84 1 69 95 54 23 65 50 34 29 51 46 84 47 54 19 62 61 41 49 63 81 8 45 54 2 97 62 68 5 31 51 5 51 98 10 74 62 11 59 90 61 4 26 59 57 44 21 17 37 69 31 69 28 28 74 29 76 35 49 80 65 51 36 16 100 45 41 62 55 99 3 16 2 28 26 11 24 46 79 12 67 10 80 46 37 53 27 64 39 27 44 55 77 79 22 29 76 62 90 30 12 44 97 66 24 23 76 99 20 6 10 38 67 41 84 55 93 62 19 83 88 62 37 16 
92 59 44 67 72 33 49 84 29 97 49 52 71 76 50 91 33 11 28 100 51 63 54 43 24 72 25 11 85 13 79 29 23 22 47 95 7 95 30 35 92 78 38 62 5 87 4 37 49 84 36 99 46 42 93 22 13 17 84 50 81 62 78 4 84 24 50 90 71 79 76 14 56 13 27 12 51 31 48 99 14 36 97 11 77 89 84 41 57 68 42 89 81 71 92 16 47 41 57 17 19 32 30 26 96 56 89 46 38 89 96 3 24 44 14 52 84 97 92 92 16 86 81 97 56 24 12 2 17 69 18 87 52 99 13 48 7 53 45 96 41 93 99 64 36 12 67 72 60 11 63 76 96 43 24 51 19 87 53 35 7 22 21 59 73 85 58 31 38 54 26 78 46 24 94 34 35 60 5 47 70 
67 22 17 62 97 68 32 83 72 66 90 45 38 48 17 23 57 47 12 10 73 41 8 96 86 41 83 98 45 29 19 63 2 36 76 98 3 7 80 26 24 69 70 62 68 39 36 76 37 99 86 61 39 45 9 77 85 91 74 81 71 92 95 72 27 71 21 81 29 52 6 53 21 28 66 40 18 1 16 54 51 53 15 89 49 23 65 33 65 90 65 35 82 11 58 8 33 30 41 62 81 98 66 53 25 83 93 42 35 60 48 85 64 62 25 12 36 90 96 100 31 12 86 12 22 95 72 55 24 12 68 56 9 85 9 86 67 53 79 1 12 26 85 27 39 9 90 74 50 85 25 81 96 10 44 69 56 15 75 31 26 42 87 87 78 47 72 44 99 50 44 62 76 80 88 14 41 77 40 42 
13 64 22 60 26 18 28 33 32 3 64 10 96 2 96 74 48 67 69 46 68 65 7 95 96 46 9 36 22 100 78 34 63 51 93 40 68 72 73 52 26 88 61 74 89 8 99 36 26 67 33 93 31 39 88 79 84 48 14 57 47 91 90 61 94 34 1 61 57 25 12 83 12 24 56 100 31 54 87 56 72 19 49 55 9 88 33 44 35 46 100 81 89 41 93 82 26 93 94 82 69 6 64 80 29 71 31 12 76 17 67 48 87 15 2 47 54 34 90 88 31 89 20 71 81 13 52 6 57 98 40 26 3 55 57 83 26 88 94 53 56 13 100 43 27 53 89 33 38 31 20 69 71 40 39 52 4 43 9 60 40 100 37 94 55 94 28 32 81 74 84 36 86 36 30 64 88 71 96 
26 1 16 46 71 7 36 74 62 30 35 21 69 34 10 14 88 3 94 19 35 67 55 22 52 90 4 67 29 74 63 54 74 30 51 96 36 87 22 97 68 56 69 89 89 30 2 77 84 95 47 18 13 53 92 16 94 95 83 23 68 45 28 93 26 79 40 13 17 61 9 84 16 29 72 5 11 26 33 94 72 31 12 85 84 3 52 77 97 34 51 16 30 79 8 55 9 47 67 25 60 27 60 75 8 84 31 18 9 63 11 32 46 74 68 29 76 20 57 24 53 8 39 35 38 98 41 46 97 8 22 56 86 33 82 93 16 13 10 76 27 73 8 72 46 75 52 74 46 61 49 51 20 88 85 57 37 25 54 85 84 27 92 70 59 74 62 27 86 24 54 64 48 13 36 93 40 39 
18 85 99 67 35 18 6 19 26 42 96 31 27 79 57 18 48 68 43 62 46 80 37 99 44 84 12 31 28 3 21 46 87 20 12 22 89 17 92 67 10 87 97 88 66 6 58 65 73 100 78 70 80 14 20 75 97 31 57 77 33 77 22 72 48 33 93 37 1 36 55 62 23 51 50 40 56 7 56 80 58 34 1 89 47 21 63 96 51 71 72 36 48 45 59 47 29 51 83 29 38 89 90 12 40 91 3 47 97 59 79 7 44 79 95 42 99 10 37 2 80 60 89 79 4 47 26 32 49 60 12 86 49 54 50 40 44 52 38 93 10 16 99 5 47 93 47 97 2 83 98 34 95 38 12 98 36 37 82 84 97 93 22 97 46 71 36 42 22 73 34 84 41 32 88 87 24 
34 83 78 69 33 11 63 22 22 12 58 59 93 93 7 86 14 3 83 36 90 24 10 62 57 45 54 88 84 40 64 70 75 41 38 59 51 52 32 24 63 89 82 56 34 40 93 47 94 27 35 83 51 96 45 59 40 50 99 23 42 62 92 68 54 81 26 56 32 9 79 95 98 13 2 31 52 46 29 46 72 15 28 74 10 24 85 49 74 83 24 15 96 15 82 1 48 59 56 79 67 34 25 16 46 26 98 50 23 79 95 95 93 74 20 3 50 4 3 23 38 78 89 33 45 22 33 92 32 40 70 50 26 47 18 71 72 15 20 95 93 66 41 38 92 60 40 41 64 94 15 1 72 3 86 16 76 70 59 59 62 80 8 87 26 25 57 98 92 29 44 84 46 36 21 37 
47 12 77 10 58 91 63 81 45 100 48 72 21 6 30 82 85 90 68 11 66 77 60 9 57 55 45 2 90 17 91 36 29 67 98 38 10 12 18 6 63 17 78 83 22 59 17 58 100 84 20 18 12 79 26 68 85 70 70 26 87 60 62 67 78 11 56 87 74 25 45 88 41 22 22 14 32 38 71 32 74 91 1 85 21 26 53 6 48 74 31 86 33 44 52 62 6 7 1 31 31 45 18 23 66 40 36 49 29 58 32 2 48 32 39 21 10 91 78 57 64 8 42 48 4 45 61 61 3 61 92 85 5 61 7 22 52 42 71 81 51 54 34 99 86 72 71 47 62 48 55 77 7 48 76 10 92 37 71 94 49 14 30 54 74 36 75 26 29 97 58 79 51 91 29 
88 63 51 86 76 98 40 53 5 87 80 66 30 68 88 75 17 53 4 70 27 91 96 4 19 45 61 49 47 51 30 86 13 80 71 89 30 10 93 86 48 72 3 77 40 43 51 56 95 54 77 73 44 24 76 14 68 36 14 14 39 43 99 3 75 21 91 56 82 35 41 29 59 43 5 98 37 7 5 32 60 33 4 55 56 80 20 24 67 34 89 57 28 40 60 54 60 2 9 42 37 49 70 95 44 27 44 80 33 100 63 45 32 67 99 39 98 19 62 16 4 3 73 31 42 32 85 1 85 45 42 21 46 64 67 89 90 62 20 74 61 83 18 44 1 69 83 50 87 96 65 42 98 89 72 91 72 8 92 57 53 85 29 98 100 96 38 41 9 9 15 22 43 32 
65 95 100 99 44 38 47 9 31 96 97 3 87 69 62 30 77 66 66 5 15 66 52 4 6 61 65 20 82 7 4 98 2 55 97 97 45 95 5 75 90 54 29 28 74 91 57 50 8 23 54 23 40 58 78 45 18 42 17 51 1 20 48 2 26 96 98 70 90 55 97 32 60 25 59 33 67 16 34 27 90 39 1 29 96 78 73 65 20 41 15 20 12 63 73 38 10 22 59 100 28 55 31 87 32 89 71 50 56 56 76 45 95 76 73 42 6 98 7 77 38 73 96 50 87 20 39 97 93 97 48 73 4 30 11 87 70 34 36 26 89 12 22 35 39 47 77 44 44 35 20 33 7 67 34 94 38 72 90 31 69 37 55 24 66 65 10 35 98 45 12 87 8 
34 21 99 32 97 42 75 31 14 59 90 80 93 83 18 64 24 100 84 60 54 7 77 18 68 63 68 65 27 54 24 12 26 22 43 75 64 69 57 77 27 46 8 19 28 77 83 3 76 18 62 81 77 90 51 44 5 18 60 83 23 84 94 48 5 36 22 20 4 31 48 30 76 56 1 56 32 83 58 60 100 72 40 76 13 42 72 69 59 31 51 81 66 44 81 71 31 54 42 34 84 90 16 12 97 16 67 80 50 76 39 49 99 31 77 12 72 100 80 83 82 31 63 48 26 95 70 57 49 11 42 32 52 57 43 100 72 61 80 21 89 70 22 87 52 50 98 24 1 30 6 82 12 20 29 89 15 50 45 15 13 87 46 16 95 41 16 19 53 47 91 41 
16 64 28 68 13 77 43 65 58 100 47 21 71 27 10 37 29 6 51 41 44 49 56 39 89 71 9 93 69 99 34 37 63 13 56 27 41 98 92 99 49 90 19 19 68 80 8 96 86 58 36 29 6 44 19 46 66 27 91 35 26 24 71 88 88 26 66 28 75 9 26 23 98 97 93 66 76 100 13 13 58 49 42 15 44 12 13 9 39 3 43 64 78 65 3 65 90 20 44 64 29 22 38 78 18 31 43 45 82 8 58 39 8 51 6 51 62 70 59 52 72 2 15 1 18 69 65 8 89 60 23 69 81 61 46 50 43 41 95 24 48 4 15 55 6 72 5 19 41 15 71 12 68 37 64 86 6 80 93 46 39 15 66 20 27 11 69 69 51 15 45 
50 70 59 4 75 30 60 46 70 75 16 33 42 52 96 27 9 27 71 6 65 38 71 84 64 34 5 85 84 71 29 86 41 39 89 67 68 1 64 89 75 79 73 68 83 20 95 91 46 65 97 10 2 19 46 18 52 2 2 88 72 82 73 64 20 13 83 39 13 46 79 87 77 51 7 59 70 1 49 15 17 97 76 19 16 73 88 19 74 89 6 46 22 78 61 93 91 95 31 55 93 61 94 69 11 100 27 32 100 27 98 16 76 73 86 43 46 73 61 71 13 67 68 86 96 29 78 38 75 60 93 67 20 86 35 82 85 13 13 36 40 62 3 67 87 41 9 84 13 69 54 78 87 22 63 83 2 93 72 76 52 64 43 24 1 29 5 37 42 18 
72 33 31 75 99 17 67 7 100 31 27 54 8 66 27 23 100 80 15 71 55 18 35 49 41 35 30 46 72 71 15 95 3 45 21 53 14 87 11 13 18 37 18 77 54 44 99 53 23 65 24 30 35 10 30 75 96 59 72 19 29 38 14 83 35 86 87 48 73 97 12 42 86 30 18 39 25 69 92 100 85 67 81 19 76 10 46 71 69 69 90 49 59 55 84 93 40 70 92 64 19 3 57 56 84 75 46 61 95 89 60 31 55 40 2 30 49 99 53 69 67 94 70 25 48 53 69 39 74 12 3 44 67 59 99 50 85 45 10 31 33 21 62 88 12 63 69 13 61 73 81 79 66 50 56 13 54 24 52 28 88 6 71 54 64 22 3 1 66 
65 31 50 37 44 89 49 6 58 61 18 30 41 49 96 43 4 60 96 79 11 75 66 68 98 19 32 19 74 84 36 90 14 85 26 10 26 26 67 83 86 85 64 79 85 11 73 88 71 20 18 33 95 36 53 44 6 36 14 31 19 1 20 84 37 98 93 62 23 60 44 61 96 60 39 32 22 63 19 44 82 88 29 28 23 81 71 81 16 36 11 34 36 83 69 73 80 62 34 54 73 30 66 20 41 4 51 62 18 21 6 100 8 34 27 83 14 50 63 81 85 25 14 21 7 34 93 38 95 78 92 19 7 57 38 47 13 88 9 30 8 66 81 16 99 8 50 64 57 64 96 93 88 61 13 95 94 57 32 41 35 75 59 93 84 97 92 96 
84 100 77 44 17 58 11 67 17 60 82 25 23 77 17 10 37 82 4 30 90 88 70 76 62 29 69 45 77 60 92 12 11 21 55 79 78 65 45 46 24 26 70 98 2 86 8 90 19 63 71 9 2 93 84 64 73 52 60 49 63 52 60 25 24 15 3 1 31 47 46 55 24 15 4 25 52 63 66 71 26 37 79 79 29 14 94 1 66 54 1 80 57 60 5 80 26 7 32 57 6 29 63 29 95 66 6 46 29 71 68 6 59 98 84 39 12 78 39 29 83 91 8 91 51 64 70 28 23 53 84 28 81 46 8 75 64 13 72 92 36 92 97 94 89 32 33 52 61 23 80 43 14 40 33 16 55 54 43 77 58 79 56 38 76 64 64 
39 76 88 30 11 79 78 57 19 62 41 71 22 15 2 65 80 41 49 95 48 55 90 24 12 68 32 2 43 95 65 82 70 4 63 33 82 93 41 1 54 81 23 75 95 24 91 75 17 92 21 64 46 10 39 57 29 70 58 72 64 75 5 86 30 19 70 12 63 10 64 68 42 38 43 88 61 85 14 29 76 87 44 21 96 83 30 77 4 39 100 20 13 4 57 43 74 26 6 89 87 21 56 80 58 50 19 70 35 33 99 62 19 42 83 66 76 64 42 80 2 93 51 67 96 7 61 22 32 66 10 70 38 65 1 95 15 19 16 1 51 66 62 21 60 44 39 35 7 32 66 61 25 16 27 72 74 87 45 57 4 54 26 41 71 26 
87 37 97 2 37 99 68 98 72 27 94 10 13 52 93 31 12 69 98 90 41 72 76 37 28 79 43 6 19 13 83 57 1 79 59 37 78 78 86 49 56 31 10 20 35 2 50 46 71 48 36 63 19 63 99 98 42 41 3 12 5 38 69 5 16 79 93 45 8 79 93 15 9 54 34 43 8 84 41 78 83 28 92 1 42 42 50 83 35 5 47 39 42 67 44 57 97 88 2 4 66 46 18 27 100 3 21 7 86 13 36 68 92 79 20 34 20 70 68 54 74 66 45 15 32 40 23 28 27 76 83 45 74 52 71 73 55 43 31 92 56 18 60 99 48 31 32 67 52 100 73 77 65 69 43 49 8 66 28 34 41 63 78 14 14 
100 38 20 43 20 12 50 89 23 48 36 53 80 55 5 31 79 81 47 47 76 95 54 41 75 39 33 37 17 99 50 68 88 22 10 60 33 59 48 55 59 36 59 90 42 15 20 20 96 18 18 71 65 71 63 39 9 47 27 77 45 28 45 85 49 6 44 81 17 43 87 75 78 46 16 19 60 35 90 7 4 7 29 68 29 43 58 90 90 84 18 86 12 14 70 12 20 13 93 36 8 31 62 85 76 77 56 88 63 97 46 18 56 75 38 84 69 95 25 58 31 43 44 94 56 65 5 27 30 49 14 37 80 75 73 7 3 28 46 17 77 92 35 32 18 72 67 86 18 92 96 48 86 91 93 41 55 98 68 36 46 81 72 77 
8 45 84 62 24 29 79 52 72 65 83 89 88 2 27 5 93 22 5 30 12 97 70 18 46 89 54 92 22 77 68 29 21 3 42 97 32 20 48 3 36 83 44 23 84 70 80 28 43 84 57 6 32 78 23 78 67 28 21 88 57 40 68 29 43 9 25 26 81 25 80 68 7 75 91 42 44 22 21 38 5 77 43 88 6 18 17 24 97 37 11 53 29 30 82 71 91 58 48 23 82 79 90 40 54 32 81 49 53 53 87 9 29 29 97 87 46 13 10 43 2 73 95 30 2 28 52 44 86 51 66 67 29 8 59 82 39 39 83 92 92 69 100 72 97 48 58 95 13 20 37 14 92 83 95 45 11 98 41 48 48 6 66 
28 13 24 62 4 15 44 95 58 12 46 29 60 94 39 54 6 10 42 71 1 25 17 97 87 14 37 86 13 43 51 92 7 75 53 10 89 96 56 46 59 2 26 19 95 16 24 52 25 66 22 77 42 38 74 80 3 10 65 15 4 15 6 63 41 11 24 81 58 80 78 17 81 4 87 27 71 10 78 96 75 51 72 68 88 97 47 90 7 11 56 62 78 13 24 18 23 48 99 81 79 76 49 59 31 87 37 2 96 14 49 23 64 20 90 3 17 89 44 75 99 51 36 28 63 12 46 38 59 96 70 89 23 18 47 6 56 35 7 51 100 55 25 15 26 67 17 94 55 12 68 5 62 56 33 24 67 30 13 77 77 82 
65 99 51 63 4 6 97 62 9 48 68 33 62 46 51 30 39 57 41 59 14 2 66 46 77 84 27 90 60 3 71 76 53 22 38 9 79 86 22 87 33 90 72 46 87 22 75 77 31 15 87 44 68 52 89 44 35 67 33 46 69 56 21 73 29 10 81 7 47 3 94 31 44 65 76 30 38 2 6 68 16 93 11 35 96 51 79 31 17 63 28 37 18 49 10 98 10 90 5 57 44 50 87 87 14 63 16 3 16 74 23 84 66 85 18 61 36 48 43 4 11 71 41 80 71 2 78 80 43 34 36 87 83 23 73 48 37 41 50 52 14 24 35 31 9 5 43 44 52 86 99 14 56 91 46 26 92 23 57 87 8 
93 73 90 67 97 37 55 37 86 58 2 62 45 32 70 49 75 65 52 12 63 66 19 6 11 44 49 85 52 35 92 44 7 81 62 56 69 68 44 6 26 46 67 22 29 36 22 3 100 73 66 15 90 84 20 52 79 68 88 31 3 79 26 61 11 88 68 31 7 12 37 84 57 3 5 37 39 26 40 90 51 57 4 40 41 75 92 19 43 79 49 97 10 75 9 72 14 77 3 72 40 91 56 96 93 60 32 83 86 23 73 88 32 28 27 72 55 70 90 97 1 91 45 62 17 5 33 82 33 87 53 72 77 8 19 22 68 3 4 5 77 28 92 8 8 70 79 62 40 21 10 40 11 6 1 27 10 85 8 95 
24 60 66 52 68 37 73 87 39 29 43 15 8 86 75 15 55 53 28 46 73 89 37 83 94 89 61 56 74 68 50 49 28 67 100 47 3 73 85 41 53 79 8 60 64 82 27 70 86 6 16 59 95 52 93 40 93 54 95 66 73 96 14 52 63 13 98 65 37 34 58 89 12 65 1 75 98 27 97 83 32 12 93 26 15 86 66 59 91 12 24 63 8 89 15 70 54 64 86 42 98 43 31 61 59 83 88 56 9 84 91 92 47 83 70 13 68 35 72 10 98 47 73 5 88 39 26 41 2 12 34 51 6 64 12 65 46 51 72 6 34 62 98 32 45 67 96 64 53 67 74 50 66 98 7 53 36 84 45 
89 95 78 92 53 94 55 69 91 5 40 97 90 54 46 21 50 12 16 13 16 35 38 17 100 87 23 52 74 7 96 63 53 73 6 57 18 60 25 9 64 17 5 5 70 50 25 19 13 92 83 28 78 73 44 77 59 19 80 85 77 27 99 81 52 4 38 69 63 62 77 78 78 81 82 99 82 6 69 46 49 4 73 27 76 69 55 86 87 35 22 63 61 20 43 64 23 32 33 85 46 9 62 75 42 43 74 75 100 94 21 49 97 45 27 24 13 81 62 51 67 83 65 80 3 60 43 25 91 75 10 36 36 23 11 77 66 36 51 65 29 23 65 26 68 43 49 80 76 62 31 42 45 47 73 47 6 16 
71 97 42 32 84 77 55 94 53 20 81 56 36 10 78 53 87 45 47 35 77 22 97 59 16 93 5 88 39 11 55 9 59 97 41 94 73 95 40 78 66 20 33 53 29 62 5 15 7 4 2 35 25 50 93 92 42 49 32 80 11 86 40 69 82 32 15 7 78 54 84 43 73 68 48 54 29 4 68 87 7 21 21 32 70 13 75 63 62 6 94 72 92 86 93 25 17 59 31 47 12 66 89 36 85 88 89 14 92 9 100 98 29 73 81 51 37 56 65 50 61 59 74 52 96 18 29 12 76 11 58 87 77 99 22 61 86 63 26 77 71 78 27 99 50 7 1 38 62 66 88 23 76 61 26 71 30 
6 34 5 17 44 43 45 42 16 5 79 78 83 8 48 60 34 99 61 40 51 98 54 68 37 28 43 49 5 65 78 11 99 82 79 94 76 23 87 92 79 65 69 61 24 69 72 9 19 84 1 69 34 54 37 70 81 31 19 37 96 48 99 46 82 77 39 57 99 25 48 78 41 69 90 65 37 62 73 7 45 73 27 78 78 63 100 10 46 70 47 93 17 45 38 98 22 28 55 72 52 2 49 44 22 39 8 58 52 33 16 48 57 43 26 35 57 77 96 2 46 94 94 62 39 83 60 12 10 66 83 61 19 84 5 41 74 64 50 25 48 66 72 5 8 49 91 64 25 86 18 70 80 11 84 70 
46 95 33 55 60 67 68 78 50 24 18 23 39 20 99 87 85 71 43 44 19 33 59 96 70 76 65 1 39 100 22 84 94 6 90 53 73 57 83 74 80 52 97 71 71 95 57 7 17 99 50 88 83 61 83 4 36 99 57 26 99 78 61 92 84 51 97 8 59 79 81 91 82 29 61 53 76 17 59 92 67 61 79 1 21 13 4 8 12 60 86 10 38 46 53 73 48 49 80 7 79 12 49 61 41 9 13 16 77 23 59 95 35 90 95 7 2 98 67 13 10 52 74 47 49 27 71 97 75 2 55 6 65 3 66 5 63 30 72 91 4 31 85 39 20 31 97 73 28 63 86 37 14 59 35 
15 85 57 11 12 10 17 17 75 71 82 79 85 63 3 75 66 33 11 56 4 41 53 76 20 67 13 9 33 24 43 47 8 52 9 71 61 25 87 35 47 20 66 31 34 68 57 100 52 67 7 7 59 59 34 78 78 47 38 10 70 81 56 29 84 16 100 44 92 38 31 38 10 48 20 43 15 76 94 18 94 1 24 4 11 57 33 88 55 71 97 76 3 4 57 86 19 56 81 10 45 63 99 6 10 18 49 24 45 94 41 90 94 16 93 5 25 26 44 79 96 41 7 50 96 63 35 15 70 67 76 14 30 75 72 39 44 20 63 89 65 55 78 59 23 23 15 47 100 58 77 95 50 83 
96 46 97 30 12 66 96 39 32 25 13 3 16 9 74 30 97 38 84 26 48 58 100 62 56 99 72 33 45 21 67 40 66 64 69 29 81 17 68 12 93 32 66 8 40 39 37 88 29 73 66 76 30 65 90 86 64 61 70 8 81 88 48 99 51 68 27 84 36 94 47 29 78 13 88 17 3 25 5 31 49 70 59 30 86 48 67 49 8 36 57 88 24 56 38 26 75 65 9 11 10 56 39 87 20 26 56 22 2 12 5 50 33 63 80 18 10 46 67 69 34 75 56 9 82 94 86 56 10 47 66 19 54 4 58 73 82 13 46 83 24 50 85 56 12 16 25 73 13 91 41 46 17 
49 6 98 42 92 54 3 38 71 73 91 27 30 15 8 94 60 42 69 10 26 24 73 93 49 46 6 91 86 3 60 86 9 57 79 52 62 81 89 33 54 31 59 35 97 18 29 56 11 97 17 89 73 90 81 73 35 86 15 72 89 74 58 97 31 88 48 44 69 88 28 22 70 38 56 66 55 36 21 66 33 38 54 57 79 86 29 65 72 43 36 60 17 45 8 99 33 7 94 53 46 22 74 15 59 81 32 66 17 4 83 1 93 88 57 71 73 37 35 44 79 23 55 47 19 14 97 3 72 91 55 17 64 80 83 74 13 66 39 81 70 21 81 62 8 89 85 33 25 71 76 55 
93 83 54 64 48 50 66 20 92 73 88 7 52 23 81 64 88 19 96 57 92 76 71 99 16 7 83 40 77 59 47 70 93 100 33 40 1 50 11 45 22 99 51 26 21 31 41 8 2 37 17 93 64 39 43 80 45 26 71 73 36 17 94 28 68 78 19 69 28 82 13 1 80 15 26 52 46 67 11 47 3 27 91 66 17 33 97 13 58 68 86 45 36 79 24 4 9 43 24 36 24 88 36 55 2 62 6 99 80 16 97 82 95 87 99 63 72 96 76 29 63 13 74 50 91 49 5 99 91 28 86 66 67 74 72 69 87 29 19 66 97 16 47 43 54 45 5 25 92 80 6 
6 92 31 56 35 79 60 85 22 40 71 39 6 96 11 26 82 91 45 47 87 12 45 29 65 41 86 42 33 65 47 38 9 77 45 43 7 5 79 28 96 1 67 1 96 29 27 77 71 71 75 10 34 19 38 98 60 23 39 92 40 37 81 48 13 26 42 72 82 20 99 77 21 17 29 68 97 55 45 68 77 71 77 10 90 66 8 49 41 98 92 32 35 24 79 99 49 72 70 82 43 21 58 63 89 87 83 86 93 79 5 70 49 81 79 38 98 38 38 38 88 81 69 74 5 99 24 53 22 46 87 65 66 96 27 54 34 61 91 27 39 95 48 88 27 26 77 25 16 15 
14 3 95 35 28 99 85 51 4 7 96 90 71 61 85 49 67 19 10 9 45 48 4 92 87 82 69 64 6 36 78 72 90 24 58 17 75 42 68 78 100 15 19 22 28 3 71 94 73 32 2 69 31 57 12 18 39 33 33 96 68 10 19 58 85 76 26 59 70 45 88 21 60 6 43 87 61 65 32 33 96 85 2 78 94 65 95 32 97 27 79 65 88 98 74 25 25 99 83 94 96 23 67 55 28 9 93 88 73 76 73 20 12 26 97 5 90 44 88 87 22 67 3 10 64 76 34 40 26 68 34 21 90 100 27 70 60 71 9 84 46 81 3 58 6 51 62 96 46 
2 34 68 68 36 29 83 63 14 22 40 81 7 61 23 58 39 92 17 62 100 100 7 33 54 16 38 57 30 85 2 31 70 69 98 5 49 32 19 62 53 59 43 60 71 17 17 9 8 86 70 59 37 29 91 43 96 81 99 25 65 52 55 35 73 4 91 21 35 10 83 40 68 77 99 90 93 67 98 52 52 20 10 89 100 53 31 95 33 29 72 49 32 78 35 4 34 78 25 68 87 59 59 6 35 57 95 27 24 44 78 75 15 39 15 66 91 45 13 75 25 84 76 57 61 10 60 94 87 36 14 25 94 72 82 28 81 28 6 56 24 35 82 90 74 97 56 16 
41 68 91 66 51 66 74 63 27 85 9 66 21 22 42 66 45 76 46 25 3 51 80 78 38 62 68 11 10 23 26 50 42 68 67 92 33 40 6 12 25 14 29 97 35 70 14 32 45 59 8 100 62 88 77 99 1 44 61 10 66 86 11 7 54 78 50 38 69 8 1 45 21 29 41 8 99 55 39 95 65 46 94 78 85 71 76 37 14 88 98 32 74 61 90 79 90 92 16 58 99 69 3 71 97 95 30 95 1 20 90 18 18 35 95 2 5 23 91 71 10 40 54 35 100 95 13 89 38 81 99 88 49 53 59 45 99 40 92 100 60 33 17 77 67 63 30 
24 85 20 46 47 60 51 81 11 45 46 52 83 26 50 70 26 2 80 70 100 20 13 51 79 45 19 55 64 82 36 87 18 56 32 16 67 82 49 77 78 94 28 12 19 29 82 96 82 13 65 34 84 78 84 14 74 3 20 37 36 56 23 5 11 6 21 29 39 69 5 69 14 85 80 84 65 13 79 47 26 95 80 61 72 63 75 98 17 94 34 4 49 9 9 11 14 81 39 5 1 96 25 66 32 4 49 96 17 27 94 94 21 73 6 45 88 80 42 4 26 75 60 26 83 20 37 49 52 27 5 4 74 29 69 57 84 17 53 100 95 46 45 67 71 51 
11 58 82 4 13 7 79 24 85 13 43 21 13 94 99 69 97 25 49 17 81 33 33 33 84 79 31 81 46 53 83 8 10 64 12 74 23 42 98 7 6 92 79 71 86 77 39 34 1 88 51 82 72 35 66 7 66 48 87 11 52 69 18 13 85 81 87 7 22 36 13 28 27 43 98 64 19 88 50 72 27 52 5 98 38 22 5 3 22 43 65 73 12 83 86 96 15 24 54 37 59 66 64 37 8 13 1 78 100 2 1 27 53 5 76 90 79 32 93 100 75 57 72 38 91 9 33 6 32 86 94 42 3 9 79 62 21 31 91 72 32 92 98 36 48 
26 25 26 57 69 25 83 78 49 20 68 57 4 25 41 89 18 34 43 78 64 56 98 94 47 70 77 38 19 12 37 96 89 63 53 57 39 87 34 39 7 54 48 10 78 88 51 48 21 45 25 37 1 75 30 99 96 59 88 66 22 24 62 10 38 66 19 77 52 52 15 10 5 14 20 35 53 22 34 26 66 10 62 18 36 91 16 31 1 3 97 23 79 58 84 16 75 2 92 26 54 59 36 10 24 7 96 77 28 81 2 45 91 63 15 78 5 30 9 6 85 57 80 63 66 63 78 40 65 22 65 70 32 52 79 55 58 27 83 37 7 84 82 49 
46 48 27 51 77 87 8 13 43 87 27 8 49 57 47 13 30 63 82 61 15 13 67 72 39 50 9 97 85 42 46 31 89 24 33 17 10 40 82 52 26 8 11 74 64 9 39 93 71 20 5 85 84 24 9 22 25 69 19 9 10 16 91 50 39 23 18 100 14 99 3 39 59 13 13 22 21 51 67 91 22 23 28 6 98 36 79 22 4 49 83 65 64 25 14 54 48 83 53 61 82 55 52 40 67 16 13 39 18 31 82 39 6 9 96 3 44 75 77 99 23 11 63 39 35 28 92 34 10 45 47 91 99 98 82 18 13 47 56 30 29 89 20 
34 97 68 89 92 42 17 90 16 27 52 54 61 79 46 47 89 42 93 31 92 42 65 9 54 63 17 35 91 5 6 77 54 73 65 45 66 33 35 82 59 38 87 71 17 84 17 57 25 61 39 17 2 3 77 7 65 45 41 8 2 99 84 55 71 100 51 37 32 85 18 42 23 4 64 91 88 33 99 64 93 37 32 47 40 9 53 56 5 46 63 58 44 46 12 14 97 63 50 28 99 19 21 73 75 85 15 14 17 13 77 61 50 61 7 89 21 60 96 25 57 59 83 100 4 46 13 53 60 15 32 11 33 53 83 59 89 50 72 5 62 1 
17 11 13 24 51 33 35 99 9 91 57 91 90 12 89 54 64 100 68 96 10 53 48 45 63 36 94 87 92 55 39 60 18 51 35 20 83 69 18 91 11 74 34 52 38 74 6 1 73 25 96 83 29 95 27 44 82 20 30 25 26 68 85 95 18 19 15 52 40 84 42 2 10 27 54 47 100 11 99 73 87 47 7 16 93 33 59 75 4 40 51 81 7 87 76 24 58 42 75 97 25 68 98 86 47 3 84 46 13 83 70 100 29 76 67 21 60 77 47 15 16 98 96 74 36 71 49 93 12 75 89 88 94 39 74 40 41 57 86 6 91 
7 5 19 83 23 92 94 51 38 9 18 87 4 91 75 26 91 67 37 65 8 24 58 46 49 98 38 6 35 43 96 41 99 67 75 73 58 69 23 47 29 40 86 84 82 60 9 72 78 45 88 85 20 46 82 69 43 20 26 29 62 21 69 13 39 44 85 48 64 60 95 44 99 32 27 33 43 87 56 20 31 44 57 2 89 38 70 83 57 95 11 71 68 31 35 6 26 19 54 41 30 100 84 81 83 62 13 77 48 68 96 30 63 4 32 51 42 1 85 50 48 95 72 15 26 58 72 51 29 77 92 58 28 27 38 62 89 50 38 36 
70 86 66 32 89 49 35 82 49 19 32 48 14 55 14 91 13 86 93 41 14 36 98 42 63 36 3 3 37 93 90 6 78 7 90 66 55 24 48 4 42 31 3 7 85 17 97 49 54 42 41 67 77 39 60 91 26 15 45 62 7 35 20 84 41 9 1 48 32 48 3 25 30 5 32 15 21 80 15 74 21 56 93 50 46 52 92 71 18 89 84 24 23 3 59 15 11 60 62 94 59 16 71 89 21 2 55 93 81 69 67 54 24 11 55 69 62 98 91 32 86 75 55 60 77 66 27 40 25 40 85 83 56 55 71 76 56 25 20 
89 46 86 94 21 96 100 90 10 49 80 41 35 6 47 46 83 12 72 74 88 12 58 23 19 65 45 46 20 22 65 60 67 3 5 87 50 56 28 59 5 60 51 39 65 50 36 99 13 8 72 53 71 82 75 89 46 19 34 17 40 50 77 58 52 33 45 2 89 24 60 93 83 63 83 48 64 18 46 28 77 18 80 47 99 54 87 96 25 72 12 16 22 40 74 73 73 70 74 13 93 86 57 76 100 39 75 15 8 20 42 37 89 22 35 39 27 22 34 51 45 98 67 66 37 92 91 9 61 64 21 53 1 77 80 52 67 54 
66 27 26 8 63 66 29 97 57 55 70 42 58 15 39 24 80 76 67 70 36 27 86 9 31 38 37 63 90 4 16 55 82 93 62 44 11 42 92 67 49 62 60 6 76 99 81 7 26 47 29 61 25 66 69 55 3 6 17 92 61 85 99 42 29 60 37 39 54 28 57 2 89 17 59 16 67 39 23 92 37 51 4 61 16 73 67 18 30 36 62 42 20 60 35 48 71 71 39 24 50 47 77 91 63 35 6 81 25 28 72 61 30 76 73 45 100 40 15 81 75 76 22 46 87 8 45 9 30 35 85 79 82 61 69 96 48 
27 77 24 54 48 37 36 75 9 80 26 100 94 6 26 21 79 23 59 86 68 68 67 54 52 46 35 64 66 31 63 92 7 87 98 6 75 33 33 83 64 10 35 10 16 12 82 46 35 41 84 54 60 50 7 63 47 94 26 13 24 41 56 82 79 5 39 53 37 71 35 53 81 21 62 48 85 43 45 19 83 80 24 94 30 82 56 28 75 34 40 50 74 48 83 52 52 22 4 41 44 90 93 76 63 54 75 47 48 20 17 83 99 92 76 80 73 32 8 100 65 99 1 90 46 36 93 50 57 96 90 52 37 34 80 99 
39 54 97 86 25 13 68 24 56 44 55 29 27 62 80 43 13 32 32 58 67 24 59 75 71 48 79 7 33 58 58 71 11 54 57 36 19 24 11 74 19 65 54 45 79 85 39 91 17 70 100 35 45 59 62 67 58 40 26 91 97 83 61 59 88 69 94 58 45 56 84 63 21 37 60 51 74 98 41 42 20 92 76 16 50 37 83 60 28 8 50 24 42 62 83 81 83 28 39 27 84 22 41 56 10 100 58 35 50 50 76 21 41 4 88 43 40 70 2 20 29 3 43 22 16 77 55 98 57 93 24 92 66 17 99 
27 68 56 62 69 5 37 89 45 40 77 39 32 98 40 51 79 42 45 52 10 74 6 7 30 50 83 73 67 99 71 94 18 26 55 87 82 43 27 78 35 55 17 18 53 56 68 83 50 64 86 59 37 92 17 18 93 51 90 60 1 12 53 19 37 59 5 70 53 31 48 87 86 64 4 90 71 23 24 72 87 61 82 75 52 99 45 97 1 34 56 2 46 60 72 34 70 28 4 22 10 3 61 47 66 64 36 88 39 11 60 77 72 41 51 75 91 47 71 44 81 78 45 78 37 68 63 6 95 66 80 4 20 40 
51 85 55 38 25 45 1 36 21 72 76 24 98 19 70 69 14 2 98 58 79 87 77 42 92 71 59 23 74 79 14 76 15 21 14 91 65 14 26 86 37 54 61 34 24 82 54 37 84 52 46 14 38 22 55 81 92 66 56 17 96 69 45 62 89 58 53 6 23 30 43 59 83 3 44 6 84 98 42 67 1 87 81 90 8 87 22 51 4 77 20 51 98 64 13 38 73 17 43 95 46 85 5 29 39 48 86 23 97 28 41 49 66 73 38 74 12 12 76 67 40 95 18 89 10 82 27 82 98 69 76 95 6 
80 75 44 80 61 18 76 40 11 25 5 83 14 30 46 77 6 13 17 52 82 5 62 63 31 43 12 52 71 6 9 50 33 4 81 93 22 57 32 84 33 88 66 98 18 64 75 23 76 43 26 57 47 87 71 30 82 82 33 52 39 93 53 71 96 34 63 69 42 46 52 74 34 70 23 3 33 49 77 60 91 2 16 90 89 86 19 70 19 3 73 57 95 25 28 42 58 42 11 99 40 14 24 25 83 99 27 15 47 3 74 38 4 41 27 44 78 97 65 96 99 89 53 45 14 32 86 23 73 48 22 64 
62 97 88 96 95 66 63 42 68 88 31 24 81 57 19 58 5 36 6 3 24 10 99 37 41 84 60 65 84 33 29 97 81 68 92 76 34 6 69 1 94 51 76 74 59 95 83 63 30 88 65 53 97 15 42 89 50 1 54 33 85 34 29 65 1 73 40 34 30 60 87 23 10 62 48 68 8 31 30 37 70 46 42 19 60 83 7 10 35 12 94 19 45 75 83 46 99 75 79 28 86 65 3 48 79 50 67 86 32 49 75 2 94 16 72 6 50 78 67 36 90 12 6 86 86 40 31 84 66 62 64 
52 78 66 99 56 15 65 94 99 65 68 52 59 35 23 16 84 52 34 71 93 45 76 79 83 15 9 18 81 22 81 84 100 46 34 7 13 50 100 11 15 67 62 25 1 36 92 36 87 25 6 80 21 33 58 3 100 18 21 32 40 53 15 91 99 100 97 11 49 97 73 63 63 86 39 16 21 30 51 7 54 9 38 27 93 95 81 92 65 1 75 4 6 89 46 4 88 42 66 89 38 90 51 53 75 42 68 95 71 70 53 77 30 91 3 23 37 83 66 53 36 41 8 41 81 53 96 21 95 13 
9 32 2 11 84 76 52 51 22 23 73 74 99 2 16 1 24 5 35 90 57 70 82 65 62 62 17 57 82 11 21 90 95 22 1 78 97 52 81 70 26 5 44 24 6 11 76 30 15 63 71 72 84 52 88 46 13 4 54 47 67 75 36 13 96 88 42 45 92 74 14 17 78 9 93 84 72 20 13 86 34 35 9 18 38 48 15 50 4 68 48 70 94 84 82 90 23 75 86 14 49 51 83 26 12 27 9 83 98 73 20 32 7 81 1 44 28 15 46 31 82 93 52 28 28 85 17 3 60 
54 68 8 56 2 33 67 28 94 1 78 66 73 61 25 53 61 20 80 27 17 11 60 62 62 87 89 99 55 91 58 8 11 65 16 12 49 82 92 42 35 69 60 7 81 84 59 93 55 90 19 72 52 78 33 66 65 73 64 19 16 21 79 26 37 94 37 37 27 80 79 13 48 90 19 80 25 29 72 79 71 42 50 22 20 34 39 36 7 2 6 22 74 36 99 10 29 87 47 8 67 77 72 66 66 43 46 90 71 69 20 93 11 22 67 30 55 5 17 13 7 22 86 32 10 84 94 90 
71 92 97 37 20 69 2 85 11 99 26 33 68 97 78 78 18 44 59 25 48 75 37 6 48 23 38 57 6 83 47 28 74 95 64 93 15 18 29 77 16 6 62 83 2 39 60 72 82 18 96 81 44 32 87 92 54 76 100 12 58 98 39 83 45 55 75 59 72 3 36 87 60 49 70 61 87 81 32 20 99 27 100 94 11 38 37 64 13 89 27 22 86 66 4 30 20 30 41 43 84 28 29 43 76 50 56 62 31 87 33 81 66 32 26 76 70 63 91 34 51 70 56 36 35 11 18 
6 41 58 100 24 37 28 19 12 30 74 25 60 12 57 92 77 40 17 4 9 79 47 95 81 16 2 69 2 12 86 7 4 95 6 80 31 85 98 94 14 71 18 25 82 26 16 11 65 85 14 26 63 60 20 96 75 21 64 28 84 49 86 88 95 43 67 25 28 16 70 93 86 87 18 19 64 85 29 80 21 95 5 84 6 76 79 33 48 94 60 32 42 46 71 36 88 89 12 67 4 81 60 41 19 29 59 34 65 40 13 86 86 70 21 91 45 51 23 45 44 83 76 37 80 98 
24 67 86 87 86 41 19 97 81 37 77 91 22 41 82 34 78 67 3 50 58 100 52 32 44 95 66 71 83 45 68 6 64 5 92 49 45 62 97 77 98 73 67 19 13 49 5 43 15 59 92 24 58 44 56 53 90 21 23 25 18 42 30 81 98 74 81 42 35 77 18 85 49 37 55 13 85 11 7 51 70 51 27 27 46 34 80 35 6 54 11 23 96 41 55 93 66 87 87 52 63 56 88 63 92 43 28 28 53 34 31 22 36 57 1 81 90 32 68 95 85 78 70 32 70 
24 77 87 63 63 39 25 70 26 40 62 20 19 41 25 4 71 98 40 79 98 20 68 81 87 15 66 17 84 49 86 59 25 73 21 39 63 98 61 88 89 22 60 7 14 84 10 85 81 49 63 31 21 83 11 7 49 28 75 32 77 61 42 53 85 15 44 47 12 4 86 100 77 45 58 90 80 67 26 61 68 41 43 88 75 5 94 23 33 69 6 61 81 47 65 65 61 8 11 24 63 96 75 39 93 32 81 72 99 6 84 66 98 26 53 72 83 98 94 67 18 99 27 50 
98 43 66 10 3 76 34 65 24 8 56 16 92 36 39 42 93 23 59 91 48 63 14 82 60 8 48 30 58 26 31 55 69 97 65 71 24 50 87 47 9 42 14 100 29 53 41 22 75 99 64 74 61 77 56 73 36 55 54 46 81 84 100 49 80 16 71 4 65 57 2 74 51 16 25 79 20 66 52 94 64 15 19 77 44 26 49 31 81 2 76 61 85 28 61 17 43 31 20 60 39 21 85 89 88 9 68 7 26 19 100 90 86 71 18 29 96 66 11 76 19 87 88 
3 14 48 19 8 78 90 19 17 63 3 5 50 64 24 57 89 95 8 30 80 78 99 60 26 64 70 1 82 8 89 37 21 36 7 81 66 97 99 34 11 54 90 60 17 14 16 57 60 76 39 91 53 89 50 78 53 71 31 86 79 71 74 51 58 81 31 23 29 82 56 39 35 46 50 3 11 66 11 70 41 1 60 45 90 61 75 94 83 5 79 13 75 5 16 32 85 46 7 65 79 62 55 13 59 4 67 69 69 78 90 61 30 1 58 19 61 32 12 96 36 43 
8 62 47 23 45 83 21 51 47 99 13 1 64 23 4 30 44 25 7 33 37 89 34 94 7 46 77 71 41 64 65 49 25 63 23 70 45 43 72 43 94 36 43 57 59 98 86 2 74 45 86 63 33 19 8 91 17 85 13 57 48 77 57 25 39 32 46 83 74 17 25 19 53 19 75 63 69 13 16 94 9 1 56 93 72 64 35 88 100 48 96 99 24 5 23 63 36 20 97 61 89 74 80 93 44 6 55 64 70 22 58 30 22 65 22 93 80 9 32 79 56 
80 78 31 36 52 45 71 24 42 83 12 67 14 56 62 72 62 26 41 83 35 23 4 99 44 49 79 4 32 9 59 11 86 90 98 90 34 68 13 27 3 76 45 68 31 7 39 92 32 32 26 66 54 81 16 49 29 46 53 13 55 11 75 40 52 73 81 38 92 93 16 94 20 61 62 2 67 52 45 50 83 70 67 36 51 82 85 31 28 37 43 82 99 70 73 51 42 6 40 85 50 55 79 70 67 92 71 33 43 68 82 78 37 100 13 39 82 97 70 61 
85 64 94 84 85 18 86 26 23 77 11 73 31 41 94 98 84 64 82 78 31 16 55 20 15 20 58 48 68 79 60 53 95 53 88 79 23 25 5 45 1 67 69 83 59 62 32 42 78 14 71 60 29 26 79 95 97 37 95 64 67 54 68 61 59 55 40 81 79 96 77 79 62 98 14 20 59 45 13 36 58 83 96 38 60 26 85 56 14 79 20 81 32 87 93 90 42 32 22 72 27 51 3 88 48 16 59 6 12 71 94 70 6 41 59 65 66 43 21 
32 21 40 64 5 78 56 46 71 88 68 43 14 18 97 54 17 64 64 22 75 87 67 96 92 7 55 56 25 49 76 8 22 67 71 26 97 26 23 67 13 90 61 79 59 57 84 27 72 47 49 47 33 67 42 24 26 48 32 2 97 59 9 70 78 79 95 74 4 69 40 69 11 53 47 69 61 30 48 33 28 96 79 61 14 72 36 39 20 19 40 16 78 48 37 7 26 83 80 82 51 71 50 61 23 48 82 84 29 29 16 56 76 46 68 89 17 4 
28 36 74 19 3 3 67 39 9 44 21 88 77 72 11 26 84 33 25 65 68 53 93 35 9 68 80 28 9 97 83 36 84 57 54 87 59 72 77 68 68 50 7 44 21 17 22 4 2 46 21 21 51 13 56 59 33 35 38 41 83 21 28 67 77 33 5 87 5 81 54 72 30 13 15 2 81 88 58 82 34 78 3 84 42 10 94 26 44 31 18 27 51 45 45 79 30 49 66 34 81 71 57 11 83 23 64 64 11 73 97 96 2 51 31 96 60 
24 21 56 6 91 82 9 87 78 87 16 26 4 1 6 75 57 68 57 32 32 72 94 56 21 89 58 71 19 53 83 94 73 38 51 15 71 11 2 48 98 17 73 1 18 30 27 26 98 36 57 81 7 50 36 27 38 93 50 8 97 32 53 70 21 56 36 91 66 37 38 63 54 10 16 71 39 94 96 88 29 5 20 88 54 56 66 44 100 15 3 97 98 56 18 18 11 53 8 28 90 45 43 43 6 58 65 97 3 12 36 32 16 56 19 70 
63 84 65 62 51 67 10 48 74 27 18 36 32 77 64 21 22 6 15 79 15 31 27 17 42 63 48 58 18 18 79 80 54 43 93 4 9 3 3 83 29 20 18 60 97 81 32 70 86 98 100 100 28 27 69 70 89 68 27 58 86 5 89 39 99 81 94 7 83 96 41 64 16 59 75 64 91 59 85 29 56 84 80 84 62 48 5 50 16 31 59 1 87 47 91 85 80 84 43 62 79 84 77 46 94 52 61 84 10 45 12 17 81 92 100 
42 91 4 44 6 86 2 58 24 1 100 60 80 83 3 93 14 38 70 11 31 73 24 66 82 68 78 98 100 21 50 42 11 5 85 69 91 38 78 66 90 78 26 69 12 80 62 25 17 83 88 47 55 11 64 36 30 41 85 30 13 86 23 76 91 59 44 33 96 73 98 38 50 23 6 62 2 19 38 70 1 25 68 55 87 32 42 17 24 79 46 89 16 68 64 6 78 59 38 73 31 88 10 81 10 68 94 64 38 31 85 39 8 53 
45 94 36 39 10 59 69 7 47 84 26 62 90 3 72 79 28 3 66 89 35 28 8 28 43 46 10 27 36 17 31 32 11 66 70 72 77 90 31 75 74 8 37 15 63 8 45 90 62 63 30 48 90 38 27 84 35 37 62 70 5 93 1 67 10 23 91 38 12 21 13 37 80 1 51 42 60 96 83 74 10 65 21 51 54 48 34 88 36 95 9 40 39 61 59 49 83 49 86 47 21 50 83 100 50 86 94 62 33 76 35 42 92 
55 92 45 54 25 32 41 71 40 33 10 1 91 10 35 39 47 81 11 97 16 10 98 1 55 59 33 83 93 26 74 100 17 19 5 93 2 46 63 42 78 24 94 68 85 80 58 32 13 68 80 28 29 29 80 84 88 64 66 32 89 39 83 57 57 88 49 59 33 63 52 62 87 97 29 71 28 38 54 40 5 33 19 33 62 98 16 1 61 81 84 1 20 67 57 28 6 5 38 90 20 41 51 6 89 31 28 17 68 82 56 72 
66 75 56 79 24 72 31 37 4 15 37 75 33 94 3 38 50 92 79 69 85 29 26 73 59 6 41 26 39 49 49 4 75 4 35 98 27 65 34 31 79 71 5 63 16 59 52 17 51 30 38 35 58 15 59 68 20 100 45 58 48 93 14 22 97 48 71 23 12 57 5 43 79 10 57 94 68 9 62 70 38 99 4 48 14 15 15 33 14 60 43 13 52 56 86 100 55 56 75 18 12 31 12 90 40 69 35 60 77 97 29 
66 47 85 13 60 99 28 45 64 87 39 76 90 46 13 42 100 68 68 69 32 98 81 73 38 49 60 97 77 8 25 42 54 9 55 66 59 82 62 22 20 100 97 61 97 61 2 96 81 21 16 12 19 96 36 8 96 47 56 72 54 32 66 60 93 20 25 51 53 38 73 24 37 21 84 33 82 38 80 62 58 95 25 28 43 12 35 38 59 90 62 64 22 27 23 14 98 47 16 2 84 88 25 72 61 60 56 94 49 87 
7 7 34 31 34 76 94 21 13 52 62 26 16 83 52 90 48 49 37 16 50 72 3 26 96 15 86 51 8 34 90 14 92 23 96 78 98 42 98 62 93 59 88 60 94 91 50 93 40 38 8 41 61 63 67 56 29 4 59 89 37 48 54 81 22 50 58 71 91 7 32 35 17 71 47 62 62 48 55 53 85 14 45 97 28 11 53 57 14 63 45 3 10 98 35 83 99 92 53 41 50 36 76 66 7 74 28 20 21 
34 24 57 99 68 53 79 79 57 35 44 19 31 98 28 80 32 62 79 75 14 71 76 50 98 42 8 71 21 27 91 6 2 99 56 69 52 34 99 8 68 95 79 50 92 6 30 76 68 60 2 33 30 78 82 28 71 89 50 43 67 93 48 68 91 3 89 94 37 87 54 56 81 32 58 25 89 87 100 8 98 53 41 79 82 74 6 52 15 56 94 33 48 93 1 90 48 41 84 36 27 89 43 8 20 100 84 8 
38 35 68 35 87 60 14 69 33 71 72 47 78 18 80 77 10 32 67 57 72 2 92 50 90 35 57 61 86 92 20 24 26 87 10 13 46 75 33 31 98 4 77 75 21 8 4 83 91 70 39 62 23 83 64 64 69 72 24 54 64 43 29 89 82 39 1 27 65 85 57 62 41 86 89 61 45 92 95 36 13 86 49 35 68 12 98 88 84 73 93 47 15 22 35 96 12 88 75 76 72 83 38 64 68 26 25 
13 69 71 100 81 56 48 15 23 12 64 62 95 36 55 93 50 76 79 98 87 66 72 14 90 54 3 53 74 80 29 38 48 100 37 28 7 36 94 82 99 57 43 93 92 97 37 94 24 16 43 62 33 14 76 74 19 30 27 44 10 7 81 57 58 69 37 65 57 30 46 55 39 88 100 82 37 36 75 60 3 69 22 36 82 49 9 53 78 87 48 87 46 29 96 3 49 84 19 57 13 64 64 51 4 63 
33 40 50 59 99 5 28 72 40 61 20 100 65 98 39 13 36 84 93 83 38 93 66 57 50 31 20 13 33 23 27 65 14 28 76 65 32 55 36 23 15 56 75 32 5 13 44 92 48 36 27 85 28 44 41 29 74 13 93 7 87 19 23 1 47 98 65 30 4 100 53 19 7 27 2 63 91 45 7 38 32 33 22 11 76 15 40 2 27 32 8 13 51 82 13 49 80 77 78 35 29 82 53 87 60 
54 2 50 50 8 87 81 92 61 92 19 75 83 20 1 14 79 13 16 61 78 16 92 6 94 26 34 27 31 73 87 36 74 88 38 81 75 18 24 87 61 42 61 43 14 13 57 44 77 24 4 54 40 47 60 85 25 45 11 55 17 49 42 90 37 79 22 63 49 45 49 9 39 61 4 4 73 12 47 1 35 3 55 74 49 66 10 25 10 73 31 79 21 73 20 9 3 42 71 51 38 71 12 28 
31 15 31 55 78 78 56 12 80 62 38 80 27 47 5 88 71 35 66 92 59 38 100 14 79 23 64 68 93 27 96 76 41 26 82 18 55 37 82 34 50 71 66 76 69 22 64 40 8 81 31 67 18 82 32 48 56 95 16 49 74 63 76 66 40 57 84 95 46 17 80 95 87 45 23 55 66 86 94 26 18 76 44 88 10 75 35 65 21 2 65 94 64 40 60 4 49 95 50 46 11 29 40 
49 74 62 3 91 99 49 16 69 76 59 56 85 85 42 2 6 44 66 99 59 58 58 14 6 52 63 3 62 44 42 62 17 56 17 59 6 65 27 74 92 37 29 29 22 71 30 27 66 95 25 24 4 35 90 61 86 52 63 100 95 5 61 63 12 77 74 17 93 52 91 85 88 71 13 61 93 94 39 58 40 64 34 44 50 23 4 35 74 19 34 21 75 47 35 86 23 8 2 68 11 44 
4 99 15 68 11 59 61 50 17 100 13 50 95 62 72 51 48 97 69 34 69 43 80 4 80 54 63 33 21 74 77 24 24 43 43 34 1 3 83 69 55 47 18 49 60 89 99 8 38 19 93 6 13 72 61 92 77 76 25 50 49 53 25 24 47 68 57 47 70 92 16 24 38 85 25 50 26 75 9 63 94 1 68 58 24 81 50 100 56 26 49 56 78 74 79 24 93 87 22 62 78 
89 38 68 74 14 69 99 88 77 61 33 29 80 91 52 60 92 3 67 17 4 22 46 29 100 69 21 39 42 82 68 31 71 87 4 84 55 2 24 83 14 56 11 45 98 14 5 89 17 23 5 20 45 50 100 96 70 20 34 12 53 2 94 24 40 97 59 95 50 82 29 15 90 40 59 87 53 15 76 21 38 32 92 82 34 91 77 3 10 63 66 15 16 59 90 55 7 48 1 8 
82 30 22 71 69 81 57 73 95 84 94 32 16 85 65 1 76 94 55 37 56 21 51 71 31 40 77 90 40 78 49 73 7 71 43 27 3 51 99 97 87 92 81 54 29 97 54 56 90 8 92 45 80 95 67 63 86 44 4 77 21 52 49 79 22 91 5 24 94 3 73 80 47 5 85 27 1 38 82 91 97 25 87 77 71 6 91 57 49 94 33 21 45 34 51 67 76 55 42 
69 9 14 100 7 18 84 33 71 73 66 61 70 43 99 46 13 4 36 21 4 29 6 76 25 39 26 91 14 32 33 35 41 98 86 99 68 70 84 38 94 1 50 63 43 48 60 8 4 47 28 7 27 33 35 52 23 60 42 89 44 26 23 84 76 8 34 43 29 17 32 23 70 81 37 12 80 97 19 35 43 99 94 70 83 28 73 58 39 14 46 82 92 68 17 67 27 51 
61 8 19 92 30 88 24 66 52 55 14 22 90 9 72 35 78 55 62 2 12 52 15 9 34 58 28 50 76 54 52 36 61 23 79 42 62 2 60 65 57 25 87 98 33 10 32 62 64 45 63 27 96 30 87 29 87 14 31 63 68 34 50 80 8 29 74 70 82 33 34 90 57 72 39 42 82 70 3 97 66 66 76 62 95 62 42 33 76 24 47 95 58 97 26 17 77 
99 86 10 83 72 100 92 95 38 33 76 60 35 25 77 52 52 38 98 13 32 31 40 55 77 86 64 25 12 81 53 62 18 63 45 41 14 88 36 3 20 11 14 6 87 91 58 38 28 55 3 11 37 42 66 14 80 81 90 91 13 95 4 31 57 48 71 22 35 6 24 6 69 90 12 7 80 21 45 59 27 47 70 64 40 87 29 19 67 70 61 32 64 65 62 72 
64 84 93 51 90 69 56 10 10 19 16 89 91 12 99 18 58 68 33 50 6 61 68 25 82 81 56 46 45 17 17 8 52 62 10 93 82 66 2 91 36 70 31 27 81 29 44 91 49 28 40 54 40 59 78 21 39 85 66 83 53 35 43 5 48 52 97 29 69 51 19 5 20 1 31 52 29 26 42 77 53 81 83 92 40 12 64 78 97 30 13 49 16 55 5 
63 58 2 43 27 52 13 31 23 13 13 74 41 38 16 70 42 48 52 85 87 63 48 17 11 29 29 12 96 35 16 58 92 69 100 70 20 12 100 94 76 12 68 17 1 83 86 42 82 89 78 69 3 78 37 14 6 17 25 2 3 40 11 46 9 63 16 80 26 15 74 2 79 93 18 79 75 55 21 56 43 50 76 45 27 64 10 33 80 34 86 34 26 48 
80 86 10 95 17 36 9 90 37 87 82 54 66 8 60 38 16 54 39 43 98 66 7 8 50 38 93 87 72 18 34 3 55 44 97 72 79 5 13 67 44 47 72 61 6 31 50 21 84 88 16 33 53 74 92 54 11 85 40 34 54 74 36 9 17 32 32 47 89 44 13 84 90 84 44 96 14 45 68 49 32 83 81 37 56 25 90 19 9 30 4 14 3 
92 74 71 75 5 69 63 49 81 98 90 16 93 85 81 37 53 29 21 87 61 57 95 85 46 13 45 27 68 11 81 59 84 51 34 89 71 48 89 51 46 78 66 38 15 98 27 19 26 47 5 39 3 99 75 100 63 72 27 31 82 59 89 17 62 22 57 32 22 45 35 67 75 100 56 89 50 82 7 75 80 63 65 82 62 40 34 76 11 12 6 44 
70 47 60 31 68 69 15 41 13 49 7 39 100 15 27 49 96 85 76 76 48 40 9 61 31 42 36 93 53 94 36 75 40 48 57 59 16 71 100 80 19 6 19 19 72 97 19 68 34 94 95 33 86 55 93 16 97 80 9 1 73 96 27 12 43 84 23 10 54 22 90 25 79 60 95 51 8 13 70 41 59 16 73 44 70 17 59 18 97 67 19 
21 15 45 33 57 80 7 19 34 28 60 10 6 19 4 8 78 16 77 71 74 92 43 17 62 12 28 31 8 46 49 28 60 46 12 69 77 18 87 10 97 98 71 3 68 74 62 45 42 39 15 67 82 10 36 95 21 63 26 28 8 26 7 20 23 71 88 100 88 26 61 85 23 32 39 90 57 52 34 98 90 1 65 24 10 100 18 30 14 95 
9 21 21 67 92 95 37 79 94 77 4 7 13 78 38 3 67 94 54 53 44 96 5 8 19 14 59 88 95 72 83 3 44 55 21 36 49 58 66 95 34 22 1 98 99 90 100 18 35 53 70 78 48 74 85 66 39 95 6 33 18 88 87 62 94 7 49 94 16 14 88 1 35 40 98 86 29 97 3 16 50 24 93 49 49 30 15 87 24 
72 71 42 59 57 55 4 15 3 97 31 68 37 83 55 28 81 40 9 77 94 24 78 17 16 27 65 45 93 51 21 64 73 62 74 29 16 29 95 70 77 77 37 13 60 43 93 40 82 53 68 27 76 98 43 43 76 7 40 68 9 60 83 81 73 8 61 88 36 8 9 12 84 97 77 95 40 69 34 73 21 54 100 48 3 94 90 78 
1 81 97 61 40 79 94 12 86 6 51 21 13 11 84 49 8 60 43 99 80 29 71 52 82 22 99 84 16 41 13 68 21 9 80 13 87 73 76 24 31 27 96 95 89 79 43 96 91 86 46 70 14 69 74 47 90 24 82 57 16 94 76 89 2 56 1 88 80 76 63 10 54 58 5 43 36 99 90 78 84 36 100 49 4 73 95 
45 48 76 2 64 21 77 52 22 84 52 61 64 79 23 25 85 80 81 79 68 80 68 97 15 55 96 64 58 68 58 3 16 86 56 31 6 84 82 80 68 85 40 31 15 15 7 99 94 88 77 13 19 97 10 33 51 57 96 61 77 6 63 44 91 70 74 48 53 55 27 20 91 19 2 5 33 9 56 78 48 84 43 66 32 4 
98 83 60 94 43 36 99 57 79 41 26 52 40 78 58 19 50 100 37 51 57 21 11 12 98 58 47 92 23 79 95 21 13 55 66 7 90 16 63 21 56 40 24 47 69 34 65 18 33 53 21 89 25 31 52 23 89 99 66 63 29 61 35 41 15 100 47 56 15 61 76 22 52 100 69 20 33 85 90 17 38 10 6 14 40 
57 88 80 7 54 43 35 14 77 27 28 29 25 35 43 37 11 17 88 62 85 60 46 21 49 62 10 10 19 24 1 28 11 33 34 64 75 21 77 3 47 56 31 24 91 26 60 53 42 48 66 78 7 11 98 7 24 8 68 95 31 68 22 41 52 7 57 26 79 33 81 26 41 63 49 31 88 60 35 81 7 100 58 65 
62 8 23 85 15 90 31 97 10 4 89 61 11 45 39 89 30 71 66 70 33 66 52 73 26 86 53 84 85 63 1 46 70 23 82 84 65 13 32 26 16 20 38 78 65 76 19 94 98 84 15 31 2 66 55 79 51 7 14 35 69 14 32 38 37 13 73 53 25 4 78 93 24 15 70 40 43 88 85 40 24 99 22 
77 16 76 7 66 35 20 52 3 34 35 93 22 47 17 26 24 73 3 16 48 69 37 87 11 77 23 3 52 21 24 28 88 52 34 5 86 5 56 40 90 90 84 11 88 1 36 63 25 90 30 72 59 67 58 21 95 32 23 46 4 99 25 91 50 10 95 35 14 2 26 4 43 10 66 30 62 54 93 86 43 74 
57 53 40 66 74 86 97 48 31 100 46 7 90 47 16 84 33 82 37 59 37 79 68 2 60 81 55 52 66 50 78 22 2 17 39 27 55 35 75 37 34 72 44 75 19 59 10 51 92 46 61 28 24 80 30 83 60 36 87 25 85 64 98 39 32 36 17 86 70 91 23 55 15 66 81 85 76 90 35 68 35 
48 95 58 27 76 93 87 12 79 11 48 94 61 38 25 96 55 63 18 97 85 24 63 2 5 47 29 94 34 96 81 81 43 90 7 70 82 93 33 12 56 33 5 16 70 82 63 76 44 32 25 80 56 87 81 12 34 9 5 67 57 85 47 51 75 5 20 8 50 5 20 5 37 76 72 58 57 86 34 100 
18 10 79 25 96 11 36 81 72 92 99 28 77 97 30 3 2 49 10 51 5 81 7 41 57 78 99 13 15 84 65 32 93 95 8 40 6 95 21 77 87 71 56 15 68 85 17 69 85 78 19 90 59 25 30 15 54 80 79 68 15 43 52 59 38 11 51 95 6 23 23 92 93 78 6 60 62 74 28 
46 3 98 35 13 74 17 27 79 48 58 99 63 52 50 73 41 12 23 35 17 45 57 60 38 34 17 97 47 90 77 93 45 74 79 57 100 95 36 78 43 93 76 57 44 77 29 85 89 52 71 5 48 80 65 85 65 81 82 12 23 58 56 67 83 34 23 82 29 58 60 23 2 35 79 98 12 59 
34 100 10 4 56 58 35 72 94 100 5 75 11 27 84 18 45 19 51 19 100 31 29 59 53 30 46 83 27 9 42 12 60 3 16 67 60 50 39 54 1 43 80 63 21 16 80 65 34 31 35 33 61 63 44 66 45 41 48 23 1 41 35 60 44 50 26 3 51 64 8 4 58 40 66 78 55 
98 94 40 28 29 24 40 43 67 57 87 59 5 10 59 45 44 18 88 45 96 43 47 11 2 50 69 93 68 98 99 65 44 38 44 72 62 83 14 80 92 53 91 96 62 49 92 57 19 32 1 14 26 99 76 79 1 44 72 68 94 70 84 37 60 27 60 21 61 73 52 52 77 42 99 38 
91 43 94 61 74 46 74 51 45 49 29 45 45 100 12 90 22 47 26 81 73 85 1 85 9 4 37 86 46 87 75 88 29 69 48 2 66 73 4 10 73 33 54 69 84 17 58 5 63 35 85 87 71 37 72 32 41 60 69 38 46 43 77 75 63 76 28 29 100 84 90 72 16 44 93 
99 12 2 4 27 37 40 65 59 77 36 90 69 47 58 6 93 1 34 19 15 9 98 95 8 81 85 31 48 80 75 47 91 77 2 69 65 41 34 23 69 69 13 37 68 22 94 12 74 79 30 89 87 79 83 46 60 19 29 59 98 3 5 89 31 58 57 95 51 42 18 19 11 82 
8 30 3 53 41 29 32 22 69 70 100 3 16 11 22 96 70 19 50 26 59 81 84 16 75 86 57 44 56 19 25 63 100 80 16 40 8 47 61 28 16 13 30 83 23 51 78 44 70 28 70 28 60 5 95 34 42 4 78 97 74 2 60 74 33 75 65 92 73 26 19 40 38 
49 23 12 99 52 8 20 31 77 100 90 33 94 24 74 49 53 70 23 6 81 48 39 7 12 82 79 89 1 71 78 49 93 90 99 96 97 71 27 25 70 68 9 15 43 34 64 95 55 38 53 36 37 91 42 48 72 73 89 24 43 66 72 87 7 23 82 55 93 60 31 62 
80 39 76 22 72 91 69 27 80 21 14 16 63 55 64 34 79 4 10 21 69 81 59 76 55 93 30 47 52 61 60 83 51 88 5 75 78 25 1 10 45 66 25 7 20 40 92 99 43 1 71 12 34 30 39 88 22 20 87 25 80 98 8 83 85 64 57 15 88 9 24 
84 74 48 42 45 40 85 43 82 86 66 93 71 95 83 10 68 3 48 92 82 46 51 16 82 66 72 96 5 32 71 88 5 71 81 50 10 66 44 91 3 9 36 73 55 18 82 22 20 30 66 54 27 16 69 8 82 93 4 38 24 26 26 81 96 58 82 5 23 77 
48 25 38 35 97 92 52 31 66 24 12 31 77 38 98 97 45 31 89 100 69 65 26 46 97 73 3 78 30 26 54 77 50 91 11 99 35 14 81 100 37 92 82 65 81 79 62 25 10 2 77 30 18 2 75 14 74 29 91 3 6 97 31 8 87 93 6 21 7 
38 72 43 29 53 8 9 32 21 85 93 22 61 74 40 14 100 53 40 28 96 94 34 92 25 41 30 69 98 3 75 35 74 70 15 27 29 75 10 49 59 54 70 72 27 61 85 78 66 76 5 13 70 90 4 46 30 33 14 79 87 89 13 61 10 79 39 38 
53 100 86 64 53 7 35 31 20 71 8 85 47 64 97 68 54 52 13 35 36 78 66 23 18 30 35 27 9 73 64 61 72 1 24 76 8 10 58 27 33 17 63 31 32 59 98 37 62 62 72 97 39 37 71 57 18 5 83 26 29 99 39 52 99 14 79 
58 24 36 84 56 4 46 38 36 56 35 72 17 96 95 66 34 83 36 42 1 93 77 26 21 75 16 73 25 30 51 83 53 39 18 60 94 64 97 29 71 83 53 40 30 99 5 63 82 92 57 34 84 33 11 57 59 27 81 83 56 83 17 60 21 35 
71 67 98 19 47 20 1 99 59 30 50 63 44 83 7 52 16 42 84 78 98 94 56 30 77 11 13 45 22 85 79 44 51 28 62 98 48 14 48 6 95 49 21 91 31 27 42 98 20 78 76 18 71 83 99 99 94 11 44 67 48 22 11 50 50 
72 47 97 38 47 54 32 47 74 22 78 52 64 27 72 41 54 41 63 37 39 62 82 2 5 48 49 78 58 98 27 82 97 75 19 95 29 2 41 2 24 70 6 39 97 77 31 2 17 93 38 7 6 71 8 10 19 56 88 28 6 66 61 54 
41 31 48 21 33 40 22 56 10 27 46 58 55 76 11 71 68 49 78 74 71 37 35 89 45 74 69 50 40 29 3 32 60 2 52 92 41 25 99 2 4 44 11 58 71 22 29 38 22 58 63 92 94 50 81 90 23 1 39 14 29 93 45 
40 46 48 83 87 73 33 40 76 76 51 33 46 72 13 36 93 22 50 84 16 99 16 5 74 16 96 87 97 40 84 36 86 31 71 24 3 3 63 30 31 13 63 28 36 75 15 28 49 65 64 16 15 31 72 40 47 67 27 95 59 62 
82 44 44 52 19 47 7 81 28 37 46 90 16 81 17 31 61 65 47 76 80 61 6 51 53 4 70 31 98 28 92 80 23 35 31 41 33 37 73 61 25 18 2 41 51 18 23 63 34 69 90 65 81 95 16 33 99 37 63 96 16 
6 27 38 93 58 30 25 46 2 37 23 72 39 15 74 56 89 36 42 9 25 6 89 71 73 74 69 9 88 17 24 46 43 13 38 52 42 62 50 44 99 24 67 37 38 40 44 78 75 85 86 51 43 26 21 15 99 42 24 39 
10 47 36 52 60 73 56 53 86 57 96 84 80 14 72 69 53 68 46 79 4 31 29 46 56 2 61 7 95 36 97 4 82 32 7 93 4 62 98 89 70 93 25 49 59 48 69 11 67 14 90 71 96 70 68 4 71 80 10 
65 15 58 20 49 89 27 41 44 40 90 84 10 35 60 58 93 60 27 3 26 92 92 48 88 14 16 91 84 95 52 1 10 9 20 10 49 98 2 44 38 92 79 47 26 39 56 18 98 34 20 75 78 64 23 17 77 90 
7 12 36 10 64 97 70 36 6 70 33 8 13 70 99 43 68 24 81 76 41 30 9 12 57 38 75 31 54 3 20 12 15 7 21 78 56 42 13 61 11 46 20 75 67 18 18 87 93 50 62 85 32 22 97 88 60 
23 18 13 26 89 77 40 95 97 69 2 91 82 63 1 79 34 28 97 4 45 83 96 46 44 33 77 18 29 64 77 3 33 41 28 21 17 19 68 66 88 69 56 21 83 8 51 17 35 47 20 31 82 67 77 25 
99 5 94 79 69 22 82 53 63 61 74 31 80 93 48 19 13 55 91 96 15 41 64 1 39 35 84 20 1 60 97 100 16 90 30 84 12 63 89 26 24 62 8 55 6 8 73 18 62 63 65 28 55 80 29 
93 14 12 65 15 23 61 66 38 50 95 74 13 58 62 90 33 75 98 87 80 57 59 49 70 73 66 98 79 45 78 71 59 89 35 25 63 47 90 52 49 36 25 61 45 38 3 77 12 52 63 43 8 73 
44 77 97 9 26 75 5 3 46 15 43 32 39 5 79 80 57 27 68 33 39 12 71 41 89 34 44 3 29 51 76 72 80 72 32 5 47 88 8 44 3 2 27 93 59 57 25 15 35 92 99 26 3 
69 66 43 55 62 46 83 12 73 6 91 96 37 96 42 24 55 37 78 8 16 71 66 72 47 32 7 38 31 32 92 51 49 35 5 10 32 39 74 4 44 16 99 80 11 93 56 17 81 85 77 96 
7 42 20 53 74 78 90 4 61 82 6 61 16 63 23 99 1 96 2 45 11 52 76 74 44 83 42 77 68 18 72 74 60 43 27 85 20 68 40 80 49 45 41 16 7 63 14 60 58 67 4 
20 19 31 93 14 14 87 90 81 4 14 6 15 8 32 99 28 100 38 7 100 35 99 16 93 61 81 52 70 48 7 90 18 38 34 83 51 20 25 83 76 90 88 90 97 72 41 24 71 30 
83 22 64 81 37 9 94 70 60 15 69 67 56 38 56 90 20 58 61 44 92 88 85 79 30 82 50 70 57 72 99 39 94 15 72 82 23 17 3 34 31 71 52 87 8 7 28 80 16 
88 75 7 28 60 38 57 41 39 78 49 11 28 88 56 42 11 89 16 27 92 50 57 14 53 95 22 12 22 53 27 62 27 34 89 86 71 97 78 9 74 27 71 1 14 78 43 76 
67 10 54 10 11 62 23 64 57 96 75 78 48 1 39 75 86 79 12 8 75 90 17 48 16 39 49 81 69 43 56 35 52 61 96 63 22 70 78 78 66 52 56 65 4 46 91 
90 25 3 97 99 44 65 47 59 56 47 39 24 89 46 10 92 58 5 6 79 74 83 57 91 86 64 56 90 61 98 79 85 100 27 36 43 44 34 53 99 80 43 74 20 40 
83 11 97 39 17 76 64 51 84 55 37 99 62 26 59 59 56 96 11 82 31 53 77 64 58 27 43 100 100 62 40 34 24 36 72 40 63 36 43 46 42 79 44 3 4 
55 61 59 50 71 92 80 76 21 95 33 47 89 84 47 2 23 80 25 59 4 17 21 39 59 19 80 37 14 82 92 68 94 2 69 17 45 48 44 65 94 28 12 82 
11 10 83 34 41 8 44 44 76 16 34 34 34 13 22 48 46 13 67 92 66 36 60 10 35 3 75 29 30 38 62 92 47 45 77 39 4 20 83 31 36 16 64 
21 81 37 20 78 49 87 69 14 22 28 75 56 82 49 36 63 38 98 55 36 94 31 75 49 3 9 79 90 24 94 10 56 30 30 34 30 68 54 95 89 34 
69 96 15 70 84 30 7 81 84 43 26 66 17 74 68 77 52 57 52 97 19 8 26 48 93 7 15 46 1 55 79 69 2 46 90 85 75 97 17 10 91 
42 27 59 67 47 35 70 3 86 66 73 93 91 72 85 97 86 83 49 92 13 70 94 10 59 30 84 7 47 45 97 88 72 55 7 18 89 76 72 75 
42 45 19 84 16 56 33 54 38 81 97 2 50 42 12 61 72 95 67 18 92 64 57 15 70 63 84 59 39 55 85 32 51 3 15 19 58 47 24 
47 28 20 49 29 62 60 89 33 6 8 2 97 23 10 63 92 25 46 50 63 1 86 94 3 89 60 21 98 7 44 97 86 16 45 14 77 56 
55 61 61 62 14 10 36 23 72 27 47 18 29 61 70 14 6 24 54 66 45 4 24 40 100 9 7 96 74 35 51 80 95 63 93 60 72 
28 35 96 55 81 65 83 94 34 96 51 9 2 16 53 5 91 45 4 99 3 99 25 38 1 4 84 63 49 44 35 76 78 82 30 10 
46 64 3 31 12 6 39 13 21 44 69 64 40 72 62 42 22 38 79 22 94 63 84 42 6 70 17 35 51 99 44 48 62 99 78 
25 4 17 89 76 12 57 39 51 28 53 92 1 90 71 74 83 33 10 24 90 79 93 24 82 91 19 81 4 17 59 29 72 27 
69 48 38 26 38 40 5 90 31 6 32 53 31 66 37 40 42 26 71 34 1 4 24 20 84 79 88 94 59 60 20 28 59 
9 53 96 48 57 38 31 14 69 83 45 34 20 36 75 97 6 60 50 9 35 69 93 14 56 86 24 67 58 51 25 18 
55 73 18 64 10 100 29 30 82 25 15 53 61 42 2 66 1 51 27 36 71 71 1 26 8 24 45 65 27 69 35 
81 41 52 44 2 3 25 31 84 49 46 89 9 87 42 27 87 92 53 74 62 23 74 39 30 50 83 47 76 4 
33 56 96 36 52 98 38 28 80 73 76 25 61 37 63 2 63 2 45 15 75 6 89 1 97 70 50 31 68 
77 86 100 84 82 35 87 31 72 14 10 45 90 87 57 26 1 59 88 2 3 54 29 61 94 29 9 15 
30 39 83 6 25 82 89 58 17 28 40 40 41 1 84 30 39 41 7 40 51 46 41 5 51 69 17 
96 49 25 11 30 16 93 35 92 74 76 1 42 3 40 82 95 92 65 25 31 57 83 70 7 29 
62 64 31 83 80 27 31 5 37 61 72 29 47 63 54 74 63 96 28 54 77 23 45 93 99 
27 2 81 96 60 61 10 23 92 92 3 18 74 59 54 86 82 34 33 44 87 58 58 34 
86 63 62 8 59 7 6 86 8 38 33 67 99 42 90 42 33 44 59 59 54 64 44 
35 49 28 78 87 86 87 21 71 1 82 30 59 88 35 44 47 24 77 14 22 18 
55 63 3 50 73 13 3 88 56 37 88 84 66 75 21 4 95 91 4 28 20 
62 68 6 6 14 29 34 27 3 3 33 17 57 82 42 69 84 29 25 20 
17 60 37 91 80 40 37 22 43 64 93 5 31 98 62 45 78 47 23 
80 49 8 49 6 89 90 74 73 18 50 44 86 61 81 28 40 20 
64 13 15 80 5 19 62 54 32 58 32 78 33 63 78 40 11 
83 28 52 9 52 22 58 48 7 71 80 87 10 51 2 75 
65 33 79 35 95 85 66 4 16 95 36 30 73 75 93 
55 55 44 15 58 17 25 57 24 95 36 62 56 87 
63 30 51 96 61 86 42 45 3 45 12 98 81 
93 70 7 85 76 13 81 91 71 97 15 27 
72 9 15 33 16 1 48 46 3 43 6 
40 36 2 43 80 13 40 12 5 61 
19 42 36 31 22 78 53 70 92 
32 94 52 46 78 68 98 25 
65 100 19 22 40 54 23 
34 86 35 73 97 91 
85 15 32 20 98 
5 50 2 27 
41 85 20 
45 82 
49 
