30 2
21 81 41 93 3 95 21 13 37 8 22 50 95 22 93 69 46 100 34 66 59 39 55 71 69 7 76 88 8 
2 80 28 82 20 20 37 14 92 49 2 99 22 4 45 43 96 13 88 47 98 5 58 36 12 80 57 70 
8 44 77 9 75 4 90 94 75 78 60 66 26 13 16 47 68 61 42 64 25 29 62 23 86 71 10 
97 51 66 66 58 62 43 66 36 98 7 30 73 85 41 38 62 5 6 61 73 18 2 36 42 82 
49 16 67 20 26 15 70 43 81 79 4 75 96 40 72 2 21 96 38 13 86 100 17 91 12 
89 8 13 76 49 94 25 17 61 96 94 27 17 36 59 95 40 33 90 79 57 43 99 52 
33 11 89 84 79 79 95 68 86 7 43 87 100 19 55 12 14 48 91 30 83 49 76 
22 82 17 52 90 60 2 93 44 64 82 27 43 60 21 10 98 27 52 36 78 23 
90 42 36 89 32 18 71 32 93 45 65 10 96 54 21 50 99 64 13 80 42 
7 91 62 16 40 40 20 27 69 42 68 10 29 56 93 46 27 77 39 23 
41 100 70 47 72 19 45 35 84 76 28 90 18 89 58 10 28 29 36 
96 70 56 58 50 11 2 96 89 78 34 11 71 85 81 17 56 51 
61 42 34 88 69 24 5 57 81 66 36 9 54 83 30 9 92 
79 19 94 26 8 23 11 70 93 95 2 9 50 53 21 43 
86 60 11 61 17 19 93 82 54 53 35 89 82 43 80 
13 14 25 38 73 48 49 94 92 43 96 53 45 100 
25 87 85 85 50 98 1 68 90 34 74 43 21 
62 76 15 93 88 28 18 78 52 65 26 46 
8 20 41 60 16 40 85 55 76 21 4 
25 73 23 15 6 96 9 26 9 84 
41 2 24 20 71 1 72 35 78 
17 94 49 9 54 65 100 90 
71 75 62 26 52 34 48 
66 91 96 74 69 56 
9 61 9 32 80 
79 32 3 65 
61 19 59 
10 79 
64 
