50 3
18 29 21 17 4 8 8 48 34 86 18 23 64 21 57 88 96 93 74 46 74 17 57 63 33 78 81 37 44 3 74 61 31 94 29 87 54 88 34 87 26 3 61 41 24 18 28 71 62 
53 68 35 69 24 49 1 54 29 90 97 84 63 9 66 56 89 52 61 77 38 47 2 40 8 42 15 77 21 85 38 73 52 24 94 28 72 94 81 52 83 77 35 45 85 1 53 73 
4 13 1 41 12 54 81 71 95 47 99 67 32 36 92 35 11 85 62 34 78 42 37 13 70 72 9 54 24 61 79 27 26 79 20 89 33 100 11 79 46 9 98 29 96 89 16 
6 73 77 91 50 71 27 62 40 50 23 46 25 35 76 52 12 6 71 100 90 22 62 21 19 70 18 100 65 6 15 22 78 43 12 79 65 39 41 57 88 15 2 13 49 29 
16 61 34 38 60 24 11 74 44 81 43 61 80 60 18 46 81 95 41 93 73 5 83 65 61 22 79 14 34 28 42 1 88 76 38 99 51 100 72 46 81 67 58 60 26 
75 58 6 69 98 50 41 54 84 58 15 6 36 80 91 15 74 92 54 1 81 5 51 81 28 96 13 94 5 24 19 79 81 77 47 78 78 39 84 14 96 50 19 84 
29 9 98 2 52 4 2 85 8 4 17 35 51 29 29 55 52 99 33 85 27 79 14 57 70 97 70 17 46 88 100 75 48 50 28 52 53 82 36 12 85 52 46 
36 32 26 42 35 77 75 19 3 5 33 59 74 29 28 43 75 67 94 1 67 43 80 18 47 61 5 58 98 56 56 85 39 33 26 73 9 100 44 64 57 76 
74 82 56 54 24 30 20 18 82 38 12 62 55 59 74 59 68 71 66 75 55 56 8 33 29 16 32 24 31 88 99 5 70 54 58 45 36 29 62 69 67 
74 30 73 84 56 32 51 26 49 26 33 5 33 65 85 100 48 8 31 88 6 87 9 11 44 53 98 24 67 67 90 92 96 63 75 3 46 77 81 94 
2 13 98 86 29 82 38 28 41 20 15 98 6 75 9 1 80 6 24 46 72 66 37 20 80 63 22 25 39 54 18 93 66 68 30 46 1 67 26 
42 86 92 39 43 67 99 95 46 5 19 43 28 36 31 99 15 93 73 39 83 26 8 75 44 27 5 89 28 23 66 21 61 58 11 3 24 10 
98 21 66 68 15 45 3 45 44 69 89 68 59 71 93 66 98 88 45 2 77 24 24 42 44 84 51 6 39 74 15 88 46 32 55 60 77 
9 56 72 77 96 39 35 19 83 52 16 71 48 69 99 71 92 92 66 28 43 72 18 68 38 5 14 22 11 25 50 19 81 21 47 76 
11 33 46 45 36 61 15 84 29 65 6 73 57 72 100 51 95 69 18 84 73 83 5 83 60 54 53 40 26 99 67 88 83 13 33 
18 25 99 53 54 64 59 26 72 82 77 22 28 45 91 63 69 26 20 51 85 25 55 76 51 5 94 90 87 58 22 56 83 21 
61 88 36 71 65 7 52 41 80 31 37 22 45 5 99 64 7 83 89 61 10 91 65 4 80 3 13 54 58 95 26 70 34 
61 40 98 67 43 90 98 73 26 19 18 82 18 33 40 52 73 52 14 63 16 69 95 70 81 100 80 28 25 49 61 85 
89 59 51 31 100 100 56 26 18 25 59 87 57 51 91 30 2 4 44 70 72 90 39 52 89 18 31 65 67 92 49 
7 2 51 37 1 50 44 78 20 68 89 6 77 39 96 6 40 51 1 9 22 43 48 26 31 17 56 96 35 99 
96 41 100 47 30 53 96 73 30 67 93 18 73 69 56 20 26 48 71 26 56 44 68 55 69 51 24 77 98 
58 75 93 99 27 91 80 79 39 4 8 5 96 78 77 64 85 49 89 32 71 67 40 14 34 46 35 36 
69 11 33 27 37 78 77 63 68 8 41 6 11 1 11 7 30 39 22 14 87 11 98 9 77 37 23 
62 34 57 98 3 19 82 81 55 59 9 70 79 16 62 84 78 14 46 84 43 37 6 9 23 68 
6 84 96 94 6 9 27 14 58 81 32 40 13 38 50 21 59 28 88 21 64 66 86 61 49 
29 97 6 37 72 25 42 55 72 87 60 81 65 73 38 46 56 29 58 45 79 79 4 58 
66 76 21 31 61 82 32 89 78 89 77 1 14 70 55 37 56 14 17 21 38 55 18 
45 35 75 90 13 5 45 23 23 20 43 5 32 76 36 73 6 77 49 6 42 71 
61 78 78 26 95 50 16 1 67 60 35 42 1 100 98 97 22 20 68 16 77 
100 44 12 72 1 40 72 6 81 94 18 59 72 96 53 21 11 5 88 22 
39 81 75 90 30 71 63 50 39 79 26 90 74 89 13 74 29 36 31 
61 30 49 19 1 96 23 21 58 27 60 79 18 92 5 7 22 76 
70 23 66 100 100 7 73 40 19 46 68 54 76 81 35 76 99 
35 71 22 8 80 48 19 11 17 11 15 24 32 42 45 54 
59 96 5 65 20 44 35 65 64 89 92 44 23 20 42 
10 42 63 69 22 63 87 32 79 97 98 54 80 40 
50 85 50 97 89 15 16 33 49 32 96 89 24 
91 64 95 32 25 36 47 93 57 61 31 40 
91 28 90 97 59 29 46 44 30 95 84 
44 10 68 45 42 15 85 17 5 100 
11 37 24 46 35 68 55 47 99 
46 37 78 35 33 36 15 31 
31 45 25 15 40 34 82 
36 27 97 21 43 1 
72 53 89 48 51 
75 15 57 21 
65 54 58 
42 89 
42 
