23 5
82 7 23 88 53 72 23 18 1 77 30 15 88 39 80 22 19 72 17 58 79 38 
35 86 77 8 25 11 16 47 77 49 5 52 88 57 23 10 74 76 38 56 90 
77 94 21 98 65 92 14 22 22 52 8 8 28 67 32 90 82 30 19 82 
35 70 69 43 44 30 69 19 19 76 8 95 21 28 92 85 72 57 58 
93 8 65 52 88 83 36 29 64 65 99 97 51 68 17 46 64 98 
14 82 68 41 42 62 61 21 5 98 92 62 55 85 21 72 88 
60 54 23 41 70 88 39 66 90 7 35 87 70 32 100 3 
100 92 44 13 53 65 70 50 56 31 56 92 3 27 80 
15 33 54 55 2 93 93 19 83 51 5 69 72 37 
21 75 88 12 18 52 16 34 21 17 42 3 25 
85 6 3 16 72 35 70 26 88 62 70 59 
44 21 63 65 92 99 37 18 38 100 88 
90 16 21 10 84 62 13 8 47 70 
11 62 93 97 31 18 85 93 39 
43 88 11 5 4 55 56 92 
72 45 92 59 34 59 32 
96 42 93 60 2 91 
29 64 5 21 12 
87 90 96 31 
28 90 71 
91 47 
74 
