30 6
57 100 57 99 4 58 74 51 27 39 96 40 100 95 13 73 25 60 89 96 62 6 58 68 2 40 70 91 72 
98 87 28 97 96 78 100 53 52 2 79 90 97 18 42 91 83 14 16 42 2 63 56 59 20 23 13 60 
92 3 83 41 42 62 37 37 39 36 41 90 89 19 32 86 89 25 76 71 38 43 64 91 5 19 50 
77 42 62 36 85 16 70 26 9 83 14 97 21 50 37 63 38 56 94 75 44 18 3 66 7 45 
29 49 2 100 50 78 41 63 65 77 79 86 54 39 68 68 36 88 69 72 50 6 27 95 33 
22 64 35 87 70 31 68 19 32 67 20 61 59 83 25 35 13 10 41 51 77 8 86 17 
76 10 18 33 36 13 65 10 76 51 48 98 82 15 68 65 33 87 26 91 21 2 78 
33 64 18 36 92 25 73 60 52 82 78 84 70 42 1 79 69 51 26 18 84 93 
85 49 25 24 26 68 44 79 45 29 42 62 64 86 38 36 97 89 18 74 72 
87 67 24 17 36 75 94 53 58 86 90 58 63 65 83 30 8 62 74 88 
55 87 51 92 24 39 89 12 8 14 35 94 81 11 62 68 85 55 72 
94 93 13 52 55 77 86 36 37 99 9 24 6 95 27 49 70 65 
89 33 72 3 67 17 35 29 30 54 13 84 25 59 76 90 62 
82 66 47 17 2 98 25 26 55 71 52 3 92 68 92 24 
39 46 43 7 80 71 36 33 36 71 9 94 47 98 55 
80 16 53 97 17 2 73 42 56 96 45 11 87 12 
2 11 2 47 5 8 78 75 95 62 10 66 22 
55 64 20 61 43 35 14 91 3 67 16 97 
23 11 41 33 49 53 86 11 6 84 15 
66 61 42 60 74 51 77 95 58 92 
66 18 87 52 83 77 55 50 92 
51 24 54 91 8 3 95 93 
13 1 76 28 66 88 69 
77 61 71 6 55 28 
97 21 98 83 72 
80 60 78 29 
3 28 4 
57 71 
11 
