120 4
80 33 25 44 60 10 17 82 66 85 49 43 30 96 99 18 78 1 56 84 16 57 7 71 78 82 27 38 64 15 52 43 47 77 87 7 38 55 88 56 40 89 98 21 36 49 38 13 1 45 96 16 1 55 87 30 88 13 67 3 27 18 46 74 46 84 32 36 90 19 91 29 59 88 1 94 36 38 6 36 34 54 4 34 60 90 63 99 54 81 2 32 99 99 57 96 34 88 31 23 59 73 4 69 13 4 63 100 94 20 36 27 25 91 13 84 32 75 35 
85 56 36 68 6 86 25 53 19 64 84 93 74 8 96 43 20 52 5 20 45 76 7 71 1 97 83 36 28 10 70 64 17 5 31 74 90 7 26 60 23 61 53 96 69 100 38 88 51 94 7 95 70 13 18 22 9 52 57 88 13 27 3 29 83 34 2 25 92 80 84 66 40 88 14 60 88 51 48 38 97 6 85 18 71 54 39 79 5 47 19 18 73 21 98 56 6 52 32 50 31 15 15 22 3 28 34 42 31 33 79 79 38 15 96 8 68 86 
39 73 84 57 42 57 29 39 64 35 42 95 36 24 61 50 98 15 30 31 56 12 63 87 90 100 1 37 60 21 74 98 45 57 6 86 13 86 76 28 72 18 22 7 93 83 9 90 97 38 20 5 49 82 91 90 34 43 26 45 63 99 94 7 7 51 92 72 36 20 99 8 89 21 66 81 55 74 71 3 63 42 7 63 76 49 52 61 92 29 5 6 79 98 13 86 100 56 57 35 75 55 94 15 27 60 48 33 85 70 36 100 11 94 62 38 95 
66 98 86 94 54 91 25 3 55 10 2 11 18 89 37 24 82 52 51 93 51 35 30 20 22 29 30 16 42 20 10 7 17 47 53 23 89 77 25 44 38 79 54 7 67 90 30 48 93 32 93 43 67 22 14 88 2 96 55 43 15 16 2 83 62 54 5 3 82 82 46 71 60 99 77 26 40 6 73 85 90 17 79 56 38 93 95 39 88 2 34 54 17 35 36 31 40 41 33 73 22 30 95 81 28 71 58 19 28 30 55 17 99 86 24 36 
30 71 27 17 72 60 70 88 46 57 70 37 97 2 9 70 83 3 2 10 25 59 81 4 41 87 73 39 72 96 26 1 66 4 69 37 15 90 77 60 47 46 96 95 100 56 17 82 10 18 44 34 29 76 90 69 14 62 59 38 9 84 90 27 88 11 63 2 100 91 14 98 89 61 45 40 69 61 73 78 30 68 64 58 95 53 26 9 66 84 46 74 20 35 100 59 45 15 12 97 5 25 46 45 38 90 84 6 2 9 83 32 76 98 89 
71 50 67 79 67 2 76 41 21 62 40 31 59 6 43 55 63 19 52 7 56 42 43 61 43 3 96 26 78 93 15 100 95 81 78 13 34 5 53 55 67 45 37 25 50 79 31 64 98 82 23 5 75 65 66 70 67 13 95 96 57 9 96 3 41 25 16 75 30 20 81 48 64 17 24 66 48 6 81 45 87 3 49 14 19 66 83 37 30 29 33 87 38 28 41 30 4 56 56 33 28 88 32 91 57 55 8 4 12 89 100 99 91 48 
64 62 66 46 98 95 74 30 33 63 9 26 45 13 81 52 97 60 40 81 51 48 87 10 51 99 50 50 49 93 49 12 54 66 9 51 13 34 33 97 49 41 22 93 5 55 96 54 14 87 34 16 34 20 26 36 18 27 37 66 19 86 29 72 3 37 75 15 71 7 12 19 99 33 63 4 87 10 9 1 97 42 16 30 61 93 18 31 20 54 96 38 91 25 62 94 13 88 8 83 46 71 53 44 4 67 99 42 77 7 42 73 100 
10 54 61 54 71 43 73 77 90 63 67 14 76 60 79 63 20 13 60 90 66 3 93 84 54 87 12 12 80 36 12 41 90 24 95 12 66 67 40 55 81 7 21 56 66 99 70 85 11 81 27 28 36 71 64 89 57 75 52 37 11 63 77 52 86 23 63 51 90 55 6 22 61 26 30 78 76 51 15 38 32 41 66 67 11 29 7 20 55 58 56 65 21 84 16 58 7 31 9 48 85 66 21 45 43 50 22 18 1 88 7 84 
28 72 2 91 52 8 10 7 17 17 71 37 100 39 47 58 69 55 57 53 72 78 49 66 79 22 35 31 10 41 14 89 13 15 79 16 74 88 74 91 4 45 79 56 35 25 65 3 31 74 7 54 3 7 19 81 28 53 12 89 94 77 78 58 44 8 73 17 96 99 59 51 95 38 58 29 14 23 31 45 96 89 98 98 95 17 30 74 21 93 15 14 70 44 23 13 51 48 81 98 46 40 1 40 29 58 68 42 80 50 86 
27 38 36 76 84 4 58 9 24 50 75 90 71 18 12 83 21 59 16 18 4 7 70 43 35 28 10 28 59 11 14 38 48 1 13 83 4 22 92 79 72 18 68 42 36 32 77 56 42 44 25 46 50 95 40 36 74 2 63 32 12 28 69 12 28 34 46 83 55 89 62 78 7 81 20 42 64 48 49 6 91 25 51 92 71 42 27 44 43 89 76 7 17 96 18 96 29 63 79 36 52 92 13 58 24 84 51 88 31 51 
93 21 75 95 12 46 36 90 41 31 79 68 37 47 64 6 94 92 68 72 27 71 15 92 80 39 75 82 78 6 32 70 78 59 16 42 56 51 31 96 81 61 64 69 59 27 74 53 70 94 76 49 64 91 40 96 81 14 29 58 71 61 79 49 19 94 42 74 96 24 21 77 37 84 97 95 62 71 99 32 64 75 32 79 17 71 74 97 36 3 6 7 15 36 7 85 29 48 10 24 23 30 52 59 66 49 6 79 71 
4 62 34 78 93 12 46 63 38 94 99 92 99 5 6 86 63 90 14 10 51 90 32 80 93 43 97 93 48 76 63 3 37 48 81 30 60 78 44 49 72 42 40 22 98 97 8 60 38 73 21 88 14 5 19 59 47 16 51 46 91 66 48 79 13 80 8 24 58 52 24 81 45 63 2 95 11 61 6 48 34 79 87 99 83 6 57 81 21 60 78 63 25 25 93 89 57 1 65 66 4 88 46 100 3 99 46 13 
60 52 61 45 30 47 95 64 4 52 44 24 11 21 38 87 97 31 75 53 83 91 18 38 79 63 37 81 14 83 93 73 86 5 69 67 4 63 30 7 66 73 31 76 45 20 14 41 2 41 46 84 31 63 73 61 78 62 41 43 44 86 67 81 90 35 47 93 49 76 100 15 100 82 42 96 53 8 88 55 48 33 90 30 48 63 91 77 24 31 19 19 16 85 51 58 71 97 50 71 24 1 85 75 82 79 70 
87 38 9 41 85 42 82 14 41 96 4 17 71 87 35 89 54 71 91 11 41 39 13 11 62 65 48 88 47 78 9 85 15 18 25 51 59 58 64 99 54 20 67 24 58 53 65 63 23 55 74 15 46 38 77 59 2 24 47 100 53 7 84 67 24 60 69 34 70 85 84 23 56 50 98 13 2 14 75 76 21 100 90 66 89 67 24 43 42 22 42 95 29 78 13 52 89 34 86 58 18 21 80 73 71 30 
37 24 43 11 100 15 63 41 80 3 7 4 45 1 25 87 47 5 16 11 57 4 44 94 62 61 14 93 33 36 74 69 60 17 32 11 83 46 51 63 48 10 18 93 10 94 31 56 99 46 66 55 49 10 100 62 22 13 7 55 49 80 75 60 48 6 70 31 51 72 93 51 81 62 43 90 55 73 97 53 70 63 59 70 24 58 32 45 23 90 51 23 69 26 82 69 83 3 99 86 74 43 36 55 4 
30 96 10 2 93 63 23 7 73 92 82 83 75 26 5 64 29 27 33 6 8 1 40 62 51 25 35 93 12 41 48 41 37 57 94 29 71 16 35 44 60 68 26 34 93 82 98 73 8 82 78 67 82 18 28 84 94 14 28 58 55 75 98 91 83 44 71 54 11 57 49 70 24 26 56 68 7 53 41 66 34 70 84 67 39 11 2 33 76 29 90 30 55 39 72 37 34 42 42 45 98 42 66 21 
67 73 89 25 25 81 42 10 50 25 28 89 87 29 73 63 57 14 44 11 52 16 100 86 57 41 82 55 83 99 27 1 72 67 78 48 47 71 58 97 96 37 37 34 66 9 48 74 22 92 37 25 7 36 62 15 28 95 21 62 46 48 15 17 14 44 16 13 14 25 9 61 62 97 95 79 57 94 4 30 85 40 54 43 27 68 58 7 14 78 68 59 77 82 27 43 77 43 55 91 67 15 3 
80 63 49 58 19 43 62 48 27 53 53 22 80 72 79 86 86 8 5 44 37 39 71 31 15 65 85 5 83 51 60 63 13 8 72 31 50 33 30 29 38 34 50 17 6 80 54 91 39 58 86 27 96 56 57 11 72 93 67 55 43 78 17 7 86 88 89 87 73 70 15 10 4 16 78 9 95 31 51 86 88 36 12 36 44 21 98 15 13 16 69 8 94 85 66 79 25 55 65 97 24 32 
58 27 47 35 87 94 65 37 31 4 73 42 39 68 14 88 82 79 4 51 86 97 87 51 27 63 57 91 11 33 74 68 59 21 2 98 14 66 34 96 22 58 37 12 77 3 100 59 81 3 61 18 51 47 68 77 62 77 19 72 9 93 40 19 65 41 16 30 59 2 25 32 11 13 43 88 15 42 98 95 96 58 12 46 56 32 74 17 60 45 89 68 37 28 38 1 20 54 30 30 7 
6 61 69 18 4 56 33 97 53 79 93 62 43 90 18 74 64 34 85 8 74 52 96 53 89 48 25 94 77 54 52 34 15 21 51 70 28 35 66 33 14 10 94 8 100 63 81 63 97 65 22 22 68 17 75 8 64 99 2 92 4 53 25 70 25 27 39 53 62 57 85 27 66 30 34 65 93 66 79 41 82 100 62 49 68 88 8 31 38 9 22 42 14 98 11 90 25 2 42 38 
10 78 64 75 8 97 92 52 14 22 92 95 74 53 95 41 93 2 72 30 63 45 71 28 95 34 17 71 87 11 8 96 88 23 22 47 19 65 98 32 87 89 78 60 94 72 100 86 73 23 15 87 20 38 14 66 71 31 36 57 41 95 52 80 17 25 27 87 90 76 18 76 65 47 35 58 18 86 95 42 61 61 29 32 98 42 49 68 24 84 76 16 78 79 96 46 4 74 32 
93 49 1 68 65 47 54 74 16 91 68 57 3 29 37 34 26 31 82 46 54 17 21 70 46 100 17 91 55 42 74 47 90 74 14 55 20 19 28 87 9 48 44 64 76 80 49 53 10 83 98 16 99 71 37 97 22 53 39 76 94 13 74 35 86 39 89 58 57 69 44 17 68 39 80 43 71 29 47 32 11 97 99 61 19 35 9 40 87 48 67 32 12 40 19 49 78 59 
58 86 27 54 2 94 92 34 88 14 14 87 98 76 83 96 88 1 31 97 40 69 96 58 53 59 97 71 7 26 29 17 11 56 70 64 1 13 97 41 27 10 27 24 85 9 19 73 61 1 21 52 70 16 9 22 74 57 92 32 82 20 48 44 27 17 7 80 82 4 20 60 65 98 83 50 6 53 74 66 54 94 17 23 9 77 96 34 33 87 17 66 58 65 9 85 33 
67 64 14 70 35 73 35 32 7 36 89 12 9 6 65 54 74 39 14 50 86 47 34 72 15 99 29 79 59 65 64 25 80 29 47 14 54 33 45 60 20 33 23 80 90 87 33 63 77 46 12 62 44 45 85 58 95 66 89 53 30 52 30 10 32 28 75 85 60 72 97 79 56 19 58 46 58 90 8 34 87 20 48 82 16 32 39 11 49 79 15 79 82 96 40 14 
23 66 98 82 37 94 12 93 65 69 38 22 10 97 7 48 68 54 29 84 38 20 46 86 98 60 16 32 56 7 45 78 73 94 12 61 88 23 5 4 44 42 25 5 91 31 5 58 85 33 41 74 4 38 11 54 98 27 85 5 85 29 34 9 74 97 70 13 20 74 16 15 68 40 71 58 71 75 67 7 8 60 32 63 97 42 16 46 20 52 50 5 32 36 13 
6 32 34 18 3 8 34 17 27 73 88 36 95 62 2 53 21 61 36 36 10 78 51 55 97 3 57 53 34 92 18 91 75 51 9 78 10 42 46 88 66 85 23 13 99 77 17 19 89 53 6 98 30 57 5 78 11 61 31 96 4 100 87 78 50 47 7 12 40 53 99 5 89 74 69 87 50 38 58 90 90 63 88 71 19 92 100 81 4 82 29 59 81 67 
88 83 13 95 94 52 99 44 8 87 69 77 74 18 14 83 8 55 45 47 77 16 90 76 96 93 58 76 3 38 42 90 72 54 36 65 5 34 61 13 73 29 41 98 99 6 80 58 12 24 4 88 39 45 63 87 89 20 62 91 10 4 80 81 9 16 98 14 1 58 78 73 38 70 22 36 75 1 45 86 77 100 73 67 44 87 53 32 7 67 22 16 22 
2 48 30 69 45 43 69 54 72 94 92 41 15 79 67 68 24 4 44 23 76 62 19 63 15 50 21 33 72 88 54 25 35 83 93 32 78 13 85 49 6 28 42 21 7 8 88 82 12 83 56 39 44 74 53 10 24 73 42 47 12 95 71 99 78 15 30 55 27 14 55 33 42 96 5 100 56 44 81 67 26 36 5 21 62 10 31 85 34 72 31 46 
19 53 44 48 19 25 54 45 90 8 29 83 56 85 82 11 28 14 29 53 2 33 74 63 94 56 99 28 79 81 73 97 33 68 96 3 44 49 99 33 9 28 68 64 12 49 26 40 15 54 44 16 38 69 30 32 24 28 59 3 8 83 51 92 2 47 94 45 47 92 29 55 71 96 70 35 97 47 26 11 100 69 78 90 90 7 21 13 34 31 67 
93 13 70 84 14 68 29 10 14 20 90 21 91 86 42 25 82 89 50 44 40 70 21 29 59 79 49 24 12 79 42 56 43 63 39 8 30 67 17 96 38 59 16 80 44 9 4 77 97 5 20 37 27 92 65 85 70 14 60 33 44 54 88 87 16 78 94 98 96 63 93 33 21 60 65 16 68 20 92 65 25 63 53 3 6 17 39 75 82 99 
7 78 52 46 16 19 75 61 16 70 23 8 54 95 19 18 62 87 38 53 3 14 67 7 16 72 23 54 98 57 4 4 86 7 1 1 26 75 61 41 44 36 1 50 82 19 19 44 57 8 48 11 21 15 17 88 38 92 94 36 48 49 91 85 56 92 85 81 66 45 73 62 32 73 63 14 44 81 57 100 89 4 11 61 70 79 1 8 70 
46 95 69 94 85 53 1 28 37 33 46 34 6 59 17 30 21 30 73 53 38 25 93 42 35 6 63 13 58 22 35 3 16 3 48 53 56 49 80 44 81 25 29 38 83 46 68 55 27 40 8 65 64 52 58 50 57 72 15 14 94 49 16 9 51 16 13 58 64 93 54 96 17 82 34 52 79 1 6 58 40 65 22 56 17 31 5 73 
2 19 39 95 19 54 56 22 69 68 79 84 60 32 80 29 66 65 32 96 65 89 53 56 54 26 11 22 56 68 46 58 38 84 4 57 38 59 78 58 79 8 94 90 92 25 18 57 89 1 4 53 90 57 60 95 82 23 16 90 90 61 47 27 97 50 35 34 61 12 43 39 72 88 28 63 12 98 71 100 98 74 4 39 82 64 85 
16 38 52 5 27 65 51 5 61 52 40 46 12 3 88 50 74 76 30 36 39 27 6 39 24 32 94 15 13 9 99 80 46 51 84 72 67 34 29 27 38 68 72 49 70 59 51 44 86 80 31 25 6 37 15 81 20 60 47 84 69 98 64 66 48 47 90 14 33 18 92 70 85 63 70 6 73 72 49 11 51 80 35 8 68 1 
41 87 60 87 22 80 84 85 98 83 32 87 48 16 4 39 85 40 53 6 45 26 78 46 36 80 77 22 88 44 74 80 82 85 66 3 17 2 40 14 36 23 100 84 38 55 74 74 46 27 79 90 4 56 87 39 36 63 12 75 58 85 54 39 69 71 94 85 24 85 98 60 7 49 95 44 55 68 17 100 46 47 42 49 55 
28 87 42 91 50 16 48 34 21 39 55 43 84 91 67 68 41 26 26 89 20 21 96 39 37 95 85 35 36 33 89 64 72 30 6 21 97 5 7 17 43 61 12 78 51 78 45 43 55 22 84 74 42 79 12 30 73 48 65 61 81 5 76 52 35 81 24 31 85 30 100 80 90 11 57 93 88 54 35 94 75 70 67 17 
48 30 98 73 78 62 33 10 67 8 61 53 40 84 83 24 66 34 55 55 96 12 99 35 17 86 28 91 55 46 59 55 76 57 27 5 70 11 14 88 70 26 40 9 61 75 84 26 8 39 33 56 2 83 90 18 68 18 60 75 63 19 29 90 27 55 94 48 17 59 36 86 36 75 94 97 1 29 74 9 67 6 64 
68 89 5 37 8 22 97 82 37 67 10 26 93 16 20 92 84 30 27 69 66 54 14 14 54 43 87 14 61 45 29 81 85 34 17 92 55 13 26 91 31 87 69 75 55 40 67 38 69 93 7 34 46 72 99 100 14 86 65 75 82 94 55 66 27 23 9 33 36 86 24 18 73 44 93 27 83 59 64 51 51 22 
37 49 46 35 100 59 72 64 85 53 57 91 70 83 66 79 68 53 64 91 70 88 86 62 14 68 20 30 18 23 3 54 71 48 41 22 59 12 37 95 17 94 38 86 28 3 16 95 55 32 37 24 19 22 38 33 41 57 14 59 79 16 64 1 16 4 74 74 68 11 20 84 56 57 21 35 59 37 82 65 68 
18 41 86 92 78 70 32 34 35 42 65 51 6 17 18 61 91 91 80 53 10 15 8 19 36 42 29 72 23 94 91 93 86 76 36 63 98 19 48 32 61 64 34 18 81 51 30 23 93 10 75 55 76 34 73 11 75 1 34 50 46 24 94 83 52 29 97 49 47 45 32 59 60 66 76 92 16 6 14 9 
67 40 63 42 73 87 5 100 39 38 49 37 62 42 19 13 22 16 13 68 12 44 27 71 9 54 63 77 11 28 37 77 68 51 71 92 37 75 91 75 12 91 11 73 84 82 37 5 97 49 25 8 45 3 30 53 56 44 81 67 72 17 95 91 67 65 82 55 39 25 30 3 15 92 27 99 73 64 55 
21 64 79 28 8 81 10 13 89 53 93 55 24 62 1 66 80 66 48 35 56 24 16 58 38 7 85 88 32 100 43 52 15 73 32 23 6 41 87 94 93 31 100 69 92 100 34 72 17 33 58 73 56 73 82 46 31 18 33 62 17 27 66 32 52 49 6 57 41 92 2 33 74 1 53 66 52 39 
89 69 71 46 41 27 18 74 72 48 92 56 62 8 35 79 91 86 27 48 42 67 39 43 51 65 95 56 82 46 94 70 14 64 67 6 42 36 80 65 35 71 73 48 30 7 26 21 92 52 20 85 70 59 79 21 75 73 76 56 70 69 77 84 84 43 89 78 30 20 42 64 90 66 12 20 72 
37 92 15 41 11 99 10 21 29 82 47 1 9 2 71 29 78 6 65 20 46 42 1 66 35 65 55 1 28 26 72 16 69 39 56 32 37 18 4 18 51 51 18 60 4 40 40 82 97 4 53 43 45 54 8 32 70 14 32 97 92 55 12 12 93 20 95 82 37 99 99 39 1 68 50 4 
60 90 37 56 93 90 98 90 95 57 21 64 23 4 12 14 10 23 77 3 42 72 36 30 22 86 69 74 53 18 77 12 7 66 20 52 7 17 93 1 26 65 16 48 68 27 61 29 49 37 31 43 60 18 72 81 3 92 54 56 10 83 19 68 48 38 71 54 7 63 6 32 79 21 31 
98 99 91 27 47 79 9 41 91 27 13 71 29 4 77 36 65 59 7 85 58 44 55 63 2 70 68 85 48 40 15 98 38 57 24 36 88 32 77 78 58 41 100 39 96 76 74 61 86 80 45 43 76 51 5 29 20 24 66 20 63 80 17 52 89 92 88 28 23 16 5 33 56 56 
23 51 32 96 63 69 28 7 12 55 58 68 83 29 92 48 48 6 80 16 10 20 7 97 47 82 64 3 66 19 58 88 21 41 35 84 10 14 42 73 68 99 40 3 80 83 2 79 41 81 95 50 100 53 98 98 34 61 100 51 31 10 38 51 50 25 34 11 38 76 35 58 26 
27 60 57 61 61 36 1 94 82 50 45 34 99 43 20 11 42 70 41 51 60 44 53 84 29 15 73 56 50 30 82 28 41 90 88 54 25 89 47 58 90 91 92 89 33 63 51 27 32 92 29 43 35 33 26 63 48 51 19 49 32 52 76 73 93 63 26 18 3 24 27 93 
14 70 33 99 32 83 77 16 26 5 58 12 38 36 27 37 86 45 85 17 48 12 41 40 26 66 9 29 89 36 73 55 5 5 53 89 39 29 4 17 85 61 28 74 48 54 10 33 50 46 2 49 57 42 41 83 60 49 63 48 36 35 2 93 91 6 81 81 86 36 97 
23 48 25 96 96 30 6 80 32 51 81 80 60 75 20 42 34 21 56 81 8 90 35 100 80 92 32 60 78 67 57 100 67 33 47 62 14 52 41 45 55 74 77 14 48 96 7 81 68 62 13 76 51 99 75 82 91 59 93 20 77 1 71 43 33 17 4 99 21 97 
95 75 70 71 40 17 19 46 49 86 59 61 61 61 60 88 42 50 46 34 21 22 35 91 65 19 59 20 69 79 16 64 53 37 34 92 5 52 89 53 38 47 14 50 59 25 37 100 26 82 86 46 56 72 88 72 42 46 43 11 25 11 74 29 47 59 73 52 11 
61 56 100 60 21 1 18 45 38 70 22 71 7 19 26 78 6 49 71 4 92 81 80 2 6 8 100 65 32 3 27 93 59 78 4 31 78 21 28 15 90 49 86 48 68 63 25 25 64 96 28 55 28 7 8 34 67 7 50 98 62 76 42 72 53 45 2 82 
18 29 49 59 78 86 7 97 48 31 21 11 78 1 17 6 59 76 91 77 35 40 27 96 15 68 67 19 65 68 52 82 49 100 40 78 85 46 74 85 29 46 47 6 46 64 63 57 39 53 33 73 92 59 20 58 79 86 76 43 6 80 24 54 79 63 31 
64 61 56 48 89 1 94 94 99 9 57 55 100 9 39 72 53 98 92 10 76 29 38 70 34 17 93 39 95 7 21 10 19 28 57 7 81 3 53 79 63 61 85 62 21 23 34 73 72 77 83 99 57 72 68 91 88 12 81 82 71 54 92 89 81 100 
48 61 54 100 91 17 60 27 78 80 2 63 5 73 91 39 24 48 10 91 90 97 55 70 30 25 75 73 65 8 25 12 20 78 11 11 46 22 89 76 54 90 38 58 15 29 48 38 28 57 80 17 5 86 38 34 10 13 59 27 72 83 38 91 12 
1 53 10 22 42 85 75 83 74 84 97 2 31 86 81 87 18 97 43 3 87 77 65 99 87 91 70 69 28 12 32 80 65 41 2 6 77 28 88 51 12 37 4 42 22 85 81 91 81 23 94 67 51 58 17 37 100 38 57 79 50 41 59 66 
33 60 23 10 87 10 60 50 98 63 44 72 47 76 62 80 50 7 98 1 64 67 89 15 4 98 94 5 38 52 22 70 63 44 79 1 6 38 3 3 1 46 26 99 21 88 78 70 94 76 22 10 42 11 76 97 8 69 54 97 72 75 66 
86 19 97 39 76 86 41 78 38 38 4 37 58 43 66 79 88 93 1 49 86 63 25 83 22 45 88 70 69 14 87 6 84 83 44 59 69 36 89 58 73 92 94 30 86 60 61 73 4 13 74 90 75 98 72 48 94 11 17 62 24 3 
20 8 38 63 18 58 99 6 15 23 49 61 53 34 72 65 59 75 77 32 64 3 81 87 2 26 97 18 40 73 72 59 32 61 21 49 18 71 55 85 94 3 45 98 89 16 14 47 42 90 30 6 44 62 92 45 87 41 14 26 13 
37 84 44 98 57 44 67 79 50 51 72 5 47 21 93 14 34 91 56 75 20 13 18 81 4 14 19 96 79 45 60 16 80 3 65 36 99 31 15 48 34 38 52 80 11 96 94 44 86 1 71 57 13 40 89 68 54 8 64 84 
52 23 99 31 78 15 19 76 46 85 75 31 22 79 10 32 74 55 28 12 55 98 68 19 37 57 87 42 16 50 26 67 24 76 49 1 91 19 28 88 3 55 70 77 33 31 60 6 86 87 69 92 36 37 11 25 45 97 18 
60 98 43 78 21 71 78 74 13 97 1 52 51 55 21 27 39 51 87 97 88 73 65 80 61 1 42 85 45 38 2 56 35 97 33 7 67 11 80 31 7 33 82 57 39 2 36 78 4 22 74 92 46 90 71 6 43 12 
42 39 1 44 95 87 92 27 45 10 89 25 40 95 9 73 4 47 74 91 76 29 12 1 20 9 91 42 15 33 5 8 71 57 3 65 43 94 44 88 55 32 64 94 79 72 66 34 70 91 24 46 20 87 46 91 95 
36 33 61 20 89 69 91 46 23 7 88 69 50 27 23 34 90 17 64 13 34 97 83 77 72 28 96 58 25 86 4 61 70 17 80 59 37 22 4 59 29 43 27 30 70 50 15 11 18 78 24 51 74 58 27 97 
37 74 54 61 12 10 73 81 26 5 91 62 78 94 20 58 37 47 88 58 48 54 68 65 32 43 67 57 52 46 54 40 71 59 1 82 68 25 15 45 81 5 6 59 51 78 16 39 24 55 48 23 9 67 39 
92 10 5 48 13 2 53 53 73 64 5 6 31 29 72 76 10 29 33 20 31 10 35 69 85 90 16 7 50 82 97 41 43 54 88 8 55 93 60 79 56 16 37 38 96 8 65 57 88 98 76 18 59 11 
38 44 52 5 2 1 87 99 41 81 52 80 40 58 72 99 37 27 66 73 65 62 32 81 18 20 78 94 89 37 56 27 32 7 31 33 59 69 83 99 2 34 30 41 92 2 92 80 80 57 4 96 18 
87 77 88 6 6 33 47 42 88 73 25 46 55 58 56 24 40 54 25 26 83 17 69 36 8 48 16 17 51 63 86 89 39 73 95 45 5 93 38 44 65 63 41 19 72 96 94 63 1 18 88 36 
87 56 71 94 55 38 62 57 1 48 46 91 20 92 87 77 84 77 72 48 39 13 18 62 60 12 24 61 81 64 48 67 71 70 13 26 8 74 82 60 21 79 50 93 70 89 69 53 65 92 52 
55 4 22 16 16 33 91 28 65 54 75 84 25 44 48 2 51 73 83 62 46 62 64 38 83 52 58 36 68 49 39 22 5 60 89 20 44 31 47 61 85 73 44 61 16 43 14 19 15 96 
80 60 9 43 49 44 46 58 79 13 59 69 86 63 81 26 34 24 57 32 84 93 4 79 5 19 21 18 37 88 65 69 99 74 63 100 17 61 57 47 25 15 67 11 29 47 88 62 71 
44 93 6 36 48 37 92 67 57 9 55 96 74 75 95 99 38 94 67 98 2 65 22 17 31 84 97 78 72 59 100 67 3 5 55 51 41 46 69 50 55 75 97 28 50 91 78 87 
36 44 36 38 8 9 6 38 45 2 67 68 12 66 34 67 23 88 69 15 34 89 64 40 63 61 67 12 3 96 50 91 39 37 28 98 46 85 87 42 38 54 9 50 71 42 68 
93 82 88 60 15 76 23 54 38 35 72 2 90 67 51 80 57 88 59 6 85 95 92 26 32 97 34 33 68 27 100 12 8 87 71 22 14 46 27 52 32 50 53 21 68 55 
52 24 42 62 81 26 56 73 3 88 69 36 72 88 63 72 52 22 10 74 96 24 19 22 27 3 24 31 75 91 85 27 67 79 40 47 56 96 19 59 35 40 94 6 79 
8 29 82 30 39 56 25 14 26 98 92 28 21 22 55 64 58 33 30 36 72 76 92 67 47 50 1 38 95 7 68 3 87 50 84 25 5 8 90 82 57 33 62 30 
54 16 93 64 48 22 99 19 97 90 38 95 91 90 32 86 48 100 40 35 1 23 11 57 82 1 38 90 85 99 19 91 66 11 54 65 32 52 36 81 94 73 27 
84 62 59 21 10 10 60 96 10 34 6 66 67 58 55 57 43 6 75 33 71 38 86 36 69 89 23 1 82 95 28 18 8 86 38 69 47 50 64 8 35 22 
73 2 79 79 10 21 84 36 5 7 73 90 94 42 31 16 42 12 10 21 81 69 58 71 38 4 72 53 11 6 74 35 59 5 66 20 25 49 56 82 55 
28 23 48 21 53 63 15 17 24 35 49 45 93 19 34 48 90 86 11 48 12 97 58 16 62 78 92 11 33 25 17 12 48 65 33 52 79 99 68 55 
33 17 99 77 87 32 25 29 69 35 76 32 31 85 99 93 62 43 55 46 67 71 58 66 87 42 18 66 40 85 72 24 53 70 1 40 53 77 68 
73 63 95 5 45 79 55 89 93 97 43 38 16 66 47 81 52 40 50 69 31 35 92 55 39 61 7 30 65 35 49 90 97 43 46 41 74 100 
30 18 49 24 7 64 41 6 96 93 45 46 13 76 32 5 82 22 17 40 52 82 74 100 71 70 95 68 62 20 67 43 37 15 19 43 30 
59 48 78 3 45 75 16 20 58 72 53 79 88 92 30 21 65 82 43 86 76 10 99 95 29 42 83 95 12 25 25 70 25 54 73 69 
28 40 40 37 11 92 15 50 83 45 23 47 26 65 84 53 27 82 99 55 75 81 49 86 5 25 8 81 30 32 49 9 23 88 45 
85 79 60 34 13 56 56 11 33 73 94 85 51 28 83 5 2 63 5 40 19 82 47 100 11 30 48 20 52 88 64 36 18 23 
21 31 78 29 41 62 53 35 46 3 62 80 59 15 42 63 54 13 44 52 12 7 81 11 26 84 50 41 71 68 64 92 98 
93 20 38 55 72 24 52 26 37 32 84 52 25 98 5 89 94 9 100 100 41 63 77 25 12 17 95 31 32 38 28 25 
9 18 31 80 41 34 57 30 65 40 81 42 90 37 30 83 45 82 34 38 96 10 62 59 26 8 90 58 46 69 34 
54 86 16 86 79 49 94 8 66 86 40 7 75 76 88 57 73 69 42 10 16 51 23 75 28 82 16 85 79 84 
70 33 22 37 70 100 86 63 59 3 100 98 9 74 25 48 82 49 69 23 58 84 25 32 10 53 14 25 89 
92 9 59 76 30 47 97 81 32 12 91 34 11 88 94 85 64 94 66 13 62 41 22 45 65 54 7 17 
67 31 6 10 39 16 86 20 62 82 100 46 45 90 31 56 29 77 40 45 70 57 57 31 49 78 27 
14 83 33 82 1 64 39 11 54 6 48 74 20 81 25 65 26 15 47 81 95 23 72 39 92 28 
47 22 29 77 49 42 59 33 23 12 96 62 22 2 19 69 75 38 1 99 2 26 65 49 6 
12 23 77 2 15 57 49 88 85 25 88 78 35 21 52 46 68 65 19 69 84 39 43 21 
40 94 75 65 10 75 23 21 97 51 23 11 59 23 99 43 99 86 72 33 6 24 31 
26 88 49 94 23 88 89 44 79 34 18 43 43 92 17 16 88 68 90 51 26 12 
1 21 10 86 92 94 44 67 24 69 7 73 14 29 12 2 72 42 35 41 36 
30 32 53 45 72 20 34 74 45 45 74 17 6 59 9 99 54 27 23 74 
33 47 88 62 10 41 85 51 28 26 86 57 9 90 1 80 9 86 53 
6 30 26 74 87 37 34 85 42 61 7 16 93 5 55 6 14 47 
43 16 74 68 54 30 76 43 82 8 4 67 12 61 48 90 34 
34 78 68 19 19 80 77 86 24 82 40 30 47 39 72 15 
12 91 20 42 18 14 23 25 17 42 89 29 89 78 15 
23 7 34 41 25 13 69 63 36 2 54 17 1 92 
40 15 4 30 34 45 48 99 19 24 68 60 64 
96 1 93 62 23 99 95 15 76 59 83 38 
95 37 91 63 37 83 3 3 86 32 88 
82 31 86 52 7 53 64 22 1 64 
15 62 86 13 57 52 40 15 86 
77 61 22 68 24 58 2 78 
60 87 61 99 20 92 85 
71 50 37 34 71 37 
97 37 99 34 2 
7 85 41 73 
71 18 86 
44 37 
9 
