100 2
11 89 19 100 88 97 55 53 89 19 83 92 4 16 63 3 45 83 44 70 43 75 11 56 32 70 59 57 65 47 25 76 35 43 75 75 92 81 27 80 52 62 23 7 77 85 62 73 19 5 94 61 31 4 68 14 73 26 23 38 24 47 65 59 42 91 33 33 72 11 64 75 72 87 81 100 23 42 72 42 98 65 54 81 20 22 94 45 99 16 34 23 15 98 33 56 88 17 40 
11 27 3 85 51 41 18 50 64 59 74 57 9 90 10 89 10 83 82 6 82 50 39 56 64 36 88 71 75 4 10 86 82 64 22 32 5 39 34 20 50 7 28 58 96 89 46 57 72 79 62 5 28 100 60 43 87 47 13 62 2 74 99 83 38 20 15 94 11 48 13 60 54 92 69 1 80 14 58 3 44 19 7 24 71 18 66 57 64 31 70 65 4 68 100 41 40 14 
34 2 13 98 61 18 41 81 18 73 94 27 75 89 98 34 12 20 51 78 28 15 8 98 31 63 17 30 56 8 95 41 9 59 39 21 76 31 1 46 3 46 24 78 35 21 11 46 92 13 23 20 79 82 17 10 45 85 91 52 93 38 92 1 96 82 22 24 13 22 69 15 68 92 44 54 65 54 99 56 19 74 27 97 55 95 6 51 80 49 2 24 86 94 24 33 27 
97 56 39 71 76 54 90 68 97 43 84 3 93 91 73 66 18 69 21 12 75 23 43 75 77 66 12 22 42 44 48 38 52 87 60 27 92 1 46 40 95 81 94 88 72 66 53 41 35 25 4 61 48 47 35 76 12 98 97 53 93 44 43 44 82 54 71 25 55 68 17 49 49 10 36 72 28 89 12 62 65 15 74 12 61 60 87 25 57 35 29 49 31 71 45 64 
77 67 89 31 34 5 31 34 66 67 5 93 7 16 6 23 83 79 35 95 90 73 19 46 60 100 47 90 22 91 53 98 9 41 28 42 97 11 76 63 29 32 7 87 100 13 9 82 43 43 28 33 68 47 30 27 46 76 68 67 18 20 17 26 13 44 20 61 6 47 23 34 30 30 20 29 94 29 10 36 23 90 68 42 36 98 68 33 25 87 51 95 7 19 72 
71 15 91 31 20 89 6 54 19 87 73 47 80 1 9 15 24 98 83 65 85 32 85 69 56 71 71 2 29 90 74 51 4 16 34 23 5 39 76 23 25 49 21 4 1 81 18 76 78 52 93 14 35 77 82 43 99 5 44 80 94 17 82 49 33 15 71 89 53 99 63 29 99 83 84 99 16 54 75 45 5 67 59 92 95 92 34 45 96 77 24 41 46 6 
89 30 72 12 70 77 10 32 5 8 66 89 6 81 42 32 26 98 50 36 89 44 27 22 41 75 51 64 67 48 21 56 29 45 67 98 21 28 81 25 35 46 65 92 79 6 76 56 56 25 91 44 21 69 18 13 43 20 76 10 19 49 17 47 93 35 96 65 62 28 89 48 25 54 39 3 11 66 10 66 43 100 62 15 21 79 27 63 50 54 24 68 2 
92 66 46 26 13 10 39 40 51 86 64 56 77 19 18 94 28 84 36 80 45 50 100 75 76 14 76 30 90 43 83 81 60 81 59 24 42 97 63 44 35 78 99 63 48 17 56 28 52 92 7 48 41 58 22 69 71 97 50 12 91 84 93 2 64 3 25 58 51 39 1 85 16 52 47 16 20 55 43 71 46 1 70 38 58 43 58 28 39 7 40 81 
43 84 82 6 38 58 15 88 96 68 25 63 71 23 78 90 77 20 12 74 20 81 12 29 23 69 57 13 28 48 45 70 83 26 27 72 83 42 59 30 61 35 92 31 58 70 72 86 41 83 60 13 15 71 41 37 91 49 1 18 48 45 39 30 22 66 1 56 59 12 85 71 46 76 1 55 45 72 41 38 6 52 50 20 22 90 8 64 39 8 34 
86 4 72 68 25 89 20 32 47 83 16 17 81 43 69 35 40 92 27 77 97 78 26 68 51 67 75 15 57 34 100 43 37 71 62 13 60 33 44 58 16 11 27 96 54 47 82 93 39 9 69 87 38 46 7 89 12 33 55 69 67 54 63 55 76 76 20 87 8 15 97 23 26 75 70 31 21 52 23 11 12 43 50 1 88 56 41 51 88 95 
71 6 100 33 13 28 8 32 14 68 98 62 42 23 36 12 5 57 15 27 19 78 21 68 30 60 75 71 11 15 17 81 20 69 66 84 96 73 67 61 92 65 23 34 39 58 97 44 66 63 22 85 92 43 4 21 2 31 91 64 45 8 45 16 76 62 52 23 34 18 83 78 82 5 11 21 15 59 64 80 21 37 16 12 31 72 32 33 2 
23 48 98 82 44 65 9 5 16 31 91 34 13 68 67 18 30 87 84 88 2 63 8 91 31 71 21 2 2 5 55 76 53 4 9 96 20 17 53 88 47 43 73 12 62 39 81 91 78 64 78 79 26 37 69 8 7 42 9 8 46 15 36 98 70 44 46 90 13 50 77 11 92 49 22 53 87 2 95 16 65 72 95 43 60 15 2 66 
56 11 25 54 77 12 3 47 56 48 88 20 97 64 30 40 64 52 44 2 5 38 18 22 61 64 16 20 30 17 37 38 79 62 91 56 73 93 54 80 93 41 51 41 56 81 81 71 84 76 72 40 14 89 61 26 4 76 98 34 45 34 71 23 47 61 30 72 5 35 3 97 75 54 90 82 86 22 52 21 97 24 60 62 64 73 88 
68 100 85 1 44 70 23 19 17 35 48 88 39 83 42 88 9 95 77 91 32 98 94 52 46 17 12 8 33 84 47 52 83 83 4 79 52 26 97 20 60 44 7 50 78 1 89 87 95 65 29 27 14 22 30 12 91 41 19 75 76 17 26 11 99 29 89 2 6 85 22 17 80 80 66 58 80 55 96 27 71 24 5 37 97 34 
48 87 75 18 61 2 34 38 12 84 66 100 37 23 84 58 39 16 90 5 73 21 11 68 47 81 43 51 69 39 85 16 78 11 85 90 12 70 28 76 5 45 75 42 68 11 51 58 26 40 62 50 13 24 69 59 57 11 62 25 1 98 93 30 60 77 72 23 99 99 98 3 95 73 44 14 35 47 72 12 38 33 61 50 9 
29 61 65 91 22 41 43 71 33 73 30 62 44 52 60 94 50 14 88 74 10 54 60 56 25 71 93 9 31 43 17 11 3 33 1 76 74 43 46 58 67 27 71 62 78 82 7 79 96 47 4 57 100 63 12 24 85 56 32 15 98 1 77 52 33 77 79 58 72 76 16 90 2 38 4 80 20 10 10 67 56 14 23 55 
28 34 30 13 89 14 79 39 14 56 42 98 84 73 56 7 48 23 97 50 60 100 81 31 61 42 97 17 7 71 23 35 4 5 99 45 18 29 35 83 36 28 80 72 52 35 78 100 57 74 1 69 25 33 99 86 74 48 54 81 18 28 67 74 84 17 70 1 45 4 83 33 83 15 4 35 49 81 86 58 7 86 78 
83 70 28 20 43 75 25 23 93 53 41 18 36 57 87 89 54 42 23 38 76 37 41 10 38 73 47 47 31 32 24 14 1 51 33 96 78 10 70 22 14 11 39 1 19 25 89 72 18 64 9 93 100 1 55 89 74 1 35 4 85 10 69 85 13 54 32 42 63 2 63 76 12 1 76 30 77 17 54 46 80 14 
38 31 15 92 20 40 93 6 95 77 68 64 13 32 17 45 73 31 98 35 6 9 87 33 90 15 1 95 60 80 9 97 63 75 41 34 66 85 91 60 61 58 23 25 41 91 21 13 21 18 99 78 78 85 63 20 51 63 14 10 95 74 59 57 100 99 90 65 35 80 25 47 90 99 71 30 90 44 95 62 61 
93 40 91 78 2 10 28 16 75 90 10 1 48 66 100 98 7 17 32 39 93 78 80 91 100 9 32 43 55 94 56 48 85 46 77 38 55 4 53 81 45 63 81 92 80 33 41 87 49 24 77 41 53 56 83 5 16 15 47 71 8 2 18 92 99 46 81 53 49 33 86 46 47 66 89 79 50 30 17 98 
5 93 90 58 48 73 62 15 87 60 37 46 14 54 89 12 99 69 17 100 53 2 97 52 19 85 30 69 66 46 66 71 38 8 80 37 80 93 3 18 52 40 63 17 45 3 29 96 23 97 47 75 98 43 26 16 27 7 36 93 52 54 15 41 61 94 29 92 86 84 61 89 23 75 6 67 77 86 14 
99 34 60 73 31 2 51 98 81 57 34 73 61 39 87 53 99 32 82 42 17 17 2 57 39 76 14 57 52 99 71 2 32 82 26 14 84 76 64 16 85 49 88 97 87 26 49 37 57 82 78 25 98 79 81 88 54 47 45 57 45 67 58 29 48 83 94 83 11 9 98 47 57 37 43 95 14 43 
31 22 25 8 98 74 38 31 14 43 77 58 99 73 76 56 53 75 91 47 10 1 55 7 47 64 96 41 58 61 83 41 83 59 100 80 85 38 62 98 80 38 7 31 11 82 86 63 56 28 61 17 80 16 76 26 31 71 18 88 83 1 80 65 11 80 97 95 17 58 92 48 48 98 78 58 31 
16 72 39 43 33 55 23 100 30 100 82 52 70 21 35 70 1 51 32 80 99 27 96 57 70 43 56 20 73 65 2 88 36 40 82 20 47 56 71 28 56 52 80 77 73 66 98 73 16 29 4 15 7 99 23 29 93 78 48 17 94 1 4 29 93 38 1 39 93 23 66 100 27 97 76 51 
62 73 75 30 2 78 44 8 28 18 88 20 95 35 37 88 88 92 68 80 29 20 18 74 95 35 73 21 84 49 71 97 21 97 26 74 74 21 34 1 38 21 72 84 8 60 71 95 52 91 74 32 62 43 5 56 29 78 28 12 78 50 61 50 46 86 24 19 7 57 71 96 29 43 80 
36 2 2 30 5 44 3 37 6 97 93 13 26 22 41 37 99 90 97 49 88 35 24 6 93 80 77 88 8 19 67 96 72 69 25 77 12 80 13 69 76 5 82 1 27 74 90 77 63 38 25 50 72 100 8 16 79 36 4 39 6 70 86 77 90 10 53 54 41 17 74 17 22 55 
69 100 28 58 28 43 48 5 44 71 4 51 87 35 38 90 25 43 11 10 20 53 71 72 6 12 89 31 80 62 86 48 13 65 58 92 59 5 96 3 75 100 5 61 86 43 2 10 37 13 19 56 17 41 80 74 52 68 4 31 81 41 31 45 6 40 36 16 44 84 18 70 35 
75 83 20 69 36 29 5 48 99 13 16 39 92 89 43 11 93 25 91 33 55 87 90 94 74 6 89 57 75 11 91 49 45 10 69 80 90 74 80 40 86 95 31 29 84 73 39 76 97 81 60 4 67 50 49 40 55 38 97 29 100 87 30 44 49 98 75 38 23 54 30 60 
1 60 88 84 32 26 11 80 58 70 83 24 19 32 16 25 21 12 6 20 50 35 15 50 84 89 40 59 95 69 18 95 28 58 30 59 35 40 38 93 61 73 68 32 4 83 56 76 46 61 95 48 47 61 97 31 49 36 41 43 4 58 89 31 67 18 41 54 57 31 46 
70 55 65 1 10 48 8 85 93 69 31 92 67 91 89 49 91 76 89 34 80 47 22 62 65 92 55 18 100 37 15 69 91 80 69 100 79 77 84 71 97 14 63 63 56 3 64 46 78 52 31 9 50 5 71 15 96 77 84 95 13 99 64 55 30 84 54 8 12 89 
30 8 2 44 23 9 46 86 54 24 37 85 84 87 89 6 53 84 82 36 30 46 86 93 100 15 29 53 22 40 93 52 100 46 95 22 54 93 59 8 68 47 44 51 85 32 57 37 67 90 25 96 36 10 41 87 77 69 92 98 60 84 1 59 30 48 80 83 40 
90 42 7 37 85 57 21 68 65 10 86 55 86 34 90 95 74 28 23 94 19 21 53 3 73 12 32 20 43 66 59 33 8 65 21 44 74 93 12 38 2 97 92 87 30 33 34 55 61 56 48 79 28 53 81 1 16 64 20 58 30 31 42 89 95 62 32 20 
55 43 58 8 92 1 47 73 34 32 28 46 39 27 76 67 31 9 19 46 72 90 4 53 20 97 41 67 59 25 86 65 67 43 72 10 96 18 35 29 1 62 26 40 40 1 6 23 9 76 68 81 65 23 85 85 20 26 51 30 50 88 94 68 31 17 30 
26 35 64 6 35 77 31 26 68 83 31 90 92 6 10 24 71 84 8 7 3 85 9 84 86 96 77 6 78 94 35 3 80 50 60 66 26 42 92 45 25 74 35 16 32 96 91 54 79 98 60 34 35 68 17 20 63 46 77 41 91 11 95 22 12 7 
39 89 48 30 34 24 56 20 91 87 15 81 40 45 31 51 78 65 18 47 36 32 44 13 24 34 75 71 55 39 77 93 27 76 75 60 100 82 31 42 68 97 23 59 42 5 9 71 21 78 69 56 9 12 20 85 45 47 7 51 85 83 96 11 10 
22 23 61 3 5 3 22 2 77 80 95 81 88 65 1 65 34 8 25 45 80 61 42 78 67 44 62 1 91 24 11 12 98 23 66 3 77 87 56 53 66 50 85 5 66 37 21 99 45 98 96 76 58 89 53 25 32 66 77 23 41 39 86 91 
62 52 45 38 38 100 43 56 1 27 12 66 64 85 17 60 82 12 87 39 52 39 15 83 56 44 57 48 82 43 38 95 94 34 85 83 85 27 90 85 5 2 3 68 86 19 79 19 82 65 9 33 55 24 67 62 67 24 10 100 66 99 95 
59 33 79 93 17 57 83 54 61 36 56 81 73 26 59 91 7 76 99 91 30 74 57 92 92 80 53 92 97 51 38 7 35 16 100 4 72 34 57 84 69 64 64 93 89 75 35 47 50 85 37 79 11 45 22 2 25 74 45 21 77 82 
80 11 97 79 14 20 12 22 56 32 85 19 76 25 93 62 71 94 46 7 25 56 4 46 10 28 72 54 100 48 36 31 10 84 9 76 56 72 97 11 55 34 81 82 58 26 43 29 19 89 87 43 96 90 41 57 69 12 11 21 11 
98 51 20 33 12 47 40 83 44 2 90 29 83 71 86 60 14 66 78 54 53 21 1 94 61 58 15 24 68 87 34 17 89 5 1 100 4 41 35 47 94 76 27 28 46 12 87 11 78 65 64 82 37 65 27 49 22 93 72 41 
79 57 9 68 13 9 19 16 1 5 14 95 80 40 22 26 52 9 36 81 25 52 14 61 16 40 9 89 85 32 81 63 88 89 82 52 49 53 68 50 57 33 96 89 73 69 66 76 29 53 8 53 4 21 65 71 12 25 11 
96 56 91 11 95 31 44 47 80 96 14 29 5 46 76 93 70 44 10 45 73 62 52 25 66 24 42 88 36 66 99 31 22 89 93 16 72 37 14 51 84 79 31 40 77 6 84 46 49 93 43 21 55 94 98 72 18 91 
59 5 56 57 87 29 98 80 97 69 68 10 71 51 89 1 43 65 6 26 10 6 19 52 27 25 98 76 96 67 66 54 23 73 63 9 2 60 40 98 80 7 7 50 10 47 50 52 11 7 29 73 12 47 76 90 71 
25 65 18 91 82 72 65 55 34 74 56 45 13 53 76 72 11 77 33 58 26 36 20 84 64 92 95 63 68 85 85 92 1 3 35 35 74 99 89 59 24 96 55 89 100 30 60 62 6 44 19 83 79 39 66 42 
82 12 56 49 48 41 93 1 43 79 35 68 29 75 78 53 70 32 41 21 61 52 82 18 95 53 100 25 91 17 18 72 80 74 73 28 66 17 28 8 95 62 27 23 36 4 27 57 35 67 29 47 70 10 16 
16 62 67 40 4 83 10 28 62 83 100 41 48 68 68 7 62 81 33 36 68 88 63 24 74 81 52 20 51 14 35 66 75 1 58 31 35 67 58 48 1 9 89 100 76 8 58 89 89 42 24 56 29 86 
80 2 67 83 73 69 96 7 86 23 59 95 5 45 13 14 92 13 74 32 64 1 40 21 89 28 62 64 83 90 2 14 43 20 49 15 88 96 73 25 70 31 20 74 75 32 87 19 97 60 50 12 60 
89 33 100 68 46 64 3 88 17 68 30 36 16 97 75 12 69 99 81 100 70 7 26 2 93 96 50 5 46 61 16 86 45 68 6 91 83 8 30 99 75 59 86 43 55 60 54 24 58 86 75 28 
92 52 81 37 48 82 93 45 94 60 82 39 27 39 81 61 46 10 59 73 20 44 15 27 55 20 2 65 5 76 44 49 79 76 37 78 57 29 74 50 88 56 40 67 94 72 27 92 33 38 16 
53 81 82 31 88 53 32 52 9 59 95 57 37 70 93 67 78 73 40 79 61 47 19 79 93 42 5 36 75 42 51 79 75 84 9 62 36 92 65 44 50 59 53 38 80 45 4 57 18 96 
35 30 42 5 8 34 47 64 69 73 6 71 3 80 54 11 93 89 54 57 85 55 15 37 92 46 33 48 2 2 43 36 83 84 93 90 70 39 54 38 63 11 9 65 42 14 27 34 3 
80 90 39 34 56 75 77 1 59 24 54 61 18 41 43 54 33 85 23 23 38 12 85 100 72 49 41 86 27 74 40 6 15 78 39 22 4 68 74 62 43 27 22 61 19 65 66 52 
1 40 26 90 51 63 89 75 11 29 60 38 54 99 95 68 76 86 89 79 53 62 40 95 40 14 7 58 30 72 61 30 63 87 19 66 49 7 40 11 87 99 100 40 97 47 7 
24 32 47 54 36 60 45 30 99 58 89 8 87 12 69 68 75 7 86 40 7 44 79 17 30 29 69 69 77 15 27 52 98 25 5 33 84 49 14 82 59 2 42 45 14 10 
65 40 68 50 31 74 46 9 42 75 89 10 96 65 76 74 16 73 99 72 57 82 20 71 16 30 72 57 75 37 18 39 28 37 40 58 10 37 18 51 12 6 13 59 22 
40 84 89 65 82 60 21 16 32 91 83 61 15 91 87 3 60 77 31 96 69 88 5 5 6 7 68 63 71 26 85 11 62 73 75 43 85 95 10 16 38 92 28 52 
82 15 54 41 91 36 88 11 76 92 16 81 51 83 95 21 61 79 83 22 4 57 16 88 4 78 55 41 69 82 44 3 48 49 95 91 85 83 1 60 26 16 92 
76 51 86 49 11 17 31 84 20 40 51 59 95 28 13 35 49 46 78 51 94 26 97 84 62 31 36 21 57 52 64 84 54 50 84 64 66 67 99 37 6 49 
95 100 29 59 86 77 4 15 79 49 40 75 32 54 58 20 26 66 23 90 49 76 39 85 91 56 51 89 92 56 89 86 7 17 44 92 93 99 6 71 48 
97 98 31 2 7 50 28 72 72 17 72 47 55 56 37 62 6 77 53 13 66 90 71 82 85 14 27 83 71 49 82 20 98 13 21 4 14 48 75 86 
16 47 84 70 54 73 83 60 1 35 24 66 76 47 100 60 60 78 95 31 26 76 50 24 88 22 27 2 22 2 39 37 100 22 59 53 46 41 64 
47 76 40 64 3 86 15 63 45 92 57 27 18 32 28 93 72 50 19 25 71 72 63 7 23 36 65 76 82 6 91 80 33 30 43 35 15 58 
49 60 1 57 86 18 41 14 62 12 15 33 88 85 4 50 91 79 37 8 6 70 13 96 49 97 26 44 83 40 1 32 51 1 40 37 71 
80 2 84 43 16 16 30 100 72 31 42 50 68 1 55 37 13 50 86 61 75 29 44 67 81 27 17 33 66 5 55 98 6 39 40 73 
6 70 24 77 52 66 78 19 18 32 8 83 34 45 43 60 25 38 26 5 64 43 89 82 47 96 79 5 86 18 77 91 39 1 20 
91 18 97 61 35 29 68 17 14 12 12 73 88 49 99 92 13 93 33 46 91 80 24 95 65 93 24 7 32 24 26 74 93 23 
86 27 3 6 96 16 69 7 88 57 55 38 100 19 82 32 64 73 63 39 19 27 32 42 86 63 17 11 88 9 85 25 88 
39 30 83 54 99 41 94 55 47 83 6 66 65 38 81 37 52 20 55 31 51 49 16 65 65 78 4 74 63 28 61 53 
58 95 59 8 87 52 14 33 86 19 50 50 8 31 38 60 2 45 90 4 93 5 20 57 82 23 30 96 2 42 49 
59 88 7 18 74 10 31 7 95 50 56 97 9 38 86 68 91 30 9 94 22 65 13 31 47 87 60 94 89 54 
94 47 93 52 17 67 61 47 25 8 48 32 56 9 22 41 76 12 23 37 6 44 1 70 74 99 57 86 93 
45 91 38 43 83 90 59 49 2 58 25 61 5 57 16 65 78 9 41 89 31 29 46 26 29 16 52 28 
72 89 72 68 79 9 10 61 98 69 62 52 26 38 12 82 94 80 47 23 40 39 64 22 67 9 47 
95 76 50 74 99 38 45 66 68 54 28 29 3 96 42 54 73 79 18 6 25 49 4 99 88 94 
62 61 60 23 59 7 50 9 32 49 46 77 66 14 30 45 94 84 92 87 90 64 17 7 22 
93 7 25 92 46 19 53 6 30 27 64 88 77 24 20 77 22 96 94 87 77 39 32 12 
30 18 1 46 86 59 67 79 65 43 70 62 13 74 67 43 1 83 82 29 6 1 5 
27 48 98 65 76 36 96 88 66 13 40 11 51 99 29 81 15 23 2 77 36 75 
95 30 27 77 11 55 35 64 59 13 63 9 78 39 44 73 78 61 38 69 23 
88 19 51 68 34 74 69 62 61 95 56 90 22 85 100 28 19 15 39 31 
78 47 60 68 42 33 97 3 70 65 25 9 84 28 28 69 53 96 30 
13 42 37 2 15 21 53 43 39 68 33 22 97 79 81 64 20 65 
12 74 34 76 51 94 11 78 21 79 82 68 60 46 10 97 99 
24 69 51 18 8 70 50 81 66 80 13 81 52 78 92 25 
11 20 75 5 82 4 77 13 85 45 72 30 54 20 28 
77 89 31 95 48 100 96 28 18 76 40 50 27 17 
94 51 80 65 78 36 46 81 12 58 66 8 82 
47 61 53 75 90 41 5 36 40 56 31 19 
25 6 11 75 84 79 68 35 10 32 64 
45 29 44 9 39 61 16 20 8 29 
72 82 18 65 38 5 4 93 35 
75 70 93 85 44 76 63 63 
62 73 46 25 69 74 69 
29 12 29 97 83 88 
25 7 21 94 71 
58 98 26 3 
84 100 72 
76 36 
67 
