32 6
65 63 79 56 43 1 84 67 79 91 96 24 50 81 64 37 47 89 29 34 79 80 8 7 75 40 71 37 84 68 55 
49 30 33 4 25 33 87 91 63 29 86 86 79 18 1 67 65 90 47 50 68 27 9 26 53 48 48 89 32 68 
43 32 49 27 87 73 11 26 63 74 6 100 59 36 18 60 2 82 1 1 83 20 27 91 97 31 91 96 19 
74 63 14 57 12 40 43 84 3 20 99 76 78 98 34 13 67 45 67 48 97 67 82 16 45 25 64 75 
15 60 45 40 74 58 96 85 50 90 21 52 10 19 27 87 68 12 51 35 57 17 34 5 83 68 21 
79 92 36 53 58 95 98 97 69 7 92 5 56 81 25 59 42 95 85 80 15 49 31 1 57 99 
34 61 34 53 33 12 44 69 65 1 63 62 97 83 20 40 88 76 73 64 34 66 11 71 46 
25 71 76 25 27 26 10 87 59 63 72 71 58 40 35 59 54 48 7 89 67 99 76 94 
71 91 80 36 1 2 33 77 72 60 53 50 86 63 36 44 77 59 14 34 98 100 44 
52 99 3 40 18 1 67 11 23 9 42 10 62 43 43 38 66 2 91 15 87 5 
3 83 81 61 96 66 59 48 10 62 46 12 53 63 64 71 26 86 79 67 95 
40 62 37 30 27 91 20 94 29 76 48 11 56 8 59 73 18 6 82 31 
3 45 83 18 8 5 43 93 36 61 40 75 74 76 4 53 18 75 46 
47 50 93 57 57 52 15 30 70 72 63 52 75 8 87 92 67 91 
86 60 26 98 51 53 72 78 8 24 96 35 21 42 84 13 50 
93 64 17 74 85 40 36 37 66 95 23 57 62 65 94 73 
91 92 23 95 15 100 2 38 47 36 10 40 72 22 90 
64 37 58 89 74 97 76 62 63 71 36 71 84 100 
17 8 42 60 30 36 74 81 38 63 80 73 72 
19 44 45 60 59 33 17 47 6 66 23 67 
28 45 54 50 80 54 66 87 95 25 68 
31 98 100 20 12 79 92 83 98 88 
27 57 98 60 74 97 17 39 71 
36 18 15 89 67 94 42 33 
32 89 9 99 71 59 98 
90 70 77 33 53 74 
72 31 82 70 42 
7 66 59 97 
36 94 14 
2 34 
33 
