32 3
3 67 27 63 22 67 44 42 33 27 35 56 12 9 30 98 13 100 72 96 26 47 38 1 65 95 28 68 97 41 49 
52 7 76 14 80 94 9 21 78 36 8 34 99 16 63 96 81 15 19 28 40 65 66 92 29 12 20 48 8 60 
97 11 19 24 25 98 69 85 71 47 20 30 32 19 97 46 66 29 60 85 57 52 1 74 43 82 85 62 81 
44 74 29 55 92 52 31 41 73 67 11 71 39 92 2 9 89 47 74 17 59 10 25 62 63 50 4 44 
86 18 76 30 91 5 36 34 8 18 74 80 84 37 2 22 28 55 30 68 2 56 37 12 17 13 73 
79 63 28 74 100 45 50 29 87 54 16 20 61 85 46 93 69 34 46 42 13 1 24 33 54 79 
69 65 47 33 89 26 47 16 99 47 13 48 27 99 53 43 71 66 27 68 10 47 1 55 41 
65 55 64 97 8 94 17 24 40 50 12 17 96 80 16 42 92 15 69 90 68 63 12 33 
41 79 94 40 31 48 80 96 3 95 44 62 40 13 38 79 62 49 96 9 80 63 3 
71 77 23 13 96 85 24 80 77 55 73 16 37 21 47 84 75 41 28 88 80 40 
25 11 53 74 58 61 5 20 15 76 48 37 40 44 21 15 23 50 69 96 65 
58 68 12 41 42 4 68 29 84 59 54 46 63 79 3 24 83 22 38 10 
69 27 49 64 47 64 87 96 84 34 13 41 1 76 82 94 79 1 74 
14 12 79 59 74 57 61 49 92 34 39 1 55 65 2 18 63 65 
56 59 100 89 23 41 41 98 74 34 76 74 60 42 37 38 100 
11 95 13 11 38 98 49 90 52 13 91 22 76 7 77 86 
7 66 8 99 58 57 72 92 84 97 51 25 34 40 25 
96 86 89 6 23 86 55 13 90 19 3 11 46 62 
87 83 68 4 42 66 62 98 89 5 82 37 7 
6 22 46 82 17 32 70 75 6 8 81 18 
97 99 73 7 97 86 45 79 53 49 21 
70 62 70 10 18 51 46 76 9 68 
73 42 84 4 12 10 62 71 90 
31 67 41 55 73 89 40 69 
67 92 17 39 13 30 9 
22 47 11 68 22 71 
87 95 13 22 50 
76 32 63 46 
73 94 12 
13 100 
36 
