23 3
53 94 53 36 23 81 33 62 72 75 65 82 92 17 90 52 55 25 2 50 17 45 
23 3 23 66 58 61 45 20 46 50 65 98 37 39 30 69 1 54 43 17 35 
86 33 76 37 40 52 90 89 68 35 11 70 57 77 79 70 73 50 15 74 
66 65 62 5 94 30 5 47 73 73 33 58 58 9 47 97 12 36 85 
80 70 47 1 79 75 32 48 100 81 14 25 47 78 87 51 24 16 
7 22 40 79 55 98 36 15 96 84 26 31 20 57 53 67 58 
31 93 89 30 92 69 43 17 67 21 3 69 44 70 75 17 
10 6 71 59 93 37 54 77 15 84 48 71 36 66 28 
18 59 68 99 2 89 42 18 55 14 72 24 9 42 
50 25 3 7 96 61 100 84 14 28 98 49 27 
69 37 93 48 54 51 16 53 4 4 46 74 
10 59 45 85 67 38 35 91 40 93 38 
100 44 74 65 23 71 14 50 91 50 
42 91 55 44 6 59 47 61 56 
20 70 14 17 7 32 6 93 
23 98 85 12 49 29 85 
14 51 8 79 52 98 
80 45 88 86 88 
45 45 87 57 
100 58 79 
66 26 
85 
