200 3
100 63 21 1 28 6 76 68 94 74 18 64 41 43 93 10 12 1 79 27 68 36 73 19 68 45 35 84 54 94 7 5 8 28 5 36 85 81 55 79 54 24 94 47 67 86 56 30 38 86 9 6 74 81 24 41 25 11 24 30 56 83 35 64 62 39 51 46 71 5 24 25 80 18 23 46 55 78 76 93 15 84 98 88 16 73 28 92 35 4 22 91 86 8 6 47 98 56 92 69 12 68 45 91 37 67 89 91 96 16 35 10 51 32 98 66 57 77 57 43 80 30 33 65 89 38 63 87 45 7 7 56 74 51 47 62 69 87 52 64 2 87 25 52 70 22 17 78 99 25 21 30 7 5 95 95 43 9 33 39 15 91 95 40 41 93 1 9 79 5 24 80 43 49 83 64 22 99 42 72 75 14 2 81 18 48 28 12 56 12 51 23 3 45 62 95 89 15 56 
67 19 79 98 13 79 80 76 53 30 17 24 4 30 25 37 100 24 16 11 80 27 61 54 81 57 67 76 45 81 31 11 51 9 60 63 40 39 39 92 20 7 15 24 89 92 12 88 15 27 98 46 5 11 51 86 67 18 61 12 50 91 74 1 51 34 63 90 24 53 33 44 60 48 19 100 91 30 39 57 8 36 55 12 98 5 49 65 74 61 28 24 51 1 24 54 34 38 43 58 43 28 53 54 75 71 53 17 100 91 73 59 78 79 22 76 36 71 92 9 31 19 84 34 19 59 87 5 97 81 14 39 8 66 44 34 36 96 50 87 38 75 45 15 5 66 42 40 88 33 1 71 3 84 4 74 43 42 78 91 74 91 81 82 8 24 67 43 19 69 29 8 43 25 22 99 42 16 39 30 100 91 52 3 74 7 76 68 48 5 58 21 95 38 54 54 61 21 
96 31 89 76 38 83 100 12 33 93 79 71 74 78 13 25 80 87 31 7 6 30 11 64 3 57 53 8 10 14 28 57 96 68 32 86 2 83 49 35 76 27 57 49 56 70 26 88 8 8 94 13 38 57 76 92 65 81 99 27 94 27 83 41 46 15 78 100 49 78 34 24 56 42 25 12 63 2 99 70 9 44 83 46 52 10 37 17 90 36 95 35 14 77 28 11 43 57 62 92 35 95 67 90 89 43 53 51 44 3 21 53 99 55 50 50 16 87 18 58 74 12 44 39 41 23 1 83 80 63 26 14 9 93 55 97 35 8 100 31 10 72 83 60 78 32 10 93 70 79 2 95 43 46 85 83 68 86 65 99 48 91 12 56 35 19 5 21 78 4 51 87 27 85 99 4 17 8 96 38 38 50 85 80 47 69 14 14 54 31 65 53 21 76 61 7 46 
65 27 23 20 30 62 46 14 60 49 82 19 96 20 56 45 4 88 91 72 1 57 78 31 21 30 3 48 90 9 94 6 88 68 25 17 29 70 30 88 70 12 6 66 83 14 62 38 1 5 61 1 13 38 84 85 20 86 84 9 47 29 67 34 97 91 2 25 13 31 65 34 94 70 51 76 83 13 65 35 69 26 36 33 63 71 17 34 8 100 95 54 81 61 39 77 51 40 1 15 71 17 49 16 87 51 44 21 63 8 56 83 33 43 15 48 13 83 81 72 83 75 26 63 35 64 91 38 56 43 4 78 60 4 93 46 55 36 18 69 44 73 52 76 67 66 23 31 49 4 3 83 30 80 97 65 95 87 54 50 29 57 27 40 61 20 37 15 55 55 83 50 79 86 26 98 52 100 28 52 55 82 86 37 61 34 1 56 20 6 5 100 62 32 40 22 
3 28 88 9 82 23 59 13 8 36 10 11 87 89 62 94 71 99 30 31 32 30 38 3 35 95 55 48 78 46 22 80 73 61 88 55 83 98 19 91 85 28 1 72 16 15 65 86 65 94 69 97 75 6 99 61 100 5 8 77 50 81 8 23 42 48 29 24 45 47 66 30 74 67 53 41 33 17 27 97 62 47 45 36 4 96 96 56 100 55 84 50 88 92 72 29 39 100 4 35 46 70 16 71 88 68 11 72 84 89 68 45 35 65 32 91 60 79 46 59 86 29 60 73 72 31 53 10 82 56 97 79 77 12 49 16 32 12 87 15 100 7 12 87 71 95 77 30 74 22 40 59 2 100 83 74 82 35 35 64 42 31 94 19 95 95 86 26 6 73 92 57 31 55 43 1 50 71 82 23 44 21 33 46 72 15 19 54 49 5 69 42 88 14 12 
82 8 98 59 13 22 2 22 52 57 16 52 58 87 85 80 82 57 64 27 29 78 97 34 78 54 54 71 41 67 83 22 27 80 32 91 1 33 12 4 41 28 55 98 66 91 29 47 47 92 26 75 21 74 60 50 27 65 21 67 84 3 40 10 82 71 100 34 56 12 37 48 91 43 46 56 33 74 54 79 18 79 6 38 5 17 40 31 82 60 50 65 62 89 74 95 12 25 80 67 36 68 14 26 10 11 33 94 37 87 24 54 17 29 43 73 98 82 4 79 93 53 95 54 93 20 100 4 44 79 22 32 46 88 57 7 98 42 100 34 80 24 39 48 4 34 21 53 67 24 31 60 28 77 65 20 96 65 76 92 43 97 23 41 84 31 47 34 72 99 19 3 74 10 51 77 43 71 82 61 46 64 20 25 41 37 96 88 1 71 79 43 20 53 
35 3 84 82 88 7 80 7 10 53 16 12 81 10 82 62 70 79 26 42 3 18 78 50 5 30 21 36 24 40 88 59 94 71 40 82 30 71 40 39 75 7 50 55 16 83 69 37 61 46 30 15 63 59 64 19 88 36 54 64 27 42 22 21 64 13 54 93 83 93 83 9 99 32 63 66 66 83 2 78 28 84 92 42 42 8 61 82 95 66 45 22 59 18 94 23 30 47 67 64 39 50 72 89 33 86 54 99 69 7 28 48 90 72 42 84 79 54 17 25 19 61 46 78 78 39 52 59 37 18 22 27 19 45 15 4 30 20 54 50 27 81 50 68 52 43 51 82 96 67 7 14 79 4 43 8 95 46 66 31 16 39 58 34 83 72 89 65 92 42 66 70 75 15 37 26 57 40 8 52 6 66 18 37 69 12 44 63 58 62 94 73 52 
51 58 87 74 47 51 17 40 16 86 14 83 75 40 39 14 99 43 19 64 12 7 84 75 51 47 32 64 92 56 15 94 66 1 19 12 3 36 3 71 73 17 53 47 8 43 60 58 37 31 73 48 37 56 75 39 54 6 2 97 14 69 90 79 21 61 42 24 48 44 94 20 12 98 19 19 40 78 76 77 60 48 76 97 56 50 35 9 8 89 58 73 57 99 51 77 59 92 52 6 87 45 26 99 42 44 17 34 73 45 10 33 44 37 81 99 39 67 60 46 55 17 18 63 15 20 92 26 11 43 31 97 40 8 95 33 3 64 66 76 8 27 60 3 64 92 54 54 58 13 99 65 81 68 79 47 87 70 72 49 65 55 97 4 62 92 36 17 7 54 44 66 32 3 68 47 46 21 100 3 85 98 19 17 17 98 16 3 19 39 51 83 
93 48 38 7 91 26 23 49 79 66 14 10 20 81 9 65 54 8 19 38 6 38 7 22 87 22 77 57 60 79 40 53 78 29 11 20 54 33 68 84 50 81 46 69 14 54 33 67 61 3 56 18 92 62 92 78 35 68 87 95 98 26 99 76 6 9 95 60 41 63 95 90 95 40 10 8 45 94 26 58 96 34 75 88 47 66 17 82 85 3 76 35 80 26 10 86 34 56 97 26 70 91 67 65 83 76 24 79 69 50 36 64 83 11 3 29 28 20 62 65 22 89 99 2 14 60 87 47 15 83 24 85 25 90 1 59 17 24 38 85 25 73 1 7 35 3 88 63 22 49 79 44 38 77 97 3 36 83 2 2 17 25 38 41 67 38 100 83 14 37 20 38 61 72 97 96 26 84 10 100 84 88 95 73 64 91 76 51 73 29 52 
89 53 42 81 19 79 80 54 44 68 25 82 29 96 30 24 73 65 33 72 48 20 66 73 35 56 100 37 80 28 88 20 80 81 1 51 12 32 56 55 100 80 88 28 27 17 3 99 81 87 71 81 58 88 53 92 96 52 80 75 79 19 47 10 100 47 60 11 78 67 65 29 46 5 8 72 21 10 23 54 48 45 34 5 32 86 48 27 89 27 54 67 46 100 28 97 98 40 7 27 6 23 56 52 27 15 75 48 77 49 1 24 93 86 29 77 71 28 55 59 7 8 77 52 59 56 100 56 95 6 35 1 28 90 4 55 56 30 54 32 79 6 56 23 91 36 99 13 63 54 23 21 13 51 24 24 6 23 79 1 28 13 53 8 54 56 14 10 37 67 93 15 24 48 90 14 35 40 26 50 45 100 70 58 50 94 33 55 16 63 
7 96 76 59 3 81 66 16 42 3 34 35 69 57 34 58 70 69 98 47 18 94 46 87 3 47 32 35 1 48 98 8 95 25 18 97 5 84 64 99 86 97 85 54 53 18 64 74 86 13 72 55 6 69 94 9 15 25 95 15 24 92 74 18 16 92 66 73 75 29 23 12 77 7 65 29 24 80 54 62 92 25 16 50 45 61 10 59 86 4 26 61 96 99 31 63 42 96 87 68 77 9 79 53 15 96 34 91 75 39 52 19 16 19 68 60 80 29 19 17 32 44 29 79 94 59 42 36 55 28 3 83 37 34 87 3 29 20 93 55 59 96 73 74 67 92 85 98 20 55 66 4 98 94 82 44 53 75 31 59 55 85 41 43 18 27 45 98 99 90 53 9 37 25 34 3 69 18 100 40 73 65 43 22 11 77 17 63 3 
47 21 57 84 13 99 1 91 96 51 89 85 3 97 21 79 30 24 47 100 75 39 72 92 33 45 2 9 62 16 64 8 88 20 91 100 19 44 90 66 94 31 50 48 27 22 26 9 97 25 8 72 63 31 15 95 75 68 56 36 83 19 96 70 90 38 69 60 33 10 25 26 40 74 73 19 48 51 27 44 75 86 15 89 16 81 35 90 48 42 26 30 12 21 51 2 58 71 61 43 33 38 68 72 63 93 42 10 95 68 54 69 53 20 9 68 1 43 58 100 85 35 30 96 7 32 49 16 3 10 58 35 99 78 58 61 70 100 71 16 19 24 84 24 43 44 91 43 86 100 43 22 86 24 18 92 7 66 60 61 27 17 47 77 94 5 38 15 56 8 30 26 31 65 49 25 8 92 20 46 43 14 67 81 89 36 72 95 
54 83 56 32 100 54 9 45 10 46 12 17 53 93 43 35 58 91 59 17 34 30 14 77 43 81 9 31 68 80 78 21 15 85 53 14 38 61 10 48 6 21 64 10 14 58 44 23 1 54 39 34 84 5 62 78 37 70 9 4 2 38 25 16 22 77 81 11 89 90 10 94 11 26 55 24 83 98 46 83 3 36 69 38 40 30 16 76 52 76 32 5 13 56 20 86 84 100 96 72 41 6 17 51 31 71 26 13 20 71 48 74 59 16 12 50 97 27 78 100 54 9 4 66 64 23 51 47 74 98 70 67 3 86 17 85 56 43 50 27 65 97 100 75 64 11 25 12 89 2 12 42 10 15 59 25 90 61 71 15 59 92 81 13 77 50 98 84 44 99 10 8 47 61 35 10 72 59 73 12 12 84 6 21 51 64 45 
92 25 67 58 35 58 91 47 86 40 96 69 83 94 30 42 40 90 76 1 13 86 74 25 97 9 30 69 11 45 13 2 69 31 12 3 88 2 2 25 41 97 93 75 91 74 68 82 64 44 83 76 81 8 52 78 16 33 98 79 78 11 80 98 93 43 53 33 44 54 57 36 2 2 10 92 75 78 26 38 73 60 66 5 67 69 34 34 2 32 12 79 94 44 28 86 86 80 18 30 33 75 65 35 28 27 78 2 4 3 92 28 62 57 32 80 77 66 14 78 97 25 8 90 20 36 75 6 15 45 87 100 71 3 86 98 29 63 99 84 18 90 11 31 98 95 11 75 60 76 4 8 52 12 49 72 99 75 77 65 19 63 64 89 17 1 38 46 64 89 29 33 78 92 63 28 86 25 54 97 100 57 56 4 20 4 
75 70 78 51 35 49 65 50 89 81 51 27 78 66 15 7 98 44 50 12 23 87 89 76 83 40 85 90 43 56 93 17 78 22 19 12 70 35 13 59 68 15 37 45 80 3 3 29 98 52 93 21 90 81 48 24 20 84 13 63 92 5 79 69 79 98 32 48 32 44 58 51 11 94 96 90 96 98 71 94 2 63 66 91 43 13 67 62 49 79 24 40 36 55 8 14 52 39 61 35 34 19 86 44 64 33 86 12 82 56 57 35 18 22 26 12 86 44 73 86 22 49 25 57 3 84 70 6 74 83 40 60 53 77 3 16 9 40 79 43 95 87 77 64 60 54 75 46 97 100 83 19 48 8 75 50 43 97 55 17 79 46 76 31 75 30 98 35 22 29 77 68 15 54 32 75 7 58 72 4 57 54 74 4 13 
100 5 56 96 11 72 26 57 99 56 83 80 6 17 1 34 94 69 100 99 100 74 5 9 45 60 66 99 33 21 11 85 78 18 80 88 41 6 96 39 13 78 19 70 47 19 55 40 39 55 38 90 28 94 99 25 6 16 75 90 88 37 74 65 55 54 5 95 11 52 34 75 30 4 45 76 74 51 67 13 5 56 2 85 1 52 9 6 67 83 96 7 71 69 71 25 74 27 20 36 79 5 11 60 60 7 87 33 57 53 97 62 60 99 46 60 2 6 66 69 40 13 75 10 33 97 35 7 76 6 42 54 62 4 65 21 10 51 53 67 55 50 28 14 100 25 73 1 82 90 21 21 54 47 82 87 44 68 45 19 73 38 24 34 42 88 54 51 90 59 17 44 60 96 57 59 72 81 11 53 23 32 73 76 
30 55 62 25 74 6 43 47 96 18 32 37 57 86 87 46 96 56 89 55 3 97 13 75 78 75 27 52 58 52 27 88 58 41 12 31 98 7 29 93 76 61 29 33 98 68 78 93 75 19 47 77 15 11 3 44 85 82 95 43 33 22 82 42 62 93 72 11 51 1 4 27 13 32 59 10 51 88 2 25 6 48 54 73 58 56 16 94 37 11 36 21 84 69 62 97 62 86 7 12 38 10 90 50 94 48 11 96 88 12 21 93 11 26 65 20 33 33 13 22 95 1 94 78 69 56 26 82 93 32 46 30 94 35 31 87 35 41 34 22 4 6 66 14 31 31 85 16 15 49 37 9 1 82 38 22 37 63 3 81 94 100 62 39 35 92 77 21 84 11 42 87 16 7 52 99 89 88 14 3 37 2 63 
89 83 100 10 72 62 65 52 8 64 14 46 50 57 23 70 93 85 63 79 100 70 83 98 10 22 11 65 58 64 27 47 47 79 8 18 92 72 21 99 36 86 97 37 43 71 7 35 55 69 65 54 90 99 4 100 21 14 16 30 30 42 28 76 72 36 45 64 59 65 14 94 3 10 31 97 80 89 83 86 9 47 40 99 98 43 50 70 8 65 51 89 58 79 64 30 66 60 45 24 25 58 70 79 20 52 75 51 40 57 37 48 55 28 98 52 22 47 73 81 11 24 70 21 54 33 2 71 93 46 94 69 3 15 47 22 66 21 73 57 77 61 5 31 88 2 35 9 1 7 89 63 82 58 83 35 43 84 5 87 29 51 55 84 65 53 57 83 25 29 39 53 41 43 83 28 97 69 36 97 28 77 
11 9 86 46 44 28 29 48 66 10 98 72 45 15 24 1 97 100 82 35 52 22 30 87 50 78 55 37 26 82 65 36 91 51 81 34 30 62 33 96 71 83 19 67 97 95 67 45 94 100 79 46 22 60 32 23 37 86 11 62 20 76 98 10 78 30 95 59 91 27 6 13 9 25 79 57 19 98 1 12 97 32 57 70 91 88 44 80 26 7 41 45 34 90 6 11 20 100 69 10 78 75 75 39 99 53 95 69 2 48 80 99 31 89 20 73 28 16 52 53 22 93 49 55 82 6 17 53 5 85 63 35 11 37 73 61 41 19 29 43 18 61 93 48 49 12 21 76 79 72 81 100 16 81 54 50 87 22 2 43 7 16 77 69 4 1 82 97 20 10 39 37 22 83 37 70 46 57 98 25 80 
30 24 48 10 30 97 48 51 50 91 9 66 19 30 21 20 11 17 91 72 7 27 94 89 15 15 35 23 12 11 55 93 34 2 3 15 50 2 18 99 44 78 16 63 7 37 34 17 5 24 89 12 2 34 100 17 48 86 91 12 96 45 4 82 46 6 48 95 60 65 94 3 95 61 17 53 97 50 22 2 25 62 65 27 95 16 95 42 2 85 53 49 30 57 30 27 14 78 74 73 94 19 76 40 79 44 93 76 94 14 29 18 75 93 96 21 8 90 62 61 75 67 10 56 75 91 34 88 20 7 13 66 25 40 5 4 83 49 31 76 62 11 46 88 55 41 8 62 31 22 75 57 88 36 64 62 26 97 1 98 4 13 63 80 52 19 83 35 68 65 62 81 75 7 69 29 48 28 43 30 
49 17 38 88 4 1 1 29 97 2 26 52 66 40 32 70 59 66 56 26 31 17 6 57 76 26 86 75 6 28 56 6 96 93 46 99 93 46 79 41 99 57 45 17 96 76 86 54 93 41 79 23 9 37 80 36 14 17 62 19 96 17 25 91 9 70 41 53 67 19 46 18 75 90 34 71 17 19 76 9 11 7 84 71 43 15 7 8 31 68 27 26 37 3 68 97 24 8 50 42 78 47 59 5 88 92 27 4 62 2 64 72 8 99 95 2 13 1 10 95 20 88 72 8 90 91 5 65 50 6 58 28 52 17 32 39 60 58 94 22 11 57 45 19 56 91 20 20 91 29 15 63 16 38 70 57 29 26 73 78 31 31 5 34 99 88 72 10 97 17 31 8 74 28 26 81 18 97 100 
61 26 66 75 93 56 96 2 84 22 26 61 4 56 18 38 6 57 61 16 6 78 98 13 3 77 90 83 95 86 34 7 63 52 33 8 7 28 61 90 1 86 2 5 42 71 42 99 80 54 14 85 31 12 97 33 88 38 67 34 75 53 92 90 4 24 97 62 4 9 3 4 94 4 60 87 27 53 86 6 7 51 90 89 62 38 74 2 27 40 87 1 44 31 90 47 6 38 60 9 46 62 65 40 18 24 26 44 77 63 1 35 14 90 23 27 79 96 80 5 88 19 57 31 49 99 30 6 36 89 15 34 51 31 25 68 54 2 63 82 65 63 68 30 4 91 56 34 38 88 90 25 6 46 8 6 44 89 11 32 77 77 65 79 7 41 98 13 42 60 46 58 74 14 87 29 56 43 
14 93 30 3 70 87 49 29 92 44 17 2 75 45 31 91 24 37 31 21 1 73 33 47 30 58 12 69 39 67 11 52 11 92 55 32 30 55 60 21 98 28 74 25 73 4 15 48 93 98 68 93 22 52 91 3 62 2 71 100 68 33 3 31 76 57 62 5 63 74 77 13 1 51 37 25 6 3 72 50 52 92 43 73 95 33 76 56 35 98 7 54 31 10 84 6 66 98 63 81 71 39 93 23 41 29 48 47 83 71 96 35 62 90 7 57 75 34 12 9 84 71 14 14 80 98 71 97 95 85 77 17 24 69 39 64 49 38 62 32 9 10 18 22 99 76 78 73 62 42 33 45 12 47 10 43 96 80 39 42 17 16 10 40 36 48 55 37 38 17 20 98 78 37 19 28 12 
49 1 73 42 85 69 5 83 78 47 30 10 85 71 26 52 80 65 88 80 71 76 69 87 95 66 16 31 36 44 94 36 96 19 77 80 87 81 15 65 27 44 74 12 67 51 15 98 15 54 29 37 29 97 76 23 14 91 5 2 34 99 37 29 17 14 61 3 94 75 19 73 70 44 36 88 94 50 38 60 4 66 97 32 15 72 7 80 62 11 81 48 9 70 76 77 83 36 32 28 62 50 52 32 94 87 71 39 37 8 99 92 74 47 75 40 18 81 19 31 44 52 78 52 21 54 81 55 41 12 82 3 13 34 86 58 72 56 97 8 64 95 51 89 41 26 28 10 58 98 40 1 49 18 5 21 23 37 75 63 48 57 17 60 42 2 70 13 10 66 73 73 12 75 13 4 
52 40 13 10 89 4 62 38 73 18 58 47 54 85 62 53 93 78 65 34 32 34 98 93 99 70 17 62 97 29 65 48 20 29 9 8 32 71 97 57 40 7 3 46 91 64 98 83 94 62 68 77 95 65 69 45 87 85 6 83 13 70 30 32 50 91 91 34 13 88 90 52 94 44 97 84 8 47 18 53 8 85 29 55 49 97 99 35 81 57 69 45 78 51 76 28 41 66 61 53 5 50 4 98 45 53 33 52 99 2 4 58 86 84 12 87 80 63 73 60 19 42 4 96 92 31 23 84 49 35 36 53 36 91 3 81 43 87 32 93 89 88 51 74 23 62 60 3 24 33 14 42 26 70 90 69 52 64 52 100 99 87 5 34 77 7 14 72 45 98 64 33 85 14 59 
7 76 70 61 51 2 75 93 79 96 34 47 47 97 98 47 95 84 3 29 61 61 42 32 5 39 47 38 75 61 96 34 36 65 46 86 19 20 30 49 67 63 96 14 12 93 60 6 77 62 86 89 74 80 72 78 70 18 15 45 78 62 30 65 79 75 3 49 47 32 97 13 47 92 78 58 37 37 15 65 50 1 53 23 32 76 53 1 45 19 45 75 33 26 39 63 53 41 11 51 25 59 15 23 3 93 32 39 81 46 3 83 98 7 57 29 34 9 30 78 28 26 4 60 4 43 22 56 35 84 58 11 42 72 85 96 64 16 86 45 14 88 27 63 46 35 44 79 44 25 9 71 2 12 82 5 6 55 12 93 38 69 55 31 41 40 27 4 7 12 100 20 52 78 
35 49 13 78 28 8 2 88 30 3 51 11 60 9 65 71 53 54 40 7 84 32 98 62 87 5 74 87 76 77 16 10 25 80 87 4 87 40 43 68 43 94 30 54 54 94 24 6 99 15 12 83 46 10 44 33 66 69 71 41 97 38 51 22 18 37 77 56 29 20 24 23 65 53 76 18 99 99 23 97 14 86 31 11 47 27 43 12 47 65 53 44 3 55 17 20 43 45 27 71 16 2 93 80 55 68 49 5 19 23 53 84 9 36 94 55 62 89 19 60 53 71 55 55 25 71 74 19 68 53 90 83 54 82 15 8 2 63 64 20 38 69 3 46 4 96 52 17 84 70 76 37 92 31 91 68 53 17 87 20 69 76 55 22 9 69 82 10 83 97 29 20 65 
31 17 68 79 69 36 62 38 12 50 82 94 93 49 46 61 35 18 29 62 72 2 71 92 83 80 26 32 9 46 96 91 62 16 69 82 51 83 72 14 84 53 7 76 1 5 36 88 74 16 49 97 18 71 40 52 51 65 83 11 10 31 53 24 46 74 5 48 8 28 62 91 80 20 19 33 76 6 72 49 22 72 97 91 43 36 94 45 1 77 7 62 7 59 85 4 84 42 51 91 21 64 82 53 36 52 85 11 57 8 12 30 79 8 72 73 44 66 69 96 94 75 57 52 86 94 55 69 87 57 60 7 73 93 59 8 44 95 70 52 2 81 82 33 89 5 57 84 70 26 79 15 52 87 66 37 80 72 58 18 29 69 25 53 13 35 60 8 30 29 59 83 
62 92 15 50 97 72 85 18 97 15 33 100 1 98 37 33 22 46 50 2 66 26 54 78 61 65 85 90 45 95 24 6 87 39 7 35 62 91 52 58 57 36 57 10 86 45 94 7 42 43 8 7 21 61 84 81 77 20 22 21 15 45 27 53 35 33 87 96 76 90 5 32 26 14 41 11 10 86 17 52 29 76 58 1 88 94 33 64 65 54 84 79 50 10 31 37 95 69 32 70 59 37 53 84 2 46 46 11 31 14 62 11 89 72 11 76 17 43 91 81 48 74 12 50 36 42 86 82 63 69 3 21 57 55 4 58 52 49 69 83 62 82 45 2 53 56 29 69 50 19 50 50 44 61 99 31 54 36 12 16 4 14 88 61 21 43 18 72 43 38 6 
56 20 3 57 72 10 85 93 59 55 94 60 99 54 58 29 59 93 93 27 49 58 14 9 78 57 78 2 99 16 59 55 87 61 63 58 70 48 2 81 2 95 40 52 100 50 33 59 42 25 37 42 34 50 50 64 58 80 17 9 47 75 15 33 88 77 42 9 76 44 89 30 38 29 81 38 78 13 48 71 89 84 65 23 85 14 38 95 45 54 3 91 28 17 23 67 93 65 76 69 60 64 98 97 44 30 86 73 95 33 96 35 68 60 9 53 25 46 99 70 99 1 60 79 69 35 45 61 99 20 81 58 84 30 6 79 12 92 52 6 76 47 40 44 6 1 48 30 46 46 99 45 98 11 75 66 45 19 26 95 39 59 4 74 40 9 52 51 52 3 
56 80 1 48 75 6 48 22 88 93 19 38 89 16 48 63 81 44 34 58 38 72 68 93 45 8 54 48 58 5 3 66 36 3 65 10 9 12 31 48 56 1 85 97 16 85 11 48 28 44 58 18 15 25 10 11 84 63 59 94 20 61 59 55 15 23 65 75 86 47 22 93 48 59 89 15 43 52 15 22 95 72 91 62 48 53 72 32 67 82 25 86 94 35 93 9 9 9 83 46 7 57 38 54 15 79 21 9 30 87 82 24 58 73 85 5 77 9 88 43 42 64 81 36 98 73 96 58 81 30 3 39 86 93 93 100 71 65 60 52 51 42 27 60 66 64 16 42 72 4 84 13 19 64 100 69 88 95 26 20 25 29 59 62 73 3 62 43 67 
73 46 69 14 72 28 31 35 95 72 6 50 8 71 69 23 22 37 11 17 62 30 93 42 40 54 14 42 67 8 60 92 53 80 57 25 59 88 11 54 11 69 3 18 91 71 41 12 59 3 80 21 84 24 14 24 78 80 65 96 87 77 87 92 56 44 68 15 83 78 20 93 98 22 63 88 45 55 100 3 57 79 75 40 3 41 15 32 20 32 79 58 8 66 1 15 61 68 81 95 98 100 87 95 22 1 83 18 55 82 20 11 12 47 3 66 87 69 49 6 100 28 63 59 45 64 26 57 83 6 51 80 6 89 27 79 90 9 96 44 42 15 7 5 61 61 23 47 29 71 4 81 98 19 91 42 34 16 98 16 22 100 48 79 89 26 57 78 
34 52 21 27 18 27 83 31 39 5 29 68 76 33 100 73 3 90 67 36 58 16 3 31 16 50 9 4 27 17 81 60 68 53 38 37 32 21 19 70 77 48 89 52 32 40 77 34 30 43 21 39 10 23 69 25 25 77 80 51 93 12 63 12 65 100 100 48 72 19 17 1 66 58 52 49 97 80 82 78 74 2 16 84 76 36 60 100 12 40 3 56 51 65 19 67 16 19 14 40 37 83 40 54 40 43 2 88 23 35 18 96 88 85 31 63 21 91 15 84 82 17 92 84 81 10 51 96 28 64 35 16 98 26 21 89 69 22 77 91 8 46 38 95 30 21 58 2 11 24 86 92 40 77 75 20 38 77 67 18 93 54 33 90 79 6 79 
47 27 7 89 87 52 79 81 33 99 90 35 61 13 20 4 52 48 78 23 85 7 90 54 99 43 39 88 73 44 18 72 22 76 12 8 79 90 41 12 40 30 46 100 95 17 3 98 16 33 21 52 39 62 6 89 56 44 28 28 87 46 99 60 73 11 68 52 52 8 63 92 89 8 43 83 76 98 81 91 30 53 42 20 14 47 8 69 42 35 48 28 32 47 40 5 9 7 56 12 66 70 55 54 77 98 89 4 95 21 94 76 25 87 47 38 86 6 58 27 92 5 7 24 3 46 80 11 52 87 23 69 56 77 22 84 26 62 87 72 34 32 99 58 18 45 95 3 2 4 82 94 9 88 69 63 33 48 74 36 86 48 56 41 76 29 
24 54 91 62 25 24 93 24 82 62 20 28 17 74 84 98 67 44 85 35 6 69 34 31 56 19 78 11 59 6 39 34 59 81 95 35 5 87 10 38 100 82 17 16 55 52 13 21 95 49 7 1 69 40 31 24 10 61 86 68 18 77 53 28 57 47 62 13 85 72 2 84 53 71 100 7 22 64 79 17 65 85 69 33 76 51 9 85 63 94 4 80 70 56 7 79 54 69 91 90 92 45 73 96 15 24 2 36 40 32 4 4 16 72 36 43 23 44 27 85 90 82 17 11 37 75 89 42 95 32 31 86 76 3 81 90 79 34 25 70 17 81 73 32 52 60 26 26 4 52 63 45 33 79 55 21 5 96 62 100 27 44 37 2 47 
18 91 77 3 67 46 20 47 70 3 51 29 29 76 84 32 90 28 17 20 35 89 25 30 3 24 56 46 60 9 44 29 51 20 32 69 17 3 16 38 57 18 67 37 45 50 69 35 30 37 54 16 25 78 45 27 1 52 25 13 60 68 41 62 40 24 30 8 26 97 46 35 14 12 71 59 13 39 93 94 27 98 9 52 76 5 30 28 56 6 40 67 74 33 80 13 56 10 20 34 6 17 68 20 80 38 30 93 29 74 38 55 71 99 58 98 3 40 26 11 45 17 29 18 49 9 82 5 18 54 90 75 70 57 46 2 94 75 46 22 100 83 77 23 33 86 20 36 25 97 98 70 66 78 39 14 86 73 70 55 26 59 30 47 
15 75 48 61 2 93 34 53 28 62 75 60 48 95 47 72 43 44 93 8 22 32 22 59 4 43 14 81 2 95 79 68 21 79 80 74 71 14 27 50 75 1 62 22 47 8 46 90 4 38 49 77 69 70 35 24 65 100 4 18 46 35 37 67 13 17 40 35 82 18 85 56 19 46 30 65 5 27 6 60 64 55 36 85 76 23 60 40 74 16 57 20 50 46 38 62 62 29 96 43 47 32 50 65 29 79 81 34 57 87 45 21 93 81 57 68 55 16 8 28 31 16 99 80 61 88 41 74 17 89 16 15 20 18 79 49 48 11 34 5 49 78 25 41 10 81 9 64 96 68 44 79 35 94 58 96 82 99 21 50 39 89 64 
58 6 94 6 53 4 91 9 53 69 85 45 30 65 53 94 13 20 89 91 7 82 100 2 15 50 74 64 88 62 79 46 19 72 3 24 28 94 32 32 14 17 76 43 33 29 36 45 100 76 87 6 10 39 59 24 88 85 40 76 46 70 73 65 42 75 88 21 68 71 52 33 87 79 76 20 59 63 16 11 39 55 16 100 93 27 75 32 11 14 7 8 36 79 24 29 6 11 49 25 34 52 58 20 30 33 91 89 95 7 99 85 13 66 84 5 44 59 36 54 24 95 14 59 25 37 87 30 100 87 55 33 38 64 52 68 96 43 8 42 1 6 79 13 23 62 69 67 72 56 72 48 50 85 58 75 22 97 56 21 83 62 
53 73 25 56 92 72 50 99 14 2 56 44 14 78 57 34 96 29 90 68 28 39 52 85 65 73 81 21 45 16 82 49 88 59 57 79 30 6 29 95 60 84 38 25 13 95 59 9 75 48 28 2 38 79 38 55 4 19 75 48 34 8 49 73 18 5 3 48 62 31 94 21 66 84 46 30 30 56 90 4 55 17 57 92 96 94 46 99 64 72 98 97 32 46 21 49 50 23 48 64 53 42 84 70 25 81 100 54 88 89 9 42 6 65 34 1 10 31 51 74 3 100 22 86 98 43 34 99 65 82 62 70 23 98 39 99 78 38 4 66 79 12 59 84 28 92 36 37 75 38 10 29 37 32 14 34 26 47 85 42 80 
46 11 54 43 2 52 73 39 55 90 17 18 48 52 45 92 87 34 66 24 43 94 13 26 7 98 51 5 82 45 85 28 55 38 22 56 42 94 47 96 35 15 66 83 19 10 26 5 43 91 81 38 36 45 63 42 42 66 98 24 10 34 3 16 72 76 24 13 22 22 60 56 36 25 90 54 87 15 11 29 5 43 18 40 87 81 33 28 98 83 3 59 16 57 26 39 33 49 3 54 70 63 9 58 39 99 63 25 13 73 6 70 15 23 61 1 55 46 81 4 28 83 14 43 92 40 82 24 40 84 77 62 98 37 19 89 35 33 13 100 6 70 21 72 45 81 25 51 26 57 55 5 91 20 48 82 11 81 5 51 
64 33 12 62 70 82 50 4 14 14 55 71 36 27 95 32 8 71 82 85 27 36 90 17 8 89 51 18 69 55 20 84 40 83 97 9 64 98 64 30 12 71 52 99 97 98 30 56 68 11 41 46 99 82 63 58 22 65 75 90 71 95 73 10 77 70 18 93 67 34 74 30 4 25 80 100 23 9 56 90 72 48 36 22 29 50 79 2 66 5 91 36 99 15 46 28 36 15 20 3 48 93 84 51 69 64 51 91 24 58 33 47 5 20 20 85 21 98 86 86 3 76 21 53 42 18 80 78 85 51 32 32 43 15 35 12 30 37 54 6 94 86 52 98 57 72 82 77 21 19 62 75 46 35 28 87 52 59 64 
88 10 95 20 52 10 6 15 91 42 21 96 35 58 48 84 15 71 17 91 91 35 5 66 80 39 45 66 42 3 30 30 12 76 1 16 37 6 82 28 47 2 23 33 60 22 16 74 44 32 16 87 66 20 4 97 10 48 62 52 50 43 33 14 19 85 29 55 90 62 34 88 64 9 72 75 82 39 100 26 70 15 64 87 87 67 83 96 14 96 99 15 39 31 28 9 67 8 63 56 70 49 95 85 57 18 59 38 56 10 15 77 24 78 63 10 44 97 6 9 93 56 76 83 39 3 91 5 63 5 13 84 53 7 20 61 77 30 51 32 39 17 9 62 95 23 24 90 20 81 51 64 36 26 46 74 80 88 
79 94 92 91 77 97 49 48 9 25 77 59 9 15 76 17 29 22 39 52 63 10 32 13 25 19 38 22 93 70 9 23 63 53 13 40 1 13 87 9 38 16 20 46 30 95 14 10 68 4 13 30 14 44 43 90 15 32 12 7 1 72 29 16 76 93 7 76 5 45 85 94 60 56 91 42 50 4 51 69 8 64 98 73 59 92 62 73 76 25 31 28 97 11 43 72 55 49 100 12 94 36 5 5 91 96 46 92 51 49 60 10 12 57 82 22 1 96 47 76 20 29 55 68 92 98 92 46 98 43 57 91 78 14 96 68 61 93 11 11 41 70 21 4 78 54 78 78 49 76 5 21 4 60 40 95 9 
31 93 6 73 1 49 2 14 96 21 26 88 31 37 81 100 9 84 30 14 13 59 15 88 64 35 92 75 74 38 83 57 30 40 29 31 88 83 96 83 3 22 23 34 10 3 85 70 38 14 83 3 25 49 90 40 83 33 14 9 71 48 65 52 87 45 34 27 27 30 9 30 3 83 15 12 37 99 33 27 65 15 29 89 16 18 28 98 51 93 58 73 40 22 24 78 19 58 4 97 39 65 78 41 47 92 4 84 43 36 10 7 2 90 47 17 7 26 67 9 18 24 81 57 98 57 86 16 66 90 12 56 54 42 96 52 33 51 87 75 86 48 33 39 37 31 56 96 56 74 4 73 97 37 81 94 
45 67 61 62 56 25 17 61 66 64 12 98 14 99 25 51 98 9 89 35 40 96 30 95 69 85 68 66 73 48 11 17 66 72 78 21 96 94 33 61 57 45 10 22 95 34 72 92 43 61 78 34 56 59 28 25 44 47 42 16 95 52 85 12 23 62 33 70 8 17 30 16 61 40 38 7 25 9 51 19 69 80 52 77 39 80 53 34 26 94 49 72 97 85 84 20 47 68 89 6 84 71 21 97 62 58 55 86 19 5 5 87 85 56 15 23 87 67 56 13 60 56 36 57 93 19 28 91 38 68 96 22 38 68 70 99 26 24 37 96 81 41 82 65 48 49 39 35 15 46 99 75 53 86 83 
45 5 62 35 94 29 30 67 19 98 36 69 75 12 5 22 92 97 55 56 45 3 46 31 18 91 29 44 43 14 26 40 70 39 74 16 67 56 82 37 5 70 6 31 81 10 52 72 7 6 79 3 9 24 33 26 66 13 21 60 78 98 99 48 36 25 15 54 80 96 91 36 65 96 66 97 5 17 68 63 74 98 65 82 73 97 59 38 9 79 50 87 76 100 86 63 24 100 17 55 47 7 90 64 2 7 60 58 75 80 21 49 77 85 82 2 34 93 39 42 71 40 80 99 40 17 13 15 68 29 70 15 35 11 30 88 70 89 46 44 20 66 44 49 2 26 50 35 70 40 29 40 80 60 
90 71 29 55 85 96 83 6 62 70 69 91 57 38 32 2 33 51 19 77 99 73 54 48 59 23 88 87 14 19 99 56 89 27 10 73 74 92 31 36 61 99 78 70 88 9 71 20 60 42 96 10 14 1 58 72 23 97 11 89 15 61 44 3 87 5 27 60 96 57 47 9 55 25 78 94 33 100 14 44 41 61 54 6 62 63 30 36 59 40 76 73 100 19 27 38 23 5 49 71 62 96 31 68 20 60 62 4 11 75 100 4 87 53 9 48 15 38 36 25 29 11 49 80 82 75 17 56 31 66 78 92 13 8 12 84 19 25 87 30 51 86 85 37 90 93 37 56 83 72 80 63 82 
28 43 15 54 59 71 85 76 48 28 40 8 39 23 78 63 62 59 13 99 43 2 41 36 38 96 70 9 76 32 42 55 26 57 9 37 79 93 12 26 72 4 85 11 26 63 25 39 21 90 38 64 91 78 51 28 25 72 36 100 55 29 55 81 37 15 17 15 7 80 93 30 83 77 40 9 91 65 99 12 6 36 27 96 65 29 23 90 100 10 41 54 90 47 86 27 61 2 41 19 82 85 49 64 14 88 24 4 4 23 67 9 10 45 56 27 73 78 68 24 39 60 30 29 7 15 55 67 69 47 86 50 32 34 65 45 73 41 100 29 15 19 89 76 63 45 54 36 22 21 11 61 
81 40 89 87 7 95 5 27 41 90 28 24 75 92 20 48 84 20 28 50 38 16 26 52 60 79 39 82 52 50 94 84 41 34 22 99 28 26 25 68 68 52 44 94 96 63 93 79 34 20 81 23 36 6 75 95 36 13 28 39 14 21 22 55 6 95 53 33 73 30 53 40 81 96 33 28 58 26 7 44 97 39 66 32 44 92 79 31 5 6 70 18 79 43 24 84 38 29 17 62 58 21 1 90 16 85 18 25 62 76 68 59 14 86 90 9 77 68 39 81 26 60 51 4 55 74 39 44 54 7 5 11 27 57 1 94 41 18 19 3 45 86 13 58 23 2 66 100 22 56 32 
99 68 34 2 22 60 92 65 13 99 21 24 77 77 76 71 17 45 89 71 89 26 35 98 49 89 63 100 10 70 31 8 37 65 61 10 24 52 74 88 2 46 11 79 22 38 1 91 34 89 13 22 66 48 71 66 36 85 65 97 55 48 4 91 64 16 53 39 19 26 26 21 24 89 51 45 26 3 87 60 43 100 33 8 47 56 26 34 40 90 30 94 89 33 37 52 100 89 42 18 66 68 90 89 56 92 86 33 94 72 44 36 71 29 96 69 84 21 2 23 62 31 69 51 15 5 54 14 45 96 84 10 15 73 51 22 17 36 6 10 7 50 98 78 30 45 46 13 65 100 
87 26 30 55 28 45 11 34 58 55 81 41 17 95 66 67 16 82 2 73 43 60 22 92 89 3 36 35 15 52 86 54 78 15 8 57 59 71 90 69 25 70 61 41 16 26 59 83 59 60 56 54 72 29 45 60 32 33 46 98 84 31 51 13 46 11 70 4 81 11 72 57 33 33 98 48 10 56 31 21 68 38 74 39 66 70 98 97 2 44 95 38 74 97 2 71 7 23 75 39 34 98 96 18 82 93 65 44 100 47 64 19 36 37 9 2 58 59 98 60 2 44 49 27 41 50 50 99 73 24 38 58 73 33 75 7 77 91 50 28 90 13 47 25 1 55 26 58 13 
76 69 66 71 69 45 63 19 94 62 43 69 51 100 93 35 26 99 11 16 100 38 5 64 36 30 16 43 55 74 55 82 94 73 53 63 69 15 33 62 76 27 82 78 26 74 12 51 25 22 18 24 12 23 88 47 52 3 89 58 28 96 40 74 20 92 88 88 6 20 49 34 46 82 11 23 55 75 25 79 96 42 55 59 16 42 58 67 96 46 77 76 93 16 49 12 59 36 99 64 7 99 49 4 80 12 26 87 86 2 17 33 95 71 92 11 12 49 77 60 46 53 35 91 20 83 54 78 70 5 94 76 3 94 79 35 5 56 73 42 57 89 75 3 60 18 13 23 
18 42 82 15 46 16 5 66 50 59 95 19 63 88 46 17 82 24 3 38 79 75 80 87 64 6 42 75 23 54 97 40 95 79 6 41 46 11 58 48 69 52 66 83 92 12 99 25 87 2 62 18 28 93 56 91 98 97 17 72 51 14 63 97 44 69 89 89 79 46 36 99 50 54 81 93 17 31 17 55 32 30 72 12 23 28 54 72 76 71 44 26 84 58 75 27 26 63 67 56 61 55 6 10 60 38 54 76 69 70 82 52 99 54 63 73 33 17 45 60 87 40 38 22 49 12 100 27 26 66 34 86 20 40 47 79 77 100 6 45 69 88 49 20 93 11 44 
77 79 40 36 17 79 73 38 80 36 37 6 62 3 39 47 74 78 46 53 7 45 10 3 66 49 51 37 41 62 80 69 92 20 57 9 50 29 46 29 17 35 86 78 89 25 76 62 54 21 66 60 18 28 15 35 76 65 23 69 78 54 37 70 73 93 30 75 74 27 55 90 61 41 19 1 17 46 63 22 67 80 34 36 7 48 22 35 12 96 3 42 49 39 63 22 84 92 48 9 18 2 50 31 94 68 31 62 13 45 84 31 25 17 18 83 16 39 17 79 34 19 20 35 10 34 8 45 25 55 53 95 8 2 25 54 21 55 15 33 100 50 16 76 18 33 
10 33 24 79 12 9 49 83 43 58 17 50 54 93 56 6 87 16 7 11 69 79 66 83 12 17 33 79 44 50 11 5 35 86 83 98 95 32 80 89 41 48 91 95 41 46 52 27 61 11 38 81 89 55 64 100 23 48 30 18 49 41 22 35 78 5 32 72 88 12 13 80 11 3 74 51 100 78 78 13 88 67 93 76 73 8 28 95 55 57 12 56 49 85 90 27 41 22 98 28 85 62 60 95 16 85 98 16 62 75 28 49 93 72 25 65 80 4 11 86 60 74 41 9 58 83 35 99 56 84 78 92 98 37 38 13 22 35 28 35 61 7 84 53 79 
60 69 58 63 79 95 74 52 36 82 10 70 68 60 77 4 37 68 1 26 5 13 99 92 93 33 52 99 16 57 29 27 25 38 89 56 33 15 7 20 96 68 89 16 27 65 19 16 84 71 93 40 83 91 31 27 23 83 26 91 91 54 69 67 44 10 22 76 24 29 95 19 48 83 86 27 99 56 42 82 26 34 21 61 76 4 87 50 38 64 92 28 70 61 94 13 70 16 88 93 96 82 63 95 16 49 21 66 56 14 99 82 47 71 94 74 74 80 24 11 44 15 90 65 75 84 77 44 51 64 88 98 97 3 92 64 3 65 29 58 78 27 91 77 
49 84 50 23 16 73 85 11 88 75 75 14 58 51 10 60 14 49 57 62 51 100 25 53 64 53 11 42 31 1 18 79 37 67 53 52 92 38 62 31 12 36 96 21 86 5 80 51 54 88 64 56 39 88 9 3 92 71 96 22 71 13 52 59 31 5 10 74 94 71 4 5 58 100 77 95 56 56 45 61 95 8 17 33 47 25 35 38 47 82 11 17 94 15 28 77 71 37 2 64 60 6 20 69 57 96 64 64 3 8 25 97 68 93 29 14 69 16 4 15 49 14 83 95 80 10 71 50 99 72 13 10 29 32 78 37 27 41 53 29 1 29 77 
68 21 58 33 41 25 36 55 73 2 37 67 33 99 89 83 97 13 95 6 41 79 35 30 57 76 82 38 76 10 14 95 82 23 27 22 47 15 76 72 68 64 38 100 14 79 82 62 91 29 67 31 59 54 12 15 29 93 4 4 54 70 50 87 92 76 8 91 42 35 62 9 51 51 61 64 29 94 26 71 74 44 54 32 97 65 47 77 10 50 32 15 71 81 2 63 57 61 53 50 96 66 11 98 68 71 13 49 16 38 19 90 34 72 21 82 37 19 59 98 21 90 12 91 71 65 53 79 26 57 80 21 74 90 70 42 60 82 42 76 20 60 
65 5 32 37 38 20 56 96 69 76 38 80 66 60 45 19 90 22 27 69 42 1 59 63 94 70 44 35 97 15 94 13 19 77 50 57 48 5 4 16 80 93 48 97 52 44 67 41 65 94 10 58 46 20 20 39 89 63 73 86 30 18 98 48 47 99 56 94 3 12 62 34 4 61 31 8 4 97 48 20 42 9 77 87 80 48 25 69 10 49 6 39 19 55 39 65 54 46 58 8 57 71 94 13 31 24 20 34 72 19 5 14 80 81 52 59 28 29 79 90 77 36 80 95 91 70 11 96 16 69 55 24 91 48 36 22 23 7 7 95 26 
12 60 57 44 11 15 72 39 46 13 68 81 92 62 23 62 25 70 77 93 25 52 35 24 40 56 47 46 15 41 23 78 52 79 21 62 46 92 53 43 56 20 23 48 33 98 9 57 67 37 1 43 40 36 19 79 43 65 77 57 57 99 34 8 30 7 21 27 50 73 69 6 44 43 53 77 40 13 85 59 1 86 53 40 73 71 19 67 35 95 24 43 45 9 50 26 67 23 52 17 47 72 22 91 15 74 19 6 86 3 64 86 40 69 77 12 39 95 79 26 41 54 68 38 14 70 15 81 92 67 97 38 90 70 28 4 43 98 62 80 
1 77 17 92 45 93 56 36 88 34 61 80 39 80 69 4 49 84 36 92 2 84 30 91 53 9 47 47 7 8 26 59 84 42 50 81 35 5 16 74 90 28 5 80 7 74 36 56 57 71 99 58 7 80 48 59 89 46 6 47 53 83 57 89 25 58 69 11 15 84 84 56 11 40 36 17 13 71 24 69 93 75 78 99 54 78 10 94 23 67 92 76 49 48 64 73 6 84 35 72 67 70 27 29 10 62 97 22 84 73 43 29 47 72 79 100 49 88 94 72 54 85 99 3 85 14 27 42 97 62 13 15 31 91 43 40 5 91 14 
88 63 8 68 9 79 47 61 28 86 6 51 40 42 1 94 78 14 72 19 62 85 83 76 16 74 70 7 78 12 72 17 75 79 85 35 58 83 47 37 68 52 39 59 46 39 4 23 52 76 94 65 60 76 40 27 49 61 86 78 72 57 95 98 88 31 33 97 13 79 33 32 83 71 91 80 9 46 2 12 21 95 76 33 23 67 11 23 79 96 1 2 5 95 100 44 25 84 40 89 62 24 20 96 94 10 75 54 56 29 17 28 75 44 12 97 10 23 20 88 70 20 41 26 66 40 69 42 23 60 30 37 83 49 84 28 11 59 
33 18 39 49 97 13 92 9 62 53 83 81 92 4 52 33 82 17 72 50 58 47 62 87 83 44 87 66 72 97 76 4 14 14 53 11 79 96 71 40 49 5 20 40 60 23 72 41 39 96 43 48 42 4 34 24 47 20 41 70 69 17 74 82 82 78 44 60 25 66 51 73 70 22 65 30 44 88 22 34 83 64 81 76 67 66 51 66 86 92 35 6 60 8 39 41 37 83 53 62 100 55 86 22 77 50 3 72 90 24 6 72 88 86 100 6 52 50 71 89 41 6 94 100 65 32 93 54 66 97 15 66 3 52 39 79 2 
41 3 91 64 8 14 3 45 13 9 96 63 31 36 55 36 81 7 53 13 51 6 30 47 20 47 49 71 85 80 24 77 82 66 41 41 32 95 85 44 3 33 58 34 68 13 21 1 71 73 65 21 78 94 67 49 93 67 72 77 98 47 6 79 13 46 71 44 92 56 39 47 88 49 32 7 13 52 7 83 77 71 3 6 17 21 7 9 87 78 37 37 24 42 67 88 39 38 83 31 93 22 77 32 70 8 90 82 11 49 16 39 71 18 45 87 38 51 95 76 80 84 12 55 25 79 43 64 68 77 46 12 98 74 43 19 
81 84 52 43 32 67 82 3 36 78 41 73 80 88 1 59 71 12 13 95 42 7 10 61 84 55 72 33 28 66 4 60 50 7 55 33 26 88 35 61 65 28 34 44 15 34 54 85 97 18 31 91 77 41 51 12 47 23 44 27 40 99 38 89 6 92 74 83 31 8 43 95 87 28 90 1 13 95 85 62 13 16 52 89 8 54 100 54 28 95 32 68 46 70 8 3 13 81 85 44 41 27 90 27 55 32 28 19 26 12 80 90 79 31 78 86 37 29 92 64 76 23 31 21 92 39 23 57 19 7 52 59 85 41 86 
91 24 13 10 50 76 89 39 55 72 69 92 8 49 83 71 24 6 54 44 49 92 66 57 62 24 8 73 9 49 58 99 72 22 8 73 97 49 64 3 72 32 95 79 80 29 1 56 34 6 99 35 49 17 91 11 40 99 83 48 99 92 99 22 65 58 47 13 6 10 16 77 93 62 7 24 90 60 79 76 65 78 10 14 94 52 76 85 2 10 85 52 53 83 74 17 40 20 29 98 81 44 26 73 57 33 96 47 44 75 22 8 4 83 73 49 86 48 33 88 9 17 39 61 99 64 77 91 35 6 88 67 1 13 
39 58 97 87 56 40 13 29 100 68 11 72 16 96 72 48 35 32 17 26 93 67 89 21 57 76 26 96 42 79 61 33 88 9 19 43 1 83 71 100 50 33 23 65 80 94 64 15 26 80 40 70 99 80 90 7 7 68 3 1 98 15 33 85 23 3 79 23 85 1 74 34 85 97 50 64 42 65 30 67 97 21 88 95 1 78 1 59 97 55 59 94 69 91 30 44 93 8 18 29 60 92 14 44 88 63 59 29 28 89 48 24 9 35 70 61 64 70 20 60 25 78 5 45 21 34 88 65 93 6 94 4 97 
59 99 36 22 58 64 1 46 11 76 6 98 45 67 13 14 86 25 90 15 29 87 87 15 74 52 59 31 97 63 79 55 13 14 28 70 30 80 67 92 55 73 89 51 39 54 17 76 78 6 42 58 92 29 24 18 32 83 100 80 97 79 86 9 44 14 31 73 45 97 65 100 69 5 50 59 58 66 34 35 24 28 45 67 8 68 36 39 2 36 18 98 66 3 59 9 68 89 82 65 85 98 64 6 2 65 64 60 83 50 46 58 77 42 76 84 10 12 22 11 47 91 61 64 45 71 72 65 59 5 29 95 
2 44 100 56 60 64 67 42 13 64 51 41 6 27 24 67 38 97 29 36 87 89 51 83 59 22 47 69 79 27 64 32 70 63 39 30 78 5 23 42 69 26 82 26 52 5 92 41 1 20 28 39 61 78 74 71 51 72 40 81 99 55 13 68 69 3 49 47 8 24 88 28 49 22 53 100 26 96 92 79 67 71 69 27 48 42 98 50 14 37 31 12 91 95 31 59 97 32 57 56 55 97 35 3 18 87 54 95 34 45 73 1 15 94 27 14 35 76 15 100 64 45 63 54 91 94 65 40 25 73 47 
31 69 82 33 38 20 86 33 54 82 57 6 96 50 84 61 85 60 75 84 23 72 47 29 14 92 45 53 68 17 52 98 38 33 30 75 4 67 59 57 48 16 14 95 65 98 55 1 57 29 37 31 100 35 11 14 26 55 18 45 24 69 42 61 53 23 87 57 41 46 65 88 61 79 82 77 76 88 78 84 16 14 66 68 48 77 33 25 31 50 69 54 71 62 66 23 84 53 31 24 50 96 63 10 26 96 86 53 83 63 88 50 28 53 17 75 29 49 99 12 51 67 17 21 80 35 95 63 87 78 
38 88 73 52 97 50 47 34 2 29 49 89 79 76 41 47 3 22 96 53 85 98 72 53 70 51 87 16 66 25 93 3 12 17 55 60 66 53 94 67 34 94 55 64 69 48 10 23 21 57 76 5 54 47 9 23 49 96 39 14 72 31 17 84 100 23 43 65 27 88 84 60 81 38 23 2 37 33 76 57 89 51 13 95 49 22 17 98 69 7 11 40 90 79 75 89 53 18 5 80 57 88 39 90 78 62 43 14 46 18 23 34 21 35 80 21 8 97 18 76 55 81 16 44 59 90 84 12 59 
89 91 68 76 81 57 53 42 51 19 87 68 41 73 40 27 52 61 35 100 78 10 55 10 77 50 69 67 34 32 77 74 74 44 49 54 52 54 48 2 24 86 22 64 10 61 90 14 21 76 65 51 86 71 60 62 21 80 80 6 63 57 79 88 100 79 94 4 32 93 5 55 78 78 70 40 39 12 5 11 87 69 13 72 40 25 86 12 56 65 17 19 21 95 58 73 73 51 76 57 43 32 63 73 62 33 64 100 44 68 62 30 36 75 54 27 99 39 38 54 3 6 24 76 52 82 100 25 
32 27 33 27 58 95 51 19 27 14 70 22 33 32 4 68 58 57 47 8 95 36 61 49 42 37 76 93 18 75 69 1 1 1 79 11 48 29 29 26 94 51 48 26 34 51 46 91 59 92 98 5 27 10 53 20 46 81 13 15 55 33 16 56 34 46 66 33 75 46 58 68 48 5 94 81 7 39 23 65 82 72 69 8 34 74 80 79 54 92 46 60 24 61 15 9 6 32 93 32 78 51 100 77 55 45 58 14 35 32 30 16 4 51 75 89 24 54 67 29 45 12 88 21 24 55 81 
82 86 74 65 15 76 16 92 82 60 1 95 46 32 25 61 87 75 36 75 50 89 94 30 86 57 17 58 33 23 90 66 9 63 30 23 38 46 66 20 57 66 66 3 98 90 15 36 16 50 11 17 39 56 46 76 12 15 33 44 37 22 61 97 37 91 72 26 88 37 45 96 3 63 98 52 4 13 87 20 14 49 88 4 56 34 79 68 100 11 63 88 85 24 85 21 66 8 98 53 44 43 48 98 57 98 1 60 10 40 31 75 88 19 79 96 4 57 63 3 20 77 42 56 100 78 
76 65 85 73 69 81 67 17 78 23 14 79 35 75 18 65 49 57 83 79 52 86 36 66 40 7 43 82 62 94 59 89 59 96 13 27 76 80 95 53 54 60 83 88 86 100 53 87 9 87 65 60 73 52 26 64 58 20 45 19 13 56 7 23 3 20 2 78 51 96 82 56 8 17 96 93 68 100 79 76 86 96 88 10 47 65 74 5 84 70 75 96 77 82 19 79 53 20 8 3 67 42 10 74 58 5 19 25 4 49 53 42 44 40 51 43 56 76 47 39 98 73 86 74 54 
56 5 6 27 64 60 46 57 70 19 66 26 89 43 82 38 95 23 33 86 25 27 41 53 25 31 50 98 68 75 51 24 31 9 2 47 20 47 3 41 18 69 67 6 11 100 95 57 22 80 42 98 6 34 50 31 64 99 28 31 26 30 6 56 38 60 2 10 6 57 50 75 25 68 33 87 67 27 43 40 58 84 38 64 69 39 46 32 90 73 14 15 54 72 70 44 83 24 53 88 32 54 15 56 22 47 94 40 73 36 80 83 71 69 46 39 7 43 22 96 15 87 10 20 
10 32 63 92 7 15 32 38 69 46 45 42 92 38 81 16 25 12 98 47 80 95 37 87 37 58 82 3 96 44 23 6 75 85 97 33 52 28 70 72 73 66 13 16 3 45 32 79 57 29 25 88 24 61 74 60 70 8 63 17 51 37 74 77 21 71 61 72 50 30 43 75 95 7 90 49 4 21 79 60 2 3 47 25 15 73 36 36 32 50 4 34 86 78 62 7 100 22 30 49 3 25 75 49 83 17 97 86 37 27 97 90 29 96 14 95 68 50 82 51 99 85 84 
37 14 45 43 13 66 24 62 68 48 88 16 83 4 64 68 93 90 65 82 70 60 96 16 79 97 49 29 47 85 64 83 99 8 77 11 25 1 24 44 100 12 11 82 15 26 2 7 67 66 41 36 77 36 3 7 84 51 87 82 35 50 17 33 9 93 44 33 45 19 28 97 30 38 30 97 63 31 55 29 48 95 16 24 82 70 30 65 20 16 99 6 17 15 91 25 7 86 57 4 4 84 52 86 73 81 82 35 12 36 15 11 31 82 35 64 3 16 29 74 84 79 
80 52 93 22 77 51 7 85 54 10 69 57 95 93 38 28 80 1 64 94 11 46 28 97 9 30 65 89 4 100 67 35 51 11 56 27 62 62 12 67 23 32 24 70 24 13 49 55 13 64 1 75 9 28 24 70 9 40 10 64 39 29 98 41 91 5 20 52 18 83 71 93 66 94 14 89 58 62 96 22 26 96 96 86 23 71 7 83 10 69 47 100 49 96 93 39 1 12 91 70 94 13 62 59 6 75 99 63 37 94 84 14 89 31 99 63 54 58 98 15 26 
44 15 74 91 59 12 43 70 54 13 15 66 74 73 23 1 23 37 89 69 72 2 9 3 52 72 8 9 21 22 34 64 88 7 6 46 71 49 15 24 13 81 42 86 5 64 38 28 53 26 48 24 79 56 78 31 79 85 39 99 7 25 14 46 83 20 92 53 68 58 29 80 39 70 17 43 85 7 22 37 32 69 13 63 77 90 93 55 75 83 54 33 59 67 78 42 38 69 46 57 79 74 88 17 95 57 11 80 63 33 68 46 53 80 8 29 70 52 36 96 
87 89 80 45 7 57 38 45 78 84 53 56 57 41 24 52 97 34 83 11 18 2 56 23 34 16 51 3 67 86 50 5 26 29 50 85 37 87 81 66 70 33 73 79 73 96 82 21 82 64 31 51 17 87 73 50 54 76 4 20 61 53 25 39 33 26 23 22 64 3 87 34 87 60 64 12 7 45 32 88 60 63 39 76 1 63 26 54 38 29 25 51 34 1 89 18 26 63 39 42 17 26 27 3 37 90 14 43 34 46 83 93 60 73 20 12 35 45 17 
25 26 93 75 11 94 63 28 71 77 67 12 93 44 38 47 32 79 61 74 12 58 8 56 69 32 76 32 67 20 48 43 97 40 17 7 85 31 35 56 7 53 19 51 48 57 97 79 35 9 4 99 18 12 54 86 43 81 69 61 53 16 3 49 8 71 56 92 1 42 99 59 94 18 9 41 26 58 71 12 66 74 10 36 85 16 73 80 96 42 92 48 9 47 97 68 17 4 12 18 45 10 76 90 79 37 82 4 94 52 16 11 25 77 98 62 92 71 
93 88 12 84 87 72 30 35 40 47 38 3 16 34 12 91 75 43 27 56 46 72 59 13 35 84 90 32 97 33 2 89 72 65 72 59 89 2 93 80 100 83 82 15 68 93 57 43 87 36 98 33 7 57 97 93 92 86 25 88 71 78 76 42 95 99 52 83 52 97 62 51 79 43 17 46 87 74 88 74 9 38 58 67 46 54 12 89 92 36 76 62 65 3 55 59 53 7 41 5 3 2 7 33 96 24 78 83 49 18 8 9 7 65 27 52 18 
38 40 9 25 67 22 90 21 77 48 73 83 41 29 37 42 36 69 90 11 98 72 59 67 79 19 25 95 45 76 12 83 67 73 7 85 46 48 5 22 96 30 56 36 58 44 29 93 64 18 55 62 41 13 80 71 83 5 65 28 32 29 62 51 1 20 35 46 68 92 20 15 21 27 2 78 71 82 23 34 52 77 47 92 42 27 15 24 83 79 51 14 7 64 64 59 84 51 57 51 42 76 17 62 54 18 39 24 99 13 58 50 90 56 94 31 
82 8 6 16 38 57 30 97 20 45 7 55 95 63 5 36 90 73 97 44 90 88 19 41 100 28 90 41 84 35 23 17 94 29 33 84 85 14 80 56 58 38 63 5 1 19 40 42 92 89 37 81 28 56 21 79 83 63 20 66 49 42 35 43 22 67 78 58 32 57 14 41 94 28 45 46 46 37 88 37 25 24 70 52 31 90 82 14 4 1 31 5 95 65 99 16 83 76 74 66 32 39 7 77 66 51 75 11 87 14 100 63 89 69 66 
20 10 48 85 14 100 67 70 46 84 68 14 66 43 39 84 26 77 90 2 94 92 28 56 31 41 55 93 30 23 59 1 33 58 85 98 57 51 67 55 34 34 68 52 28 6 35 53 34 76 6 79 67 34 34 97 74 41 90 55 15 100 55 99 9 91 96 17 42 14 71 27 99 90 78 26 95 64 78 80 39 36 58 6 69 44 54 94 36 95 49 50 94 55 49 2 46 96 19 87 10 41 13 60 31 43 86 77 6 15 57 45 50 66 
2 70 61 55 64 96 50 12 46 95 18 94 97 63 89 67 1 50 7 14 10 89 8 47 66 13 13 22 9 15 39 10 84 100 17 99 95 66 62 92 12 80 85 60 42 26 26 43 27 85 8 88 73 15 34 38 27 99 11 88 65 50 97 48 1 13 99 47 30 60 39 42 39 23 53 33 100 31 27 27 15 34 14 39 48 100 29 26 50 39 65 14 40 62 13 92 26 11 39 8 71 77 1 61 51 53 93 3 83 19 29 49 4 
94 88 3 45 16 81 94 6 45 59 98 58 72 89 84 82 27 43 4 55 43 17 6 47 9 8 30 80 88 30 35 33 17 38 30 84 70 75 42 14 34 39 72 5 79 7 38 58 49 94 12 43 10 69 89 70 28 70 1 67 52 36 100 20 73 29 4 42 55 97 7 88 35 30 44 65 36 82 22 36 27 86 78 36 54 19 5 34 40 6 100 43 41 51 63 65 31 18 58 86 14 16 73 100 46 69 64 81 50 38 69 76 
23 98 63 28 16 67 61 8 24 13 2 16 15 64 32 46 81 41 83 94 57 7 93 2 75 9 34 24 46 2 51 68 100 65 47 67 32 60 26 7 72 28 23 86 43 6 83 24 47 65 69 3 72 14 56 46 22 41 22 19 95 24 38 46 89 84 64 72 43 90 78 66 69 52 52 11 10 86 86 56 51 55 10 74 20 17 71 41 57 92 59 3 68 48 48 56 31 12 79 74 53 8 39 21 60 42 83 69 28 21 76 
30 75 85 55 94 53 25 86 9 17 96 12 84 43 11 91 73 22 69 98 74 76 89 46 87 82 81 7 61 1 34 90 27 18 44 72 70 69 57 31 37 52 94 72 46 4 62 70 78 82 68 3 9 8 1 96 89 81 54 50 33 88 91 59 57 87 30 79 7 38 9 43 41 54 66 86 9 79 55 38 60 74 41 20 81 93 67 70 73 21 71 57 60 61 15 16 47 96 94 53 33 54 47 73 59 12 58 68 42 64 
5 53 38 97 73 70 89 39 91 13 11 61 69 70 22 35 86 20 30 31 25 14 37 71 86 95 35 95 14 28 59 19 81 48 67 53 17 8 91 8 20 2 20 41 23 93 27 8 13 57 91 89 22 27 11 8 73 45 2 87 73 12 57 5 11 23 57 28 30 99 87 2 52 6 94 75 51 20 34 63 28 76 3 50 2 13 57 27 58 10 13 82 74 69 86 84 43 94 63 73 92 49 26 96 7 19 22 57 90 
55 71 18 83 73 67 36 85 75 62 94 36 74 27 61 42 64 45 85 9 59 9 53 60 86 48 66 4 69 74 45 75 96 62 57 68 80 93 4 6 54 50 94 80 28 54 73 92 50 9 100 9 17 52 68 54 51 85 57 71 58 54 46 53 15 54 72 47 46 27 52 52 28 45 83 56 99 55 99 48 64 50 8 32 54 75 86 4 59 94 75 16 47 72 20 14 25 43 60 23 70 11 26 97 8 8 4 58 
14 2 57 77 52 65 9 5 39 46 60 50 39 86 17 86 57 37 99 34 31 10 8 52 72 33 1 79 92 4 88 5 58 45 34 9 61 94 65 99 39 76 100 77 62 17 14 70 5 64 3 35 25 10 87 97 94 87 75 37 42 63 94 99 59 27 7 19 20 23 69 58 99 69 86 12 85 52 81 41 67 36 75 92 97 13 88 43 51 14 79 93 28 72 91 86 98 50 56 69 24 25 78 74 93 16 85 
29 67 18 21 85 53 47 76 49 60 15 91 10 81 22 54 8 93 45 46 43 46 1 63 69 25 41 43 69 56 27 49 74 96 69 58 48 68 86 49 27 100 39 88 32 12 42 40 5 38 37 99 83 37 61 51 14 1 45 34 8 24 83 81 19 3 91 67 70 76 15 48 27 5 88 59 17 29 50 73 18 86 71 100 22 83 2 87 36 47 21 43 70 55 76 88 9 66 6 31 93 20 78 19 77 65 
29 45 45 78 17 62 15 39 13 89 21 15 75 8 61 95 3 82 1 78 69 10 95 75 40 87 46 69 57 22 86 86 66 82 15 34 96 30 72 8 18 45 22 44 52 34 39 54 15 91 83 36 100 77 62 91 63 7 12 72 81 97 9 46 78 23 32 73 4 3 33 73 99 54 17 3 40 7 8 6 97 91 41 49 67 2 39 82 9 2 53 89 98 61 86 28 35 17 52 91 72 84 63 70 90 
31 72 29 89 80 86 38 22 27 86 40 28 76 73 88 78 77 28 27 89 66 6 24 82 58 14 5 93 28 27 34 11 50 14 99 81 100 36 2 26 73 42 5 1 14 93 78 91 72 56 79 37 62 54 71 71 19 75 63 99 1 97 9 51 10 7 83 61 95 85 86 67 78 91 67 43 35 96 85 6 4 16 43 65 69 13 35 40 39 49 38 92 97 46 42 59 4 76 19 98 60 5 17 89 
47 35 32 33 83 16 38 86 31 32 2 52 96 36 91 35 36 28 26 33 25 19 43 80 94 61 78 54 17 46 42 15 32 25 47 14 41 37 99 23 68 100 74 64 87 16 98 75 95 23 59 19 93 1 99 86 13 28 91 82 25 85 96 56 9 95 70 1 31 20 76 98 72 1 61 10 17 10 84 11 84 94 82 76 94 32 62 59 11 4 40 35 88 87 42 97 81 63 49 11 35 24 9 
6 25 21 67 93 31 3 3 66 96 36 42 42 67 55 52 29 58 91 15 46 29 57 94 10 71 94 72 5 18 32 62 94 53 81 86 35 83 40 100 30 76 93 71 94 47 22 23 57 64 89 54 45 45 99 54 68 92 25 72 61 57 86 54 61 66 91 47 100 31 46 29 58 91 52 51 89 25 25 45 89 14 50 33 10 48 38 77 40 14 1 100 22 38 6 82 3 48 28 54 78 26 
82 35 16 33 38 56 58 14 1 98 27 2 82 89 50 71 17 41 84 17 92 6 54 97 39 8 45 67 61 74 44 95 61 11 27 98 66 36 63 18 33 90 20 66 30 69 36 46 9 72 63 52 77 68 49 15 28 45 33 40 70 76 34 30 86 13 79 4 48 42 21 33 83 40 98 12 60 86 57 20 57 71 72 33 91 72 99 18 16 84 9 37 11 43 67 49 7 97 52 54 90 
72 38 72 12 36 35 23 73 44 43 29 14 14 13 56 85 63 25 52 46 34 88 9 28 6 57 34 3 8 39 92 31 77 16 94 64 50 17 36 93 59 64 59 72 28 14 8 90 39 59 88 24 46 96 51 4 4 36 6 63 74 49 93 50 64 39 13 66 55 48 10 65 63 68 88 90 34 95 32 24 53 19 99 50 66 1 53 21 36 10 83 9 59 27 11 74 65 75 91 19 
75 1 83 37 20 70 79 5 16 62 28 20 32 78 22 97 78 26 69 13 36 51 74 46 29 84 19 94 58 62 64 32 62 99 21 81 20 51 38 36 12 17 7 43 95 28 91 72 54 59 85 89 9 10 86 89 93 56 82 2 17 98 86 78 96 58 11 15 8 48 2 19 64 9 61 58 36 51 82 41 61 18 29 21 27 66 9 71 22 91 72 38 88 9 16 35 66 78 49 
25 77 3 43 40 11 55 50 98 57 31 39 17 48 19 37 26 37 46 96 58 88 19 95 27 28 62 61 45 91 9 70 67 63 64 59 25 71 8 75 27 90 13 96 89 83 84 14 19 29 61 28 68 79 23 94 58 36 54 3 27 15 24 93 77 39 51 2 9 10 76 88 99 40 83 39 74 66 4 45 47 64 72 14 43 46 8 52 82 61 6 60 75 29 52 4 20 55 
5 28 64 32 15 15 23 97 5 96 15 9 92 61 24 64 74 18 61 33 70 94 94 75 53 20 56 57 23 75 63 27 54 26 10 69 92 32 17 49 28 31 9 71 43 32 34 69 50 47 1 19 40 94 45 45 66 100 1 88 26 63 67 80 40 76 48 84 8 16 32 87 99 40 9 41 23 43 61 72 41 62 90 80 7 87 24 72 86 76 12 12 90 78 91 30 5 
90 65 64 5 96 50 55 87 59 96 9 53 8 33 45 69 74 76 76 60 52 99 46 27 10 9 17 39 99 98 44 40 62 7 96 9 9 51 95 19 98 55 23 5 87 67 74 61 42 1 72 93 51 17 72 61 25 88 99 75 85 94 66 98 1 62 6 9 12 52 27 9 58 49 13 97 15 38 9 8 90 80 1 41 97 24 53 73 11 3 100 47 97 65 44 97 
26 49 5 37 52 31 97 9 31 62 5 97 99 13 4 89 93 56 81 41 79 33 65 41 35 64 87 31 29 82 27 6 82 83 95 33 13 91 94 95 4 98 91 3 63 47 43 7 54 23 47 33 55 11 25 41 75 12 72 55 45 98 60 27 81 6 11 45 49 4 92 52 54 34 54 16 80 48 22 34 22 68 18 76 30 42 69 56 5 40 62 50 89 74 28 
21 79 38 18 27 94 9 79 47 42 84 62 74 32 35 59 53 54 76 81 83 69 49 39 74 40 100 75 28 73 54 49 4 43 18 30 36 26 8 82 19 44 95 92 75 29 50 79 34 25 11 17 46 59 7 71 50 58 45 78 83 50 78 86 92 95 15 28 72 75 61 90 18 8 82 44 88 83 74 22 60 85 38 5 95 96 75 45 53 71 74 35 20 3 
72 63 49 39 42 20 13 3 61 82 62 42 77 49 77 50 22 36 86 11 40 81 6 66 25 11 36 50 45 7 52 69 69 100 7 63 71 71 17 31 52 78 25 80 78 1 81 100 36 67 10 27 47 68 92 23 78 79 72 74 37 75 42 57 26 48 19 96 18 35 78 21 12 2 52 42 54 33 41 41 99 2 67 97 69 10 19 46 88 42 20 24 16 
61 81 41 61 99 88 30 86 65 3 97 19 54 38 24 86 30 65 36 32 83 32 100 93 2 46 80 43 17 56 58 77 88 50 89 38 37 19 23 54 21 72 24 26 61 47 12 91 11 99 22 94 83 73 38 84 18 17 27 86 24 36 63 11 86 3 49 74 21 23 79 93 94 2 19 55 49 82 45 11 80 18 4 62 90 41 98 60 10 24 45 85 
59 59 96 96 62 96 22 34 18 100 79 64 54 97 18 2 30 62 12 61 31 68 75 20 60 72 79 69 95 76 6 5 34 53 53 47 48 26 81 17 77 11 80 30 59 49 31 88 10 95 48 40 62 22 12 21 45 42 42 39 17 47 96 51 99 100 49 98 25 81 66 1 91 98 31 49 46 13 88 8 7 36 99 20 9 62 93 54 4 34 44 
20 32 39 22 82 90 71 31 14 3 48 15 94 45 97 42 43 9 30 2 16 17 52 87 77 14 79 82 17 64 26 88 95 16 62 28 6 84 58 71 86 58 37 79 2 33 73 96 42 54 97 9 22 49 47 98 14 26 80 82 89 57 69 36 24 82 15 29 65 25 52 3 82 88 81 35 21 5 31 14 58 79 74 31 79 20 29 92 97 60 
73 38 16 94 73 39 75 39 20 92 63 71 94 44 10 26 79 30 31 61 95 40 39 20 71 70 40 51 61 88 62 86 25 77 31 49 67 57 88 38 48 50 60 93 46 70 71 76 51 53 36 46 92 26 65 14 95 56 16 8 44 77 93 20 5 75 69 72 31 56 61 31 57 21 23 2 42 45 77 92 97 64 37 89 90 54 54 36 9 
70 43 4 46 87 24 51 61 92 74 44 99 86 74 7 6 48 61 47 93 37 91 89 53 27 29 42 80 83 29 41 4 72 44 1 58 19 51 71 62 76 14 60 62 39 19 19 86 79 18 78 67 8 19 19 86 47 12 18 81 41 58 84 64 53 85 73 24 87 43 85 15 8 97 76 46 15 46 84 93 63 13 59 22 31 30 8 30 
41 77 10 33 86 46 96 90 82 69 13 20 63 98 34 23 46 61 20 60 59 3 4 21 16 14 95 98 43 54 27 36 30 89 20 67 34 16 56 67 36 69 86 50 18 72 24 15 32 44 74 90 46 29 63 13 42 9 11 37 62 37 24 43 77 43 9 62 10 16 28 45 36 66 47 5 37 70 19 68 13 92 10 11 72 24 23 
14 32 33 2 45 22 25 87 98 67 47 60 77 62 39 73 50 4 71 54 40 93 73 60 5 16 21 67 88 44 90 53 27 22 54 71 95 30 9 93 96 55 4 24 68 42 49 69 46 19 23 37 11 95 48 68 62 68 34 49 11 75 53 89 49 58 59 43 87 67 87 35 73 90 10 93 84 58 61 81 29 35 17 91 29 65 
10 43 84 44 43 47 70 96 35 18 5 94 61 92 12 47 78 37 89 87 29 72 97 41 4 77 76 20 67 56 36 77 98 72 72 41 18 93 88 52 11 92 97 71 35 61 69 64 97 9 51 77 32 99 17 35 75 44 7 93 100 42 21 49 13 44 41 82 37 80 34 47 72 82 69 58 42 89 22 38 50 24 14 81 74 
83 16 100 26 74 92 25 67 65 26 32 8 66 13 96 46 98 42 69 80 62 78 21 51 99 11 52 74 76 32 47 58 99 46 84 72 90 8 39 54 85 22 13 51 34 9 48 32 2 16 63 64 93 35 66 44 97 17 69 73 100 16 30 99 13 13 22 54 73 12 59 57 33 72 59 19 32 6 2 33 73 64 48 18 
50 13 13 47 81 81 19 81 48 48 31 13 13 52 66 85 16 25 93 48 48 52 18 79 9 19 63 82 82 11 51 32 23 63 78 56 43 48 36 43 95 18 55 59 21 20 95 36 96 88 36 95 91 53 25 51 72 88 32 53 50 34 36 24 96 65 79 91 12 66 33 59 83 87 17 4 58 12 39 6 51 26 52 
93 79 77 43 50 16 27 54 65 60 42 88 8 6 67 98 70 84 30 80 67 68 96 22 25 59 12 82 61 38 34 53 16 62 48 17 77 74 22 41 85 15 80 92 21 46 89 42 30 70 21 48 37 68 69 14 79 80 95 91 69 80 44 84 41 43 52 17 68 26 9 52 40 89 44 12 86 84 53 67 54 25 
14 42 45 34 55 23 66 2 13 34 33 8 70 74 2 21 42 69 98 3 21 38 91 16 49 76 99 54 95 4 30 60 46 74 94 52 48 59 5 61 92 38 20 61 11 22 34 4 90 31 6 62 20 48 77 69 76 28 74 70 31 3 29 28 77 22 80 24 32 36 36 24 73 8 36 35 29 69 39 70 52 
96 32 71 44 60 91 19 39 64 88 70 19 68 49 95 90 80 70 73 16 6 96 88 65 84 23 93 4 13 14 55 8 97 78 51 9 68 21 47 84 8 68 2 28 17 48 17 48 17 89 63 74 37 3 38 72 77 82 75 89 96 82 48 44 59 99 52 78 71 99 61 31 66 62 58 34 9 26 82 78 
66 44 51 2 98 41 73 74 22 100 62 69 81 10 13 39 60 64 16 30 14 29 60 32 90 69 65 51 94 98 28 60 94 30 13 91 70 38 65 92 37 78 12 17 39 24 7 98 40 74 80 5 2 91 36 44 60 53 94 5 50 73 64 43 2 29 34 24 66 50 67 54 27 78 70 66 54 28 15 
93 1 94 49 3 37 85 46 48 37 91 52 38 63 68 81 16 96 14 39 61 15 5 66 41 83 87 6 36 14 73 80 66 66 80 68 54 64 65 1 52 55 53 90 69 20 22 85 15 87 75 27 1 80 92 41 14 30 99 1 43 71 32 8 88 11 28 42 75 44 42 78 99 46 19 19 65 40 
55 31 26 30 9 26 61 52 67 74 81 17 74 75 87 5 83 26 15 62 67 41 5 61 71 55 6 89 74 23 29 80 53 6 61 14 32 21 65 50 94 98 66 19 72 4 75 6 29 42 67 48 82 24 8 4 78 13 93 3 87 73 83 40 78 43 5 61 64 69 10 9 18 27 80 42 82 
54 47 63 95 66 10 29 89 69 32 66 33 76 69 20 100 3 59 78 45 15 38 60 35 100 21 53 26 100 94 8 53 92 70 100 57 31 28 97 99 11 63 31 87 83 50 86 85 60 15 81 74 5 93 9 4 13 13 81 64 6 88 16 97 9 15 6 91 94 2 89 5 16 72 43 98 
21 80 34 33 47 67 58 51 11 66 54 75 78 34 38 35 74 53 84 34 20 41 25 65 42 65 69 10 36 63 59 9 95 45 93 41 11 50 43 73 68 48 47 45 33 84 32 6 88 67 92 59 7 68 24 48 32 44 9 20 7 68 28 53 12 72 45 74 21 87 46 88 34 44 85 
66 27 16 24 66 82 15 25 40 82 48 87 65 43 96 84 1 15 63 53 26 34 97 99 55 83 96 94 16 39 78 34 17 45 57 82 78 71 58 17 4 5 56 68 100 3 52 100 17 66 53 42 100 1 92 6 36 87 99 3 25 29 36 41 25 92 74 3 62 32 71 17 88 26 
85 87 80 88 87 96 53 91 89 4 43 32 9 78 70 60 81 94 40 16 86 64 8 60 18 21 43 89 38 30 66 74 17 98 61 55 45 65 97 86 69 39 17 29 17 87 40 49 32 79 64 18 95 23 29 64 44 71 4 33 52 22 58 20 19 70 74 63 34 22 48 54 61 
65 35 29 3 74 77 34 5 92 3 99 15 31 14 10 53 18 94 57 39 51 76 57 72 2 19 57 23 67 11 35 83 45 15 85 70 91 70 74 83 73 24 97 55 38 58 60 55 51 16 45 53 91 1 24 44 71 80 19 89 90 53 23 86 68 7 8 10 77 81 92 1 
57 40 55 46 49 14 52 99 29 96 51 72 48 74 15 18 6 33 7 95 38 29 33 5 88 40 14 16 72 58 16 80 49 70 25 98 84 28 48 64 23 99 35 70 24 2 40 29 34 46 76 23 26 60 79 65 51 93 32 74 2 47 54 2 69 30 51 4 58 99 67 
80 97 54 2 72 55 41 53 40 38 28 63 15 87 41 32 89 85 63 62 38 10 15 40 30 45 90 33 54 88 99 85 36 52 86 60 58 78 12 98 15 91 12 30 29 4 13 17 89 75 78 78 36 45 17 65 89 59 97 94 98 48 78 86 51 64 45 9 93 8 
58 8 98 21 89 26 24 1 94 12 75 71 90 11 15 58 27 55 68 24 48 66 23 78 51 73 93 47 33 85 6 42 92 3 62 32 80 86 32 73 49 59 95 90 21 10 48 47 16 15 22 64 32 44 93 34 69 85 80 53 69 85 47 13 39 8 44 70 45 
28 42 46 38 89 35 58 98 34 56 13 1 78 28 32 73 20 66 93 56 97 98 25 34 44 37 24 51 32 94 48 11 87 93 48 75 79 57 24 13 13 89 13 42 16 96 66 88 61 59 43 10 56 19 95 99 7 18 1 91 63 100 1 50 92 49 76 71 
5 100 35 17 88 47 10 55 42 76 94 55 34 89 16 41 7 10 91 66 79 91 56 42 43 56 43 34 56 18 56 61 17 42 29 56 88 39 11 82 14 56 36 99 44 51 39 3 12 29 68 90 71 75 83 13 30 25 99 86 43 6 98 11 48 26 67 
35 16 29 68 29 84 3 79 80 5 17 82 16 97 1 58 68 75 40 80 56 65 30 93 59 36 42 69 83 68 35 69 35 15 37 16 99 91 94 30 96 63 63 63 59 63 72 78 89 12 58 96 28 39 41 86 74 82 54 8 1 41 77 36 55 65 
51 5 55 96 34 50 58 96 65 69 10 36 46 50 99 55 98 26 94 38 63 67 19 17 75 72 9 3 7 63 67 9 68 21 4 53 23 14 49 39 82 10 26 27 12 25 82 9 2 27 46 65 93 16 33 19 87 41 73 45 3 91 53 22 64 
9 75 38 22 75 76 3 36 1 81 47 77 14 55 79 40 52 43 85 68 75 55 54 15 80 51 69 70 3 91 33 11 17 70 84 43 97 38 78 50 19 25 26 84 79 4 24 31 46 60 50 72 14 55 38 93 5 7 15 60 49 47 22 17 
69 6 59 65 43 36 14 13 60 92 49 91 95 24 73 93 83 74 64 48 28 54 93 33 12 7 44 60 5 65 28 73 70 86 90 65 73 55 29 85 46 77 75 41 100 99 85 34 72 100 82 51 53 26 35 64 32 78 75 88 43 2 61 
64 87 2 28 60 56 9 44 2 37 70 94 37 20 78 22 43 77 55 93 82 80 28 45 63 5 20 51 47 73 63 63 60 16 90 71 71 50 66 24 87 87 69 75 6 98 96 48 75 3 40 56 82 19 52 97 24 23 99 22 96 13 
84 55 28 26 77 50 27 94 74 13 80 42 87 37 92 35 36 66 37 27 73 70 46 76 66 21 99 16 42 94 28 78 100 55 55 28 5 81 21 30 46 100 23 32 88 14 18 23 31 54 49 55 76 94 31 41 66 29 9 8 74 
36 37 73 43 43 100 99 75 72 28 20 71 2 52 10 68 21 32 98 75 32 53 50 78 35 42 43 15 2 2 88 38 90 12 32 32 63 30 7 34 9 26 56 62 29 65 29 50 48 27 76 31 31 77 8 17 70 51 31 72 
52 70 61 94 33 92 25 47 73 83 80 81 9 87 94 89 3 23 90 2 49 17 32 31 93 40 47 15 42 29 86 45 50 46 38 82 89 63 28 61 45 59 93 5 97 86 46 99 60 35 100 60 52 83 90 96 22 88 10 
63 16 47 8 17 44 45 50 84 59 77 44 56 87 88 12 83 26 57 33 85 44 84 45 47 67 86 42 40 74 4 3 41 50 62 58 46 58 7 29 17 36 25 24 74 64 35 9 89 44 93 26 87 77 22 33 95 7 
26 34 32 29 88 25 31 49 34 76 59 92 56 27 79 80 50 53 44 36 13 84 79 5 9 65 33 82 49 27 41 75 13 72 55 100 48 85 1 81 12 11 73 20 37 51 99 86 55 94 73 67 78 52 24 38 68 
56 20 17 35 60 91 47 31 97 98 31 34 50 11 97 60 83 16 96 86 15 33 40 8 6 59 37 57 82 75 24 37 94 92 71 53 34 69 35 31 67 65 64 16 28 60 76 10 76 23 47 42 56 39 1 13 
97 38 69 78 12 44 66 57 88 37 61 21 57 95 51 23 12 66 91 39 26 18 100 53 40 47 46 47 85 98 59 33 35 79 10 98 75 75 6 62 63 66 82 20 61 85 94 24 50 36 62 27 53 13 31 
45 11 76 91 95 26 2 27 12 80 88 10 54 15 15 15 77 81 49 48 93 33 42 68 82 77 29 61 82 93 91 26 4 19 68 50 44 21 29 55 1 16 16 6 30 83 73 59 15 21 6 59 5 99 
26 86 28 6 98 61 98 89 38 53 7 5 3 2 78 31 8 78 98 76 35 28 10 7 38 76 79 95 34 35 46 11 73 25 68 70 85 65 58 22 70 16 78 72 69 55 54 77 84 51 4 19 30 
13 77 67 40 8 62 73 42 7 35 14 83 2 84 67 18 93 40 87 61 17 10 29 72 63 57 7 14 60 77 43 24 54 62 63 13 23 87 6 81 73 20 63 74 55 81 44 99 20 82 59 36 
92 88 59 6 96 18 19 56 94 14 31 99 75 94 11 49 32 69 81 5 88 95 78 94 75 73 92 94 55 3 81 98 90 92 55 85 9 26 92 2 39 23 53 65 68 15 13 99 83 45 3 
22 39 33 15 13 57 59 58 63 61 38 60 2 81 15 38 89 40 82 43 30 56 47 94 23 61 58 73 44 2 76 65 40 60 32 4 16 90 61 79 2 50 90 55 31 56 44 71 47 77 
13 76 32 59 21 6 20 30 79 15 31 6 79 22 65 10 25 32 51 37 62 4 87 52 58 17 7 54 87 54 30 52 81 14 62 2 19 33 83 97 47 14 2 26 87 66 87 64 50 
90 100 11 93 86 62 3 54 21 56 41 26 37 44 6 50 5 59 69 38 42 65 84 7 19 61 45 84 100 8 85 89 60 96 81 97 57 35 51 29 42 43 54 79 86 60 80 90 
70 48 27 11 65 63 69 83 75 14 18 26 21 3 14 32 98 47 29 6 81 79 35 23 21 40 53 6 51 32 47 21 32 26 83 48 40 52 30 14 17 99 40 89 53 5 21 
2 51 49 8 84 79 94 58 99 33 10 56 36 93 2 56 24 79 38 23 18 41 4 32 57 3 23 46 7 27 18 9 30 66 68 13 44 61 22 94 45 31 1 80 75 54 
87 51 33 77 73 50 17 77 33 26 31 55 23 37 34 40 45 15 5 12 79 100 24 100 93 21 30 45 52 56 98 39 6 30 15 79 80 83 55 12 60 85 19 82 73 
4 21 18 18 77 29 96 28 5 95 72 25 76 16 76 31 14 14 37 43 80 67 74 15 73 38 74 57 56 56 29 59 28 98 28 57 79 75 36 83 69 8 59 96 
75 34 78 88 100 66 83 31 32 56 45 56 93 19 64 100 26 93 58 5 42 37 13 20 11 49 54 31 8 12 78 82 46 56 70 45 73 4 27 57 59 72 12 
4 42 76 3 67 20 13 23 61 49 36 33 60 36 86 42 43 98 20 76 43 27 97 39 51 100 65 7 59 88 71 62 29 46 16 47 17 28 70 29 77 57 
61 88 92 47 81 86 96 100 61 90 78 58 80 29 9 44 35 67 84 5 80 12 2 48 59 18 75 80 99 3 36 59 90 27 57 71 64 52 22 24 41 
100 33 20 28 42 16 14 60 99 71 92 62 24 39 72 94 13 51 92 16 86 50 57 64 59 79 27 10 53 3 3 52 87 74 31 28 89 96 40 39 
18 31 53 42 21 24 35 85 27 26 100 12 27 9 28 37 87 54 99 91 8 1 42 95 26 24 22 15 72 13 5 89 95 9 30 15 85 16 100 
11 93 51 74 72 59 1 8 98 55 6 88 62 58 82 8 84 57 30 50 28 94 6 69 89 67 98 3 51 66 54 61 58 5 34 29 15 35 
89 12 41 46 52 54 56 85 62 39 41 43 40 21 36 97 89 24 63 38 79 13 3 32 25 13 36 59 41 51 45 81 14 85 27 17 90 
82 1 51 72 94 93 63 14 29 11 54 4 74 91 34 38 46 66 63 58 53 73 50 3 17 31 69 53 9 85 42 90 86 93 13 79 
37 27 44 17 37 97 73 10 39 6 100 84 71 62 93 24 86 43 78 2 73 46 6 81 83 99 22 20 91 86 50 80 12 93 96 
48 41 68 10 31 74 61 15 96 74 7 71 59 1 49 12 73 46 17 5 28 15 78 47 58 63 96 89 26 40 84 26 32 4 
87 63 29 47 77 76 20 35 47 78 88 95 41 60 40 57 17 20 23 94 18 32 9 66 20 34 5 56 59 37 11 45 99 
39 43 27 14 62 13 60 91 100 6 31 12 98 39 80 17 14 73 86 45 33 51 17 67 8 72 77 96 82 74 46 72 
16 72 37 78 36 49 20 88 54 51 51 51 41 30 19 54 54 57 99 87 7 67 53 66 90 81 61 23 54 6 94 
70 29 82 99 65 30 18 4 84 20 54 86 61 83 57 14 36 65 64 74 71 30 26 37 19 7 49 41 60 55 
86 81 83 68 79 47 97 97 2 32 16 55 70 76 89 26 42 77 90 5 50 12 35 28 100 53 86 49 94 
97 3 79 78 37 98 8 36 95 4 37 26 72 44 47 99 84 72 40 12 13 45 62 77 31 41 28 83 
78 28 28 74 82 59 3 19 56 11 54 2 66 42 80 89 85 26 40 69 50 79 80 14 75 93 42 
5 85 70 40 62 49 19 88 31 29 42 1 37 4 54 38 22 47 69 10 32 95 1 52 96 32 
83 9 6 28 51 63 12 72 54 26 20 24 65 2 53 6 2 89 62 7 78 83 54 47 44 
37 93 45 88 88 76 22 48 33 49 50 47 61 21 100 38 93 76 2 46 28 59 100 68 
20 58 97 2 11 95 98 99 39 42 38 26 69 60 26 1 8 75 48 68 96 99 57 
40 74 58 85 53 69 36 72 40 94 21 94 56 15 91 55 54 32 92 31 52 51 
56 52 59 31 51 78 78 50 87 69 75 96 5 80 64 41 3 4 34 23 97 
89 38 39 95 43 22 87 25 73 89 33 24 99 63 75 29 92 76 15 60 
2 62 64 33 26 56 36 81 89 58 29 30 47 67 24 41 40 62 66 
12 51 50 35 1 12 61 81 55 88 47 66 42 9 81 74 86 37 
61 18 25 71 46 6 69 64 30 10 3 91 27 66 93 76 100 
46 39 13 26 45 52 73 10 45 33 90 19 18 26 31 35 
3 1 32 8 70 47 89 31 1 32 57 66 76 84 17 
21 22 29 99 18 33 23 27 77 55 68 47 24 46 
78 58 48 78 41 7 99 87 48 29 87 79 37 
52 6 20 68 79 93 49 77 10 33 51 36 
9 57 4 8 80 49 37 89 48 14 29 
6 65 67 53 93 5 83 30 8 89 
1 27 67 94 27 95 3 59 45 
91 20 1 46 27 32 46 63 
20 45 28 100 50 44 18 
3 37 22 37 18 81 
25 18 7 91 63 
34 85 18 44 
81 8 63 
33 5 
41 
