120 3
8 38 23 16 47 85 15 35 33 48 15 82 92 3 36 7 64 67 100 58 30 64 30 6 34 78 47 2 56 64 22 63 54 96 78 100 80 44 34 12 92 100 45 83 2 80 41 17 46 40 26 27 3 7 85 88 85 31 90 40 46 11 55 99 6 84 99 37 28 84 100 19 84 45 53 37 76 93 54 22 33 79 100 87 86 84 75 22 66 16 61 12 78 67 10 35 3 60 71 30 44 22 100 79 18 4 15 94 48 20 67 32 51 66 71 36 2 97 9 
67 12 21 78 89 88 40 23 90 99 45 71 94 66 22 24 36 77 39 29 24 10 47 8 60 64 78 47 65 74 55 84 37 76 61 25 15 52 99 56 3 43 26 96 60 99 20 95 27 10 75 2 71 21 9 31 37 86 77 1 11 32 84 99 59 97 23 73 48 73 28 50 15 5 98 27 3 69 73 81 30 48 82 100 20 91 30 56 28 59 9 91 90 92 89 48 40 64 72 40 36 99 41 3 3 38 29 57 58 1 37 87 100 18 39 20 60 68 
27 40 78 35 30 67 79 70 66 70 33 37 9 21 87 50 23 89 39 51 45 97 3 33 83 3 3 73 74 62 41 52 1 70 39 82 37 69 4 54 38 36 43 47 56 29 48 30 70 86 80 14 82 35 99 17 89 1 89 62 62 81 65 15 51 3 48 39 71 51 44 61 39 38 7 46 19 6 76 88 91 7 53 25 41 51 93 29 51 33 42 65 14 59 31 16 61 78 6 84 81 1 44 19 39 2 64 57 7 91 96 49 98 48 73 90 51 
17 19 1 50 12 17 15 70 47 82 83 77 87 66 9 87 61 27 77 14 42 85 72 33 80 20 82 80 45 71 30 61 41 82 62 53 51 76 74 49 57 56 77 95 73 85 34 85 63 10 98 57 47 69 89 78 41 22 57 37 92 38 49 33 72 11 37 22 38 10 70 95 18 47 41 90 31 74 75 94 36 24 50 82 45 90 59 85 63 68 73 54 5 73 38 76 83 26 97 73 36 19 19 53 65 59 94 47 33 68 92 68 44 93 49 88 
82 59 24 96 26 96 2 83 68 39 10 3 17 7 75 4 77 93 8 41 3 1 39 35 21 31 54 64 23 54 3 57 13 26 52 90 73 53 24 40 44 34 94 60 92 20 63 68 64 22 60 67 22 98 53 94 28 7 57 51 60 59 7 24 36 10 66 8 63 89 48 6 22 93 17 65 13 79 32 76 52 91 94 73 41 47 67 68 5 75 70 16 86 28 92 21 38 57 29 52 97 28 57 71 72 73 35 84 3 19 12 54 9 57 78 
1 55 96 69 59 71 90 75 8 70 66 80 7 74 60 58 70 87 66 92 11 90 27 46 44 45 9 49 5 66 26 58 20 74 26 79 96 67 5 3 36 22 82 94 95 42 3 16 80 68 60 42 9 38 88 52 34 96 100 38 61 78 95 33 51 72 11 46 91 67 48 26 88 81 72 34 74 74 1 6 42 60 47 50 49 86 54 82 82 53 72 94 82 66 26 32 90 88 77 32 54 76 57 93 9 80 78 34 54 79 91 95 90 90 
96 39 75 49 72 56 54 43 2 35 61 27 19 50 15 47 81 20 75 89 13 83 69 90 68 74 20 59 20 62 48 15 52 74 16 23 82 21 66 83 7 26 9 25 27 23 72 59 43 46 99 7 80 19 48 47 92 68 57 11 81 4 78 32 30 45 6 11 65 23 93 71 48 1 48 26 76 71 84 70 68 35 76 47 53 23 45 45 42 2 7 22 57 84 5 86 28 63 48 44 85 40 67 85 41 66 10 68 36 46 37 3 80 
64 1 32 86 97 28 80 98 35 53 7 70 10 44 50 72 92 93 8 83 11 92 75 76 2 42 11 47 30 65 26 93 17 9 31 14 37 10 63 71 62 21 92 23 17 41 94 8 34 54 90 96 45 65 72 46 58 34 44 88 51 21 80 67 30 10 32 66 71 95 88 85 67 79 7 83 20 53 90 5 6 32 100 50 48 71 48 57 57 91 44 7 12 76 73 41 37 57 58 8 51 45 92 69 23 50 52 42 54 93 46 59 
76 98 61 23 68 60 32 24 2 75 82 13 2 55 5 39 63 14 98 13 58 41 33 81 90 84 74 44 77 72 54 4 69 66 79 88 25 10 64 27 36 45 91 38 51 48 28 13 61 25 77 19 65 10 51 6 93 24 1 21 47 55 25 15 20 3 3 97 64 66 23 99 10 13 36 61 60 63 25 21 87 2 91 3 11 41 9 55 16 61 28 15 15 4 29 87 6 83 83 21 100 57 19 10 69 7 22 29 69 98 1 
8 99 91 62 9 83 70 16 50 31 43 64 97 46 45 35 3 27 69 23 27 25 41 88 94 47 61 74 68 58 74 27 57 16 88 17 98 10 32 47 92 74 63 40 71 7 75 73 33 95 95 11 20 88 98 65 86 10 90 53 20 63 79 28 78 19 44 27 28 28 73 19 53 35 10 24 41 84 96 26 31 43 36 2 82 86 66 67 47 55 72 66 69 2 93 46 20 89 72 47 16 96 17 20 83 27 43 75 62 91 
52 44 85 40 45 66 77 10 84 23 16 55 41 84 57 85 81 76 73 4 75 40 52 43 12 34 21 6 60 35 96 12 78 32 51 23 49 27 84 33 1 100 87 93 35 95 78 16 71 2 71 97 42 22 39 53 7 12 58 19 46 6 30 23 89 32 97 38 10 81 22 62 32 60 55 66 55 32 33 25 33 56 73 26 29 11 30 36 22 40 6 19 97 35 94 85 18 90 74 79 22 95 40 53 55 94 71 61 77 
3 85 10 58 57 87 87 19 17 74 93 56 79 11 52 65 56 88 34 46 62 12 67 8 51 72 14 97 42 74 73 44 10 34 54 18 21 92 89 89 65 81 96 95 43 99 11 99 86 44 44 99 55 62 59 57 33 72 53 26 98 78 70 7 63 75 77 83 66 65 23 82 45 18 28 39 16 38 37 2 81 32 52 87 46 10 43 30 82 48 56 79 77 77 37 39 51 13 74 68 29 96 49 73 14 28 64 81 
65 100 82 97 84 86 83 29 95 77 58 28 76 13 6 52 89 95 43 91 59 16 58 88 63 58 12 76 37 75 57 1 27 90 97 10 75 31 38 22 60 95 49 35 60 7 39 100 1 81 43 11 48 100 98 10 10 10 38 98 36 94 99 62 35 47 71 62 30 8 83 89 55 83 75 66 89 13 65 41 45 7 52 92 59 1 54 20 62 91 17 98 36 67 59 70 14 82 83 95 41 17 83 95 100 57 12 
40 22 77 81 18 35 32 62 45 84 15 64 46 5 33 43 40 99 53 61 64 34 96 58 75 12 92 21 63 1 33 55 74 61 35 91 47 18 52 92 1 66 7 46 22 39 88 13 90 93 74 53 26 21 63 52 84 54 25 47 6 9 1 79 69 87 70 67 4 73 58 56 91 65 54 12 55 93 25 44 85 50 49 63 70 11 14 53 16 38 51 74 98 3 52 66 41 73 33 96 46 42 52 88 6 5 
99 13 97 75 56 34 76 56 96 97 66 61 50 34 99 52 7 48 7 10 66 47 83 50 43 80 91 46 67 49 2 17 61 50 44 68 83 19 24 30 16 41 91 17 26 41 20 84 88 26 94 53 25 28 2 19 7 93 16 25 41 17 93 53 18 36 20 53 55 43 82 70 36 72 38 61 12 57 45 100 83 38 52 59 17 6 77 75 98 92 99 90 60 91 94 77 79 13 29 33 8 11 54 43 34 
91 55 46 47 99 97 81 88 100 39 4 5 15 78 2 58 28 43 17 71 36 46 49 1 74 33 60 36 86 54 70 76 8 67 74 59 63 55 46 14 93 2 19 60 31 72 69 59 15 86 81 2 31 29 54 56 13 13 92 98 66 13 25 26 79 98 84 93 4 29 6 49 30 24 8 13 48 76 71 14 13 3 15 95 83 69 51 95 33 94 92 99 6 68 24 36 17 59 28 21 87 33 69 69 
9 28 81 56 55 3 69 20 5 35 14 87 55 16 33 88 9 24 86 14 43 61 49 59 19 28 79 57 61 99 77 21 78 9 28 33 11 48 4 67 82 17 5 89 33 37 76 41 12 13 7 54 73 7 13 43 35 43 51 47 42 28 67 71 36 46 3 99 93 58 65 26 75 22 14 59 58 41 51 70 53 57 75 77 16 39 19 50 82 22 96 75 49 14 45 36 59 100 86 3 57 3 80 
83 24 46 41 81 86 44 2 91 52 29 67 67 67 38 16 100 59 63 74 59 76 71 46 86 70 32 40 78 34 72 61 9 17 53 41 54 96 95 44 100 23 11 66 89 100 34 89 58 96 14 68 24 84 13 9 53 96 1 31 81 72 43 89 88 95 82 93 43 76 37 42 98 99 59 38 50 92 78 7 88 92 26 11 27 90 71 32 86 71 14 18 94 56 7 33 2 88 26 44 15 14 
37 12 64 96 1 13 87 79 71 26 22 96 36 48 85 59 79 22 81 92 40 75 99 98 7 1 37 32 96 51 97 33 14 60 80 66 72 18 44 42 44 17 89 31 17 26 89 47 99 70 91 90 96 89 87 2 89 75 86 37 25 82 69 90 42 100 56 65 17 51 59 60 20 99 43 36 24 31 82 75 52 72 64 99 13 51 1 1 77 86 89 54 19 57 43 12 8 50 77 25 53 
87 36 72 85 78 59 61 61 92 35 64 16 98 63 28 100 15 80 77 52 69 30 70 77 24 82 85 26 10 61 78 48 96 49 32 26 59 92 86 50 26 1 65 76 63 92 75 77 72 3 80 40 32 50 16 8 83 52 33 44 12 10 91 8 10 22 85 68 66 22 69 43 22 34 18 37 25 45 65 48 47 45 39 31 46 55 38 28 6 22 71 70 31 13 29 92 34 13 11 51 
34 79 94 7 64 63 95 41 7 60 88 54 4 27 84 1 33 73 28 90 94 50 59 76 62 87 67 47 51 29 98 36 59 43 43 23 5 37 63 12 48 2 65 3 80 100 3 12 72 30 54 65 31 12 40 92 51 58 39 1 86 88 37 44 30 31 18 34 67 80 97 15 82 13 17 61 12 20 25 83 1 78 99 32 41 90 75 91 47 65 44 84 52 32 80 33 62 97 67 
80 77 15 46 10 28 15 22 39 86 46 74 86 23 72 69 16 14 44 6 12 8 1 96 12 32 27 44 93 23 62 25 51 77 70 60 4 84 82 42 69 79 67 7 54 91 75 69 4 18 74 15 78 27 62 89 58 88 32 51 11 94 27 61 22 96 73 25 80 6 18 100 84 85 6 89 75 81 57 78 50 83 44 79 9 6 67 66 93 51 68 55 96 94 68 17 90 40 
93 21 97 10 20 32 94 78 21 68 58 77 97 59 11 41 38 19 98 56 37 42 58 4 97 5 50 16 73 91 7 65 11 3 75 82 34 20 59 6 40 68 83 36 27 45 28 16 64 77 23 52 19 81 7 15 85 56 82 58 98 88 74 60 90 48 42 75 20 52 81 59 72 15 46 98 59 26 65 74 2 87 25 20 67 84 86 4 39 67 13 37 54 86 48 43 86 
89 70 5 93 50 15 64 64 60 13 74 85 77 100 87 15 24 6 34 59 44 37 98 10 1 86 64 86 33 58 23 74 27 27 18 28 41 33 43 53 45 17 37 73 68 75 39 91 33 72 2 76 60 99 85 60 36 100 98 20 10 20 45 88 99 14 16 91 46 58 95 42 26 84 66 93 58 5 36 90 28 37 17 40 87 2 51 74 53 48 45 62 20 42 50 70 
55 65 12 53 74 7 94 52 90 12 96 99 68 83 41 95 71 57 34 9 10 85 82 63 84 79 24 55 20 73 76 74 89 88 78 15 46 72 18 87 35 13 37 2 48 77 48 18 34 34 27 95 70 60 57 53 38 81 60 57 5 87 83 46 74 60 12 71 83 29 9 17 93 46 70 40 22 18 58 7 51 36 2 20 95 58 24 85 90 35 41 47 22 75 44 
47 35 55 18 17 83 78 86 75 23 55 67 45 72 24 3 74 11 56 45 57 14 21 41 55 55 82 53 28 56 96 75 42 50 44 59 84 21 96 11 96 50 77 92 74 52 94 99 62 50 44 18 15 16 59 21 22 92 74 50 99 21 76 41 23 71 51 6 43 46 68 38 47 44 29 20 95 75 19 8 76 14 26 90 29 36 10 50 79 35 51 77 56 26 
17 30 48 19 87 91 64 55 80 11 50 9 82 97 35 52 4 10 65 81 99 45 68 60 95 46 47 97 23 54 75 91 83 22 10 69 64 25 23 44 87 73 4 69 69 38 72 24 47 37 5 97 81 72 8 27 18 54 76 92 59 50 82 41 71 43 10 35 68 84 30 6 8 33 26 76 22 98 52 20 86 8 68 18 79 75 45 48 81 20 91 39 21 
73 32 91 15 41 77 34 76 6 40 84 90 65 11 11 62 62 30 99 69 97 17 100 24 61 99 56 32 90 46 52 14 77 94 28 69 23 14 45 80 5 28 70 69 38 32 83 52 14 81 20 62 97 71 85 9 70 40 92 59 86 95 24 14 41 3 83 63 16 27 94 20 6 15 41 95 47 23 46 60 55 18 73 4 88 58 12 9 49 56 19 86 
50 42 100 90 45 34 4 60 12 98 32 17 12 72 63 10 46 9 21 100 78 94 3 65 3 67 26 51 22 44 89 23 86 40 13 30 73 68 41 84 17 72 52 81 95 14 90 40 74 63 92 51 8 46 68 10 12 93 12 85 88 100 8 73 91 72 54 63 91 47 98 8 70 49 88 17 15 29 56 40 91 99 91 50 45 10 59 8 54 23 93 
41 74 52 66 65 75 71 27 65 69 77 24 91 77 63 7 91 92 62 31 34 61 73 84 57 34 94 64 87 16 8 79 90 11 96 54 37 19 32 2 39 60 77 29 37 40 35 79 83 49 9 68 61 33 3 17 66 49 80 4 64 40 35 5 50 82 10 87 52 94 40 91 53 68 19 89 59 54 68 93 2 28 61 62 13 15 30 30 63 61 
34 79 100 20 83 2 53 93 40 5 86 31 95 90 50 65 31 9 18 98 1 71 77 13 84 41 28 13 71 90 74 56 68 25 75 51 78 27 95 69 83 32 99 77 21 49 42 51 9 11 100 9 34 29 22 17 69 49 82 39 90 7 94 58 83 20 60 61 99 6 29 81 37 80 10 9 80 3 12 88 65 63 96 98 91 69 67 12 69 
48 50 59 6 96 16 88 67 27 100 17 32 29 98 20 60 59 80 39 13 91 78 77 54 73 27 96 94 93 7 62 92 9 20 97 56 87 36 22 13 36 91 96 16 88 15 75 98 95 65 62 37 42 38 90 66 16 38 59 60 96 21 51 56 40 99 11 27 35 85 91 70 75 87 85 14 1 11 63 47 75 24 84 16 13 25 33 29 
62 92 88 10 12 91 65 3 89 28 81 23 12 72 44 38 10 28 3 62 38 65 9 64 40 44 31 52 68 64 32 82 7 72 91 18 14 55 72 2 82 5 77 45 28 20 34 37 100 36 98 89 100 58 53 39 1 35 43 21 50 26 2 56 49 92 25 62 98 97 16 32 1 44 76 80 63 10 16 14 45 65 3 97 75 7 87 
75 41 81 95 91 59 48 46 7 39 23 21 89 19 88 20 71 31 95 50 45 56 17 59 53 33 13 1 7 19 87 34 11 68 80 53 78 28 51 84 18 73 56 6 43 43 25 65 25 72 14 70 79 82 80 31 14 92 31 21 10 70 6 72 89 85 25 66 12 27 1 82 99 57 87 93 99 64 57 76 87 22 45 65 3 24 
48 68 15 30 40 76 99 45 99 87 30 23 4 93 1 5 26 99 61 13 91 11 28 99 86 14 20 82 30 22 5 77 42 71 59 81 98 57 78 97 96 59 71 99 3 72 3 29 22 15 41 65 78 20 63 63 33 83 45 14 56 1 91 49 72 49 30 69 57 59 17 4 17 88 3 19 59 57 47 80 24 39 44 1 58 
59 63 42 93 59 56 48 12 98 97 35 98 78 55 6 36 72 10 52 59 12 22 17 20 69 48 43 59 44 43 69 2 58 10 94 68 17 93 31 14 41 65 63 18 20 69 5 91 78 8 49 41 30 17 12 50 16 55 8 59 49 76 12 58 38 57 78 54 2 8 20 42 73 82 12 92 2 16 34 31 24 34 71 5 
2 83 54 17 89 13 28 89 89 39 47 78 48 24 31 49 83 50 90 55 84 53 98 37 69 31 68 44 16 38 48 17 72 1 34 12 13 61 1 53 51 99 30 98 22 13 98 56 14 40 11 97 92 60 86 12 43 53 55 58 90 54 75 14 6 60 25 71 72 77 23 74 75 5 72 48 17 21 4 30 60 14 79 
52 73 64 15 15 16 22 25 57 75 51 22 81 10 99 51 33 75 25 6 50 29 29 97 97 50 100 79 9 65 57 12 90 72 27 56 39 48 80 95 74 30 69 6 91 67 56 23 41 33 81 90 13 9 39 10 58 38 40 19 55 96 82 44 19 60 99 57 59 31 3 33 60 71 38 3 89 46 77 30 78 57 
71 42 18 9 3 75 99 42 45 53 37 27 48 7 86 46 63 97 28 18 29 88 88 18 42 77 63 18 58 92 27 28 86 44 89 88 70 39 30 15 43 18 93 90 25 30 87 39 26 15 56 6 54 96 24 47 24 38 64 81 82 90 60 67 85 100 54 55 38 35 69 80 53 61 21 77 42 60 67 68 26 
23 73 31 18 48 77 41 86 40 73 67 82 32 85 66 32 90 72 21 25 40 53 77 52 73 5 94 84 71 13 9 93 37 39 62 85 67 2 70 7 74 88 40 58 24 57 89 13 29 61 37 20 13 13 72 86 69 17 21 40 81 30 84 17 20 46 1 87 47 22 45 73 61 36 82 84 44 70 97 72 
30 85 44 95 98 67 80 18 83 52 57 15 33 41 31 5 86 32 91 84 5 87 8 66 74 89 1 17 10 49 89 92 34 32 86 83 98 17 100 32 68 57 46 1 49 28 5 34 11 47 69 16 85 77 33 58 17 33 74 27 82 14 18 15 97 55 49 46 71 48 29 90 4 26 90 52 54 46 37 
64 44 58 31 28 34 63 85 50 48 11 28 81 24 97 47 73 51 95 18 21 42 47 11 98 72 52 1 77 98 38 41 93 95 71 21 80 86 57 81 85 67 9 65 43 5 11 15 8 5 32 28 46 30 90 95 54 42 96 30 91 85 22 83 31 45 55 10 82 12 42 66 78 50 30 20 7 40 
86 14 96 70 93 93 99 35 88 4 28 83 86 70 67 59 52 97 3 59 58 84 70 99 1 99 1 30 71 59 21 56 24 68 25 68 61 76 2 48 79 29 82 16 98 48 75 2 96 77 60 5 13 81 55 65 79 55 47 1 65 19 57 88 87 33 56 47 8 57 46 39 38 27 6 35 26 
80 36 21 9 47 25 73 27 31 37 58 86 83 10 2 2 18 90 40 51 97 86 10 5 83 100 42 9 6 29 34 37 16 6 45 63 82 17 41 12 6 98 49 88 60 51 41 77 92 80 27 40 17 89 96 99 88 90 59 45 18 44 82 33 49 26 47 82 95 88 46 100 37 94 39 96 
96 80 73 39 11 51 78 28 39 26 78 79 15 37 23 84 80 4 68 81 82 15 62 76 54 59 27 90 53 17 38 100 48 10 39 59 12 68 38 3 93 15 81 59 3 55 42 83 11 10 15 92 76 28 19 29 87 97 70 91 13 7 90 61 16 80 19 80 100 8 82 44 22 62 3 
77 16 96 59 26 57 25 69 32 52 39 12 38 35 82 28 48 88 70 8 56 49 78 35 48 85 68 44 58 81 46 34 96 93 44 74 50 68 94 33 20 33 97 57 67 78 37 14 17 6 73 24 6 50 10 6 34 77 49 44 57 46 77 5 38 21 30 39 88 23 24 59 55 20 
68 74 49 4 87 17 61 12 41 66 61 50 71 47 79 19 90 35 64 66 91 54 38 20 92 78 43 15 36 49 86 55 22 86 58 61 3 70 72 43 36 32 44 58 78 22 29 19 9 44 85 99 97 74 19 41 51 13 7 39 61 93 93 83 78 3 43 32 72 66 26 59 97 
70 69 27 43 97 45 51 92 81 2 41 55 20 81 5 32 87 43 44 31 88 78 61 90 72 92 61 37 18 72 34 39 40 12 81 88 56 84 79 89 85 19 43 56 99 99 39 38 94 82 20 81 60 80 70 31 24 82 68 93 53 53 31 92 64 63 79 71 46 10 59 82 
28 1 37 79 52 75 68 45 57 87 25 68 19 94 98 94 75 17 86 80 69 68 23 84 30 54 55 28 63 13 61 42 66 98 20 17 24 39 61 32 26 37 99 96 30 49 89 56 17 26 87 86 93 10 21 74 63 75 53 25 40 14 66 5 63 38 73 86 28 33 70 
53 69 68 100 50 68 40 57 85 65 44 70 9 53 42 35 67 17 87 43 56 52 8 12 66 97 84 4 25 68 73 29 88 92 81 37 60 20 45 44 85 40 65 45 44 6 79 10 74 18 52 29 69 12 92 87 60 75 90 84 94 62 65 81 53 45 69 64 16 14 
7 52 53 71 97 97 77 75 58 50 92 10 31 13 73 74 99 32 1 40 68 94 53 84 75 57 28 95 21 95 60 27 47 13 50 43 61 78 69 70 79 61 79 9 25 3 35 75 35 35 14 2 28 66 85 54 22 64 49 94 58 8 73 56 72 22 98 84 99 
67 54 77 79 84 38 3 87 72 77 73 6 42 26 85 59 62 39 80 77 39 26 86 98 98 42 70 19 39 5 69 57 58 45 35 94 34 89 32 5 17 4 62 10 29 99 68 90 89 100 18 27 25 3 76 22 44 45 92 35 2 60 91 11 56 78 4 90 
18 35 46 35 90 60 96 18 58 64 59 46 63 76 24 87 31 99 60 74 96 51 8 97 62 99 7 17 28 63 6 45 49 52 31 39 63 27 8 20 90 19 17 52 46 92 90 76 90 49 50 85 51 9 33 12 7 92 28 86 54 86 31 54 89 61 92 
51 87 52 22 28 70 38 31 67 29 20 43 70 20 44 7 70 52 39 81 11 82 61 96 87 46 26 41 34 39 84 84 77 35 5 5 56 94 35 23 74 7 17 43 26 12 49 96 15 40 28 25 21 88 73 8 33 50 48 18 88 83 1 17 18 57 
21 25 2 7 99 75 13 15 18 91 78 18 86 93 57 13 17 30 53 41 37 37 91 36 55 78 18 7 94 87 16 66 12 17 25 10 44 89 77 61 79 54 30 16 46 87 81 15 68 33 55 4 21 45 39 27 75 8 34 20 95 1 86 6 69 
62 15 12 50 91 24 81 97 54 96 42 92 76 56 59 60 11 14 81 55 4 7 29 11 92 49 5 92 86 62 13 99 29 24 100 71 100 80 67 53 76 9 96 3 16 54 63 26 67 43 33 22 49 13 32 93 13 89 36 98 2 48 48 30 
24 48 53 23 27 19 75 54 79 22 57 95 27 19 72 45 13 4 66 13 17 97 5 29 37 93 79 39 40 26 20 15 25 72 37 52 91 63 57 21 84 65 15 10 35 87 54 47 42 19 12 58 68 16 39 56 60 69 94 100 46 14 14 
71 37 3 74 27 65 82 100 1 47 14 62 81 100 16 28 42 86 39 51 5 6 41 61 66 9 6 17 7 71 82 29 8 84 2 86 1 83 85 1 81 99 14 62 50 29 41 43 67 31 46 71 88 86 83 5 47 89 21 5 59 55 
33 66 90 86 4 90 20 88 42 1 38 56 14 88 36 54 82 54 36 27 25 23 65 59 28 63 47 100 67 58 6 99 23 96 36 78 37 55 66 31 7 3 38 20 42 73 73 76 79 8 2 55 83 18 13 62 80 60 61 98 17 
67 48 91 14 83 69 50 38 86 80 44 40 69 16 82 94 88 57 72 48 10 26 82 28 38 43 59 49 55 57 65 73 4 8 86 87 28 88 76 13 19 71 52 88 86 85 81 26 93 52 25 3 77 6 82 66 48 40 15 54 
48 31 27 52 38 64 90 17 51 17 29 22 87 33 9 25 69 41 50 62 92 74 64 20 31 97 85 30 88 99 83 36 30 61 39 19 25 80 36 27 96 16 48 34 100 8 10 69 48 11 30 91 84 45 62 66 93 47 95 
80 97 78 67 78 38 5 49 14 36 84 93 83 51 40 17 51 100 78 19 99 89 100 90 72 96 3 90 88 49 84 67 98 61 34 27 51 90 75 16 26 58 8 8 61 100 76 11 99 54 81 49 42 80 90 65 27 93 
54 14 93 90 80 90 2 65 17 52 55 91 68 32 1 27 91 61 26 67 23 76 72 3 25 65 34 14 29 60 6 35 73 99 24 4 40 25 69 56 29 75 99 48 6 51 74 96 11 100 14 33 75 85 87 99 49 
20 65 30 31 70 16 55 68 39 58 8 15 78 15 43 52 65 90 9 15 64 57 77 15 70 9 89 7 47 40 7 18 4 88 48 25 3 2 45 41 12 4 56 89 18 50 93 35 40 1 49 55 57 26 69 79 
86 9 37 33 100 95 50 55 83 50 80 85 3 24 78 66 27 85 55 96 86 99 30 25 99 79 31 8 56 99 38 41 60 74 25 59 68 27 66 2 76 45 39 30 68 16 96 46 52 2 41 37 100 71 14 
50 1 44 9 56 95 46 48 6 19 73 16 87 99 81 40 26 25 78 55 44 93 2 89 96 55 82 85 6 4 50 8 4 45 16 11 91 62 58 96 80 30 12 18 28 92 58 5 69 35 12 12 80 13 
53 27 20 34 63 77 37 12 84 40 57 100 2 47 13 59 95 92 89 6 62 68 49 71 73 17 57 36 29 88 100 81 15 19 66 77 96 2 41 31 93 49 82 94 47 94 4 41 38 44 98 99 12 
47 21 36 63 77 71 43 65 70 75 79 41 40 7 88 41 99 70 85 47 52 78 94 45 82 86 82 25 84 32 88 82 52 75 96 29 97 39 93 19 13 23 11 5 81 98 45 80 67 30 26 18 
59 71 15 92 57 48 69 92 80 56 73 31 83 68 11 79 58 3 97 23 77 7 27 58 56 23 89 75 4 66 44 63 37 58 6 45 6 74 88 37 82 60 67 64 79 30 94 37 32 43 11 
61 1 37 70 57 59 58 83 63 23 26 77 11 36 34 55 93 8 42 29 89 53 47 4 32 76 97 20 60 39 30 20 40 18 89 48 28 98 82 42 20 7 18 31 94 4 37 86 11 31 
66 51 83 13 54 66 40 2 37 99 93 18 70 84 35 10 83 63 7 64 4 79 70 74 61 64 77 97 1 39 79 67 89 62 79 94 79 18 47 16 69 91 33 38 74 20 48 56 82 
6 19 37 84 41 62 96 56 90 45 8 28 23 74 68 84 4 13 63 74 60 30 42 2 62 79 76 81 78 83 14 84 54 3 19 46 64 15 1 6 11 8 33 33 34 53 69 37 
65 83 10 76 12 51 78 25 82 5 58 11 87 71 46 40 25 65 85 89 31 37 94 41 97 78 25 30 30 93 66 47 75 28 74 38 30 51 63 11 7 20 22 94 42 67 33 
67 83 70 7 65 6 52 57 54 29 82 83 11 74 1 9 1 80 82 38 9 85 52 20 91 23 93 84 65 11 69 83 46 90 89 10 47 40 67 1 20 48 35 82 73 87 
90 25 66 24 15 75 8 66 46 50 41 90 86 5 100 6 87 45 95 27 7 93 18 73 93 89 72 80 71 96 66 12 73 84 87 87 58 46 4 55 96 44 44 81 100 
43 38 38 40 32 64 46 24 33 18 69 22 41 100 44 88 65 7 60 48 94 46 57 91 2 11 86 45 54 18 97 49 55 34 88 38 50 85 14 82 54 34 55 94 
33 50 81 97 57 41 97 2 38 5 92 39 16 30 36 21 99 32 21 54 17 60 43 66 44 56 100 97 89 54 42 21 56 75 70 12 67 18 65 56 22 8 95 
89 37 82 62 36 65 82 41 81 42 83 47 37 91 98 86 31 3 27 4 58 53 73 21 19 42 85 75 15 45 21 4 81 2 17 68 18 50 60 98 43 95 
96 80 85 93 65 15 96 43 70 5 96 42 26 66 35 62 40 50 6 12 5 39 65 21 58 82 70 18 80 13 12 75 44 48 20 8 14 15 50 84 19 
97 77 96 63 12 58 2 61 15 66 17 53 82 37 63 64 58 80 95 22 43 21 65 42 40 24 7 54 74 90 25 22 19 20 84 82 29 38 42 44 
3 10 48 84 46 10 99 55 41 93 29 83 14 93 76 53 17 83 59 42 24 83 15 94 54 99 75 83 36 16 26 90 25 73 73 22 83 24 29 
23 16 57 58 81 1 85 34 69 67 92 62 43 26 77 36 79 75 11 13 10 78 38 99 55 11 23 28 45 46 56 19 14 64 28 94 65 13 
27 33 31 70 95 73 47 71 61 26 45 71 90 6 100 28 4 54 90 78 34 86 76 89 4 89 5 32 82 69 96 9 1 26 30 47 51 
77 17 11 54 61 33 43 18 32 22 73 38 11 51 71 96 26 11 52 14 15 35 47 35 30 55 36 7 37 82 57 65 51 19 18 63 
51 12 81 35 34 53 72 44 55 94 92 80 4 95 45 71 29 92 5 10 98 92 16 86 26 73 50 76 91 67 38 94 31 18 28 
64 23 99 59 77 92 2 9 47 96 53 17 24 96 74 33 46 65 49 83 90 73 33 65 15 51 3 8 81 72 35 44 94 85 
55 71 28 56 79 75 52 83 43 75 31 16 60 28 81 8 10 22 32 42 87 46 45 41 6 25 12 40 21 58 77 75 80 
4 30 10 30 81 92 73 8 74 40 67 53 72 26 63 94 57 56 80 54 100 72 59 77 35 51 97 92 27 23 71 82 
52 80 12 85 24 36 44 49 75 62 2 47 39 16 40 95 23 71 100 75 42 11 51 28 61 99 20 39 21 42 20 
24 74 83 60 97 18 55 97 93 16 50 91 54 65 30 100 40 52 100 66 45 62 68 72 22 66 91 60 38 85 
31 13 58 14 25 6 83 79 2 75 95 52 17 100 68 98 100 59 49 51 24 93 12 91 65 85 8 7 96 
45 43 26 10 100 91 34 57 74 12 59 48 58 62 17 58 29 14 9 88 63 59 63 7 22 54 23 6 
61 82 1 58 24 78 19 76 69 52 32 42 15 42 41 73 3 57 30 84 71 90 23 85 48 85 91 
21 90 66 78 51 47 30 60 22 59 78 97 27 29 29 20 43 70 61 67 25 69 96 8 91 37 
30 75 84 66 18 56 56 83 85 6 81 14 17 2 73 94 99 51 74 79 71 68 100 31 35 
76 51 82 83 42 19 64 16 54 30 85 62 85 19 46 42 51 12 10 53 36 3 3 86 
28 33 56 47 84 38 81 60 89 15 94 82 33 58 49 38 39 34 99 75 4 97 68 
55 8 77 59 43 31 61 80 58 45 88 4 28 77 37 39 17 51 33 98 35 42 
47 24 80 32 75 54 87 71 21 41 30 49 51 24 79 11 3 88 7 42 91 
35 19 79 73 87 81 57 85 67 98 83 43 77 66 17 82 52 87 54 45 
68 2 47 91 80 10 45 67 16 87 10 2 57 40 27 43 21 83 79 
39 81 13 81 9 78 97 43 82 35 96 78 2 50 24 44 81 33 
89 48 1 27 9 2 83 100 28 77 72 11 56 11 43 68 91 
51 98 40 45 31 26 41 8 80 90 83 23 22 68 63 69 
68 89 29 69 23 29 97 100 100 59 7 62 1 74 5 
3 23 96 48 53 21 40 12 52 81 95 75 2 62 
89 23 29 30 3 49 52 83 97 51 35 55 57 
96 7 83 100 62 5 47 61 10 68 52 21 
19 32 15 45 85 28 86 7 8 15 62 
57 66 44 5 69 78 12 77 26 18 
59 25 31 16 24 91 25 91 94 
97 61 25 64 58 10 91 43 
68 99 57 29 7 22 25 
11 90 2 74 19 27 
44 77 4 74 44 
27 17 20 69 
10 17 81 
87 80 
38 
