23 2
23 71 43 30 21 1 46 33 92 64 37 84 54 86 65 6 44 13 85 68 49 2 
63 40 43 56 28 45 55 23 83 78 46 26 59 66 78 4 50 69 20 39 5 
25 24 21 30 68 33 66 87 82 67 1 73 62 57 52 58 63 27 40 92 
72 65 51 89 94 6 39 15 25 77 19 1 52 39 82 71 24 47 9 
57 14 10 81 27 18 32 84 32 10 23 24 81 40 26 22 85 83 
60 99 60 88 69 60 39 60 42 62 83 88 70 39 53 31 19 
31 48 2 66 32 12 89 7 44 80 84 65 16 66 76 15 
25 63 83 37 54 42 78 15 76 17 84 14 22 15 84 
52 14 86 18 97 49 58 3 92 89 86 9 4 52 
84 18 28 47 53 64 100 46 93 14 22 10 49 
87 31 15 71 34 81 8 51 77 56 60 80 
99 48 65 7 4 68 43 21 96 89 25 
11 40 71 4 5 92 65 5 78 95 
20 100 80 100 7 83 76 62 42 
7 13 42 72 19 45 91 13 
17 38 53 42 49 92 64 
52 48 7 16 53 36 
62 24 36 41 75 
42 75 50 56 
69 9 68 
10 80 
38 
