24 4
83 82 35 52 56 28 82 35 53 68 42 36 32 27 15 22 44 23 98 62 72 15 34 
14 50 45 88 56 49 18 33 31 51 67 34 6 47 16 40 99 83 33 86 14 59 
52 88 2 74 37 63 97 51 48 11 53 45 50 60 93 19 92 75 69 11 8 
74 57 75 65 7 58 97 92 23 55 95 62 9 68 98 23 17 1 71 79 
5 15 80 64 7 98 55 33 66 17 92 39 73 67 55 31 76 51 74 
50 57 68 12 65 88 61 88 4 13 58 34 17 72 13 32 30 62 
87 14 27 55 5 17 28 71 71 10 46 73 84 48 29 51 59 
94 90 71 33 93 84 90 78 52 13 42 84 94 3 22 7 
81 76 63 97 55 34 19 65 31 91 100 78 72 2 88 
65 92 11 49 36 46 38 14 97 2 7 80 47 10 
53 5 90 29 67 39 35 52 9 51 35 52 50 
64 23 52 52 39 95 14 87 30 59 76 95 
7 77 2 39 75 11 91 79 52 71 45 
42 6 97 3 56 31 54 58 94 76 
9 97 66 3 62 52 84 20 27 
79 27 55 80 65 29 42 55 
59 45 78 3 87 83 51 
89 90 81 94 47 27 
21 7 75 86 61 
37 37 45 8 
15 23 34 
21 54 
50 
