70 3
67 79 28 74 22 100 19 67 1 56 17 88 26 100 8 1 68 77 36 53 99 67 12 40 79 72 61 57 20 44 87 86 74 66 12 47 65 30 14 17 38 82 5 63 82 64 16 1 92 3 5 90 69 16 81 99 40 93 8 59 88 94 97 13 59 8 60 75 37 
25 92 74 6 48 89 39 11 56 39 2 58 43 44 78 11 76 76 2 21 35 12 8 28 8 73 38 67 32 65 4 8 8 29 65 55 69 4 17 24 94 18 33 89 13 10 99 89 38 52 9 72 63 68 52 71 40 89 37 23 53 92 30 60 73 47 66 41 
50 82 65 95 52 97 83 64 59 33 52 96 84 12 19 47 32 70 69 23 59 57 98 63 1 27 75 73 25 40 13 74 74 29 21 25 78 3 88 36 88 92 83 23 55 1 21 86 71 89 61 81 98 58 43 98 36 69 70 61 61 34 86 34 63 6 58 
40 61 97 27 100 88 9 22 95 61 43 80 31 83 92 11 80 49 6 29 85 26 98 45 86 32 82 71 46 88 80 37 100 77 63 99 16 23 20 10 83 14 42 14 97 33 76 28 34 33 57 70 59 6 14 44 37 47 67 34 34 46 70 85 22 32 
83 90 6 55 51 89 20 44 54 68 29 81 96 62 14 4 31 24 9 96 19 98 42 85 31 28 31 1 12 4 84 47 45 90 1 96 30 72 39 83 40 67 63 35 80 28 90 10 51 98 57 70 47 99 54 78 78 84 30 89 40 65 87 84 6 
39 79 35 11 70 17 50 36 32 36 68 59 25 77 10 22 34 79 21 84 32 50 61 68 79 1 7 95 40 90 1 78 21 35 88 90 4 89 77 35 24 44 93 48 73 2 22 6 32 42 41 64 91 53 31 21 5 89 67 44 78 67 74 50 
54 13 39 57 2 68 91 77 11 35 25 83 89 98 40 20 91 32 83 33 84 65 5 41 53 71 84 83 90 57 84 43 70 23 51 23 42 41 99 52 27 75 87 15 72 78 35 14 10 69 98 45 86 2 85 90 25 69 24 14 77 8 8 
98 82 58 20 23 50 19 74 76 93 12 91 17 90 77 30 99 45 28 43 30 81 28 72 5 48 95 70 76 2 77 74 83 34 93 57 83 11 83 59 56 94 1 72 83 77 53 33 73 32 28 55 13 55 26 69 54 72 39 29 74 67 
2 8 1 47 65 35 9 47 45 64 92 97 87 27 25 40 59 98 71 86 4 35 92 81 4 97 52 94 26 77 60 79 85 12 25 1 47 34 99 43 49 42 40 36 68 64 75 27 61 97 64 16 32 56 96 87 52 48 80 29 76 
39 8 12 3 84 12 49 69 62 43 70 4 82 5 71 46 31 49 58 79 65 74 10 20 21 96 23 20 27 4 96 18 63 7 20 46 71 20 67 84 62 36 87 44 92 10 41 74 10 98 52 74 23 62 45 44 9 68 63 88 
71 10 5 85 17 76 30 39 95 48 22 8 35 61 3 26 70 43 99 31 41 51 5 15 64 49 58 24 68 73 11 90 34 67 74 2 42 56 40 88 3 62 96 90 74 98 15 43 41 66 73 33 68 29 47 31 78 57 6 
97 81 17 87 14 83 12 16 25 67 55 12 22 68 59 11 41 57 77 35 49 94 60 33 61 88 31 43 17 39 49 14 19 65 52 33 99 15 100 23 34 6 87 7 26 97 17 66 5 45 53 53 39 12 37 51 51 68 
94 68 6 42 33 77 58 36 61 56 2 60 31 35 65 69 41 90 65 9 8 22 54 12 74 44 75 63 94 25 30 39 44 87 80 28 63 89 15 23 97 17 34 79 51 99 47 44 40 63 52 99 84 57 62 10 52 
36 24 46 61 53 84 56 91 16 84 6 56 98 28 52 14 62 30 17 12 28 12 3 43 63 54 78 72 15 39 23 51 62 20 63 66 4 18 57 71 1 62 78 51 41 30 16 54 11 32 65 91 43 20 85 58 
73 62 81 39 1 3 89 14 23 3 80 78 21 88 100 73 49 77 23 41 58 39 95 69 22 11 11 17 30 95 74 54 56 6 45 8 8 33 22 82 36 53 11 8 40 10 80 40 39 55 80 96 93 74 16 
66 37 26 82 18 72 7 24 80 12 68 87 72 52 60 53 39 12 64 46 3 25 26 42 63 32 22 11 76 47 26 41 83 4 75 1 75 33 76 6 97 43 45 68 94 4 72 33 68 87 78 70 12 55 
12 26 86 85 36 13 31 14 54 66 17 80 18 43 12 93 49 8 35 93 75 80 48 99 12 67 85 42 37 48 96 100 74 34 84 61 98 66 74 51 31 42 82 48 85 94 92 85 53 26 29 80 6 
76 78 69 43 62 10 31 10 58 82 35 43 17 95 40 82 21 43 65 62 24 64 98 17 56 82 70 33 62 49 90 38 78 59 32 39 68 14 48 77 95 34 19 11 29 59 44 49 1 8 10 76 
72 60 93 79 93 14 11 55 14 1 44 91 11 27 81 30 40 81 7 86 14 77 96 42 87 39 42 39 99 4 15 70 63 59 48 55 72 10 61 37 62 4 79 72 82 59 2 21 39 60 6 
53 36 53 46 23 44 88 61 42 91 75 63 53 85 10 59 56 71 20 44 33 75 22 4 57 81 57 29 71 68 87 23 4 39 69 78 34 8 38 75 98 65 37 50 49 98 60 57 69 79 
52 53 54 74 8 62 6 65 90 76 32 76 51 87 15 71 64 48 78 54 75 75 70 63 76 70 61 35 26 81 66 30 33 71 3 40 32 60 56 21 35 40 97 37 26 63 7 42 62 
36 95 36 10 16 99 37 85 11 24 63 91 89 92 75 11 46 14 42 5 22 62 91 61 10 28 38 72 86 31 34 22 77 21 83 92 71 20 77 81 95 91 71 35 82 97 45 79 
63 38 83 84 99 73 96 61 52 85 32 38 16 17 59 92 38 93 36 8 64 64 41 58 54 11 92 87 60 88 65 22 25 47 5 76 71 52 36 23 36 19 60 3 88 70 47 
25 62 82 84 26 45 24 35 50 87 79 36 98 66 100 19 43 98 75 18 68 26 5 42 13 75 53 16 62 22 62 86 36 95 22 13 39 97 47 88 35 25 75 32 43 26 
50 85 23 24 54 42 1 58 84 14 32 36 81 94 10 94 31 45 40 4 9 78 53 55 17 87 80 91 71 74 16 72 58 90 48 11 31 48 20 66 13 3 54 45 96 
15 38 79 11 77 34 19 6 86 73 74 73 4 64 95 77 31 66 86 20 13 48 3 61 67 20 25 70 73 70 17 39 59 95 49 88 29 67 93 66 40 67 90 95 
82 84 24 65 50 9 84 14 57 38 26 75 58 51 44 82 20 13 73 30 7 21 17 87 88 10 5 79 28 94 25 61 78 48 25 79 57 61 92 65 98 18 39 
7 20 35 41 91 47 13 20 5 33 37 44 72 98 48 50 25 41 75 37 70 74 62 48 82 22 92 46 71 61 37 78 80 71 18 70 69 82 89 73 14 77 
68 38 74 15 87 50 56 13 87 25 87 100 25 68 21 16 66 91 28 54 20 7 76 89 28 44 70 68 68 36 45 36 73 70 50 11 72 57 24 10 34 
62 9 10 81 81 77 98 23 4 51 43 62 26 31 89 21 53 8 89 40 4 24 12 74 25 74 97 34 49 6 67 10 14 76 43 46 4 40 68 7 
91 10 68 68 93 8 89 97 15 77 36 19 52 99 44 28 72 40 61 21 97 79 82 62 6 76 7 9 16 74 67 58 36 34 25 80 93 65 76 
60 93 63 30 44 61 25 24 84 16 84 56 12 15 90 73 20 65 79 81 32 4 47 89 39 33 66 18 25 30 45 36 23 59 65 18 71 89 
41 55 4 77 62 15 91 51 39 62 68 69 42 99 73 89 40 11 73 5 81 97 86 77 85 60 36 49 78 6 90 18 12 93 46 26 60 
36 28 50 98 95 19 91 46 91 79 37 53 3 93 85 100 78 14 36 38 49 84 67 6 73 84 70 18 82 95 29 17 74 78 66 21 
48 9 66 90 39 54 43 42 46 79 93 23 92 28 12 92 11 78 50 36 14 19 5 95 65 85 63 38 14 81 10 62 89 75 51 
27 28 45 68 25 24 60 48 15 39 11 59 50 89 8 37 54 78 93 48 42 77 62 31 90 42 41 3 30 67 6 9 47 50 
28 71 73 40 70 40 78 33 50 79 73 57 15 26 34 7 73 27 35 86 9 77 28 1 79 9 68 84 17 66 86 45 88 
10 84 10 1 13 42 50 92 66 6 6 91 91 65 15 17 51 100 26 27 27 26 58 88 45 93 4 62 78 100 50 40 
35 11 40 48 4 90 39 69 47 96 59 38 12 73 6 63 24 83 41 3 9 98 90 5 91 45 67 20 45 68 59 
31 30 51 30 33 92 68 1 90 16 11 27 27 35 85 41 58 67 82 60 27 31 49 84 21 46 2 93 90 69 
3 72 98 5 2 82 96 21 82 86 88 44 64 15 78 48 7 35 67 40 47 45 71 47 28 43 92 29 35 
33 49 90 5 98 94 58 79 90 78 12 27 66 55 90 32 84 90 90 71 56 30 17 100 100 15 80 42 
7 8 29 91 57 18 95 54 63 4 85 4 82 96 30 99 3 72 82 86 61 71 56 68 100 72 19 
99 87 98 93 45 58 21 35 14 90 82 19 52 85 3 56 18 99 85 16 1 8 97 86 68 20 
42 87 19 65 6 70 3 3 62 47 60 34 82 25 23 15 44 26 99 46 33 17 96 70 84 
48 77 33 34 45 52 27 31 70 43 88 91 46 43 52 92 2 85 25 79 59 39 74 37 
38 71 69 6 67 38 89 66 15 21 99 11 72 77 41 94 20 29 84 65 71 36 8 
24 72 33 54 83 71 27 19 60 50 87 65 16 77 6 81 91 26 32 1 50 60 
93 43 79 73 78 95 95 65 3 71 37 87 24 71 9 3 41 69 52 27 85 
19 55 42 51 45 20 34 97 69 94 90 63 24 14 40 19 9 5 73 31 
93 59 6 15 67 60 55 87 11 33 24 81 88 65 84 32 36 17 81 
4 62 70 66 86 35 58 56 95 14 28 25 6 38 31 20 56 90 
74 95 53 6 70 85 93 86 68 77 22 85 57 25 98 78 43 
83 12 52 90 59 65 69 83 70 6 65 41 14 55 66 8 
59 23 77 43 16 62 11 44 83 47 52 60 44 81 54 
79 44 5 68 2 69 37 85 38 94 49 30 7 55 
95 14 65 17 42 8 84 4 70 79 38 16 30 
97 11 10 50 89 54 6 57 55 74 45 91 
63 38 92 92 45 98 38 10 63 55 52 
70 90 7 39 69 96 6 50 45 16 
60 46 5 65 52 13 71 25 57 
14 88 94 5 31 90 54 69 
100 16 75 3 37 64 61 
75 32 56 32 82 100 
48 93 46 4 9 
97 16 79 73 
72 92 60 
17 48 
43 
