50 4
72 44 41 55 38 47 24 19 72 98 54 25 79 29 18 35 31 95 65 62 3 34 30 58 61 5 62 33 44 17 94 68 12 35 74 50 33 98 68 56 47 73 32 77 1 49 11 83 96 
76 45 98 9 26 7 22 30 20 6 26 89 52 93 52 38 66 1 70 15 20 77 13 92 9 90 44 9 100 79 4 27 23 53 88 100 59 9 30 31 66 7 19 69 51 22 6 68 
23 27 35 94 4 47 38 64 88 33 72 40 11 28 66 85 80 53 85 91 13 66 21 31 24 91 99 74 12 5 41 86 83 75 32 86 74 69 1 61 53 25 100 64 52 66 48 
83 70 84 73 35 49 45 65 72 87 63 97 51 19 90 36 2 64 19 39 89 39 92 50 92 16 1 55 67 18 54 49 40 38 74 74 38 70 38 62 57 52 58 7 23 47 
94 76 63 65 66 51 3 57 52 94 24 5 100 90 22 54 91 61 43 16 34 80 85 23 41 93 27 51 99 49 49 45 76 11 9 41 14 63 50 17 57 73 21 8 15 
95 61 57 55 55 72 41 35 8 15 27 1 41 29 51 41 78 47 68 40 7 61 5 70 10 22 78 34 42 85 48 88 46 4 43 52 27 35 86 87 49 65 87 42 
93 89 34 22 36 2 62 94 62 66 63 23 39 40 56 33 25 4 20 22 59 14 73 38 48 11 24 49 75 10 42 19 50 75 41 37 28 54 31 89 71 93 11 
10 33 19 94 9 22 13 82 32 27 54 69 26 16 92 26 90 53 67 61 3 94 1 39 21 6 69 62 76 14 24 37 98 42 30 6 15 95 87 47 73 92 
15 50 8 7 76 49 11 42 9 13 87 61 4 8 18 24 69 94 37 44 82 34 86 64 91 100 58 29 98 82 21 13 31 80 71 58 80 81 100 89 46 
38 1 49 45 19 72 65 64 61 9 45 94 94 60 37 45 69 65 43 50 37 7 33 16 77 90 96 9 41 36 54 79 36 54 75 6 78 40 69 38 
48 66 83 93 77 19 89 46 84 31 47 72 37 79 88 65 21 35 26 61 22 31 91 9 85 66 15 14 5 35 3 4 52 37 96 29 56 36 74 
91 67 72 62 55 3 1 72 23 87 97 35 8 27 26 17 63 91 31 28 47 17 30 50 69 67 97 97 74 32 22 16 50 45 77 57 47 30 
80 21 16 28 56 24 54 33 92 69 23 74 48 21 90 78 70 10 96 18 6 69 1 79 36 3 76 64 59 22 93 38 43 61 17 50 36 
22 82 27 90 56 100 38 76 41 67 45 51 14 14 8 82 14 39 69 16 14 32 26 35 25 15 29 37 31 78 72 53 11 98 94 66 
49 83 41 89 49 37 39 62 50 47 95 16 85 63 83 98 47 9 84 23 23 65 59 6 94 30 58 5 79 51 70 27 34 11 67 
34 47 58 48 49 56 42 64 40 57 46 89 3 6 24 25 81 88 83 86 82 64 95 38 94 45 7 72 30 17 38 16 16 47 
63 16 2 56 31 41 12 28 81 66 34 57 42 14 96 76 51 29 39 45 66 84 41 73 55 71 41 45 38 8 91 100 23 
93 7 53 85 71 81 18 36 14 74 78 79 21 53 29 50 44 73 67 27 13 39 34 35 32 78 24 39 20 75 62 12 
82 66 49 52 46 66 39 11 91 68 41 11 21 21 12 16 93 79 94 58 69 27 44 100 56 20 39 76 94 52 39 
27 69 39 30 15 56 69 77 46 36 18 9 8 38 20 23 83 50 17 92 19 95 87 18 3 6 8 30 52 11 
20 78 80 59 60 94 14 28 22 12 63 91 20 23 81 91 45 15 41 13 58 59 60 44 28 62 2 36 91 
5 46 10 34 25 68 93 70 34 20 44 45 35 34 16 9 66 58 53 80 50 18 37 8 29 33 36 90 
86 23 32 90 68 41 23 45 61 68 66 46 39 9 42 73 43 57 81 8 66 86 40 16 55 76 75 
83 8 62 24 45 84 55 34 4 47 9 48 7 76 13 4 14 22 45 39 16 53 71 75 19 8 
14 86 62 42 60 96 1 22 19 46 5 25 79 60 72 39 7 78 66 72 82 32 45 78 70 
12 31 92 86 1 100 52 86 13 93 45 9 45 18 79 90 75 4 21 34 75 59 93 4 
77 64 37 8 60 15 77 71 97 20 8 97 19 59 34 84 3 78 44 48 96 74 89 
70 77 9 55 3 20 47 59 96 62 95 3 21 61 31 43 9 2 51 5 21 61 
38 56 16 68 99 15 15 72 3 36 1 12 90 3 83 37 13 78 98 8 32 
19 20 14 13 29 15 15 85 87 76 75 42 43 42 92 57 56 16 59 91 
68 22 80 22 4 16 35 33 66 94 16 36 13 81 48 93 96 63 78 
34 38 52 28 32 93 19 88 100 86 98 42 53 72 21 75 27 89 
9 60 54 2 27 89 14 8 88 59 55 50 36 88 39 87 15 
70 31 86 9 82 71 7 23 24 78 43 98 4 83 58 15 
88 59 42 28 24 1 16 82 55 65 69 94 4 7 9 
25 37 94 34 18 16 40 40 39 69 35 88 72 69 
45 39 57 55 32 36 31 32 51 12 38 68 33 
83 71 39 91 95 76 36 80 45 4 19 37 
42 39 23 82 11 43 78 1 99 33 32 
87 63 15 37 26 4 4 58 86 26 
49 29 73 76 16 52 20 19 23 
8 61 61 82 94 23 25 71 
23 75 55 6 61 17 20 
98 95 23 53 4 61 
79 52 89 51 27 
4 54 99 23 
76 58 35 
37 40 
80 
