70 4
58 29 92 5 40 33 43 37 33 50 76 6 45 54 41 43 55 20 87 10 58 17 99 90 36 32 46 93 93 36 94 2 16 86 58 55 70 100 43 3 50 19 60 46 72 53 89 78 72 75 88 82 43 38 23 79 69 68 23 13 55 16 66 70 53 24 77 23 23 
19 25 24 89 36 70 13 88 58 90 12 84 29 93 78 66 15 56 86 34 78 98 89 46 64 58 98 39 34 72 61 5 48 85 93 84 54 5 71 63 47 34 98 75 26 75 41 92 83 26 78 12 76 66 57 91 75 7 29 61 78 41 65 26 25 9 9 30 
66 31 44 12 17 93 86 94 20 26 86 54 4 63 65 31 80 74 21 6 32 49 66 9 41 82 86 66 43 46 47 8 29 43 19 45 35 4 38 6 82 75 59 85 89 24 15 68 49 87 74 80 87 91 40 27 25 26 44 67 71 91 74 51 85 92 95 
71 95 85 77 76 59 35 12 48 10 78 67 10 64 92 89 2 83 81 29 59 6 72 25 28 14 98 79 50 41 25 21 35 9 97 63 20 83 26 19 93 4 37 54 19 29 43 73 63 23 1 21 80 24 97 59 90 94 37 39 34 14 11 20 74 7 
34 45 42 60 63 86 15 100 39 85 80 81 57 94 55 57 66 86 33 62 45 74 7 33 12 40 46 23 11 20 81 45 16 22 56 79 59 70 30 98 54 61 30 11 54 85 19 19 70 3 32 14 76 38 99 40 29 44 62 39 15 94 35 31 68 
90 61 26 11 90 23 65 50 53 27 55 89 97 25 10 100 56 76 75 93 74 14 73 69 27 11 84 73 98 66 40 87 26 17 98 15 40 14 16 44 92 22 84 88 46 93 39 53 20 66 97 93 31 69 14 58 31 97 82 28 62 73 67 39 
89 16 53 80 29 20 23 72 93 6 59 90 51 98 42 22 63 90 67 93 58 80 2 88 76 35 68 89 7 34 27 96 49 31 75 29 2 50 100 46 55 58 35 57 7 76 79 21 17 45 66 74 76 67 13 3 2 80 91 8 65 69 55 
13 51 30 41 4 79 92 49 85 2 83 94 8 10 24 29 26 20 94 99 95 12 63 97 65 43 39 25 59 59 79 72 9 60 64 12 38 56 60 75 57 42 68 16 3 91 96 28 10 41 78 56 53 40 52 69 34 90 93 93 100 24 
16 8 83 79 71 73 86 30 99 42 23 66 58 25 8 5 4 69 46 81 24 98 72 27 18 6 68 11 50 67 86 65 74 20 95 44 92 81 25 42 74 99 7 83 23 66 88 26 86 33 58 9 82 29 35 99 86 54 61 87 20 
98 3 45 18 98 40 61 30 64 3 55 62 9 90 36 27 29 13 12 61 70 73 94 51 59 44 36 13 57 23 32 54 25 77 71 74 16 32 55 32 34 10 45 94 99 81 72 79 93 36 39 15 8 84 65 66 79 52 30 35 
26 62 89 51 90 11 76 57 94 31 88 79 92 85 73 42 65 96 20 9 31 10 75 90 45 91 56 23 43 37 58 68 50 98 70 39 60 98 48 54 28 87 32 71 71 56 12 87 52 83 48 34 92 22 24 36 65 31 58 
7 67 67 26 17 16 48 7 76 45 6 29 24 93 12 94 15 20 57 54 23 39 1 56 82 74 31 17 38 61 26 96 80 93 22 48 8 21 54 35 65 12 63 88 56 27 33 70 46 89 75 20 79 75 75 60 1 58 
28 90 18 53 86 97 97 59 44 5 79 50 39 95 61 54 34 16 32 66 37 29 6 12 48 84 38 74 95 90 31 22 80 1 74 65 97 71 75 93 27 5 42 17 99 54 22 32 21 5 49 9 33 54 72 32 89 
62 58 83 51 40 4 30 40 29 46 89 51 20 81 29 76 74 98 74 79 71 57 99 76 5 59 60 10 31 92 98 92 1 80 42 40 35 72 80 16 69 68 18 89 48 99 64 73 96 90 51 66 98 49 41 3 
59 1 12 89 44 62 32 44 93 74 83 80 97 14 47 65 81 64 5 80 62 21 52 57 62 2 75 59 2 67 13 61 67 77 1 62 38 33 57 82 58 40 61 54 53 7 70 86 23 27 65 84 47 69 93 
60 70 19 18 24 85 31 84 4 59 84 65 96 68 22 29 25 13 90 30 17 48 100 2 70 26 19 6 24 87 98 83 8 16 52 31 100 34 66 55 92 2 20 39 69 93 68 94 5 57 23 73 56 74 
27 26 51 45 31 26 83 80 8 42 95 12 73 46 45 90 1 37 91 72 75 12 64 94 5 20 2 79 44 58 5 70 83 55 66 13 33 48 92 40 90 38 3 14 35 48 55 87 36 46 58 62 9 
73 56 65 44 57 43 88 14 99 57 48 54 23 12 86 22 55 77 63 92 32 28 79 79 83 65 66 80 75 27 88 99 34 52 43 43 46 30 8 45 86 56 50 60 67 87 34 22 15 96 65 46 
76 95 76 58 60 41 37 86 20 76 84 53 27 26 95 24 7 55 68 45 10 17 4 28 55 89 1 70 85 18 15 60 12 91 69 23 83 57 60 2 32 44 7 10 21 53 33 28 7 1 72 
16 69 27 96 24 16 96 45 52 65 59 11 77 1 31 51 36 87 11 37 18 54 43 79 26 96 11 53 2 63 76 70 84 3 65 59 18 12 3 69 77 13 31 5 66 61 55 1 99 65 
37 68 70 32 46 96 79 8 100 32 71 76 1 6 78 17 64 47 81 66 67 57 30 97 61 95 9 15 95 59 32 84 26 53 67 23 48 45 30 100 76 52 75 29 57 4 97 72 50 
77 37 16 33 19 64 45 13 24 12 8 82 43 43 59 95 9 33 95 53 62 94 80 66 20 8 74 23 5 46 24 81 34 91 66 52 6 10 65 29 21 24 62 15 66 72 62 74 
4 8 78 17 53 57 82 72 17 8 46 73 53 21 53 86 11 70 38 68 80 54 96 52 77 9 19 94 80 80 67 35 87 96 51 91 52 85 62 20 92 59 92 44 79 45 81 
41 66 70 8 45 75 55 49 51 15 67 96 46 98 14 80 84 9 30 26 13 66 87 32 57 97 24 52 27 20 85 67 85 54 26 82 29 32 30 31 46 48 27 91 45 40 
70 80 1 51 5 13 17 43 44 25 39 19 77 65 38 61 83 75 66 60 56 46 91 37 77 36 84 55 26 80 46 47 59 98 97 15 10 65 57 6 90 47 76 18 11 
14 30 45 40 47 4 95 93 94 83 21 29 18 27 6 97 72 52 7 70 100 21 31 17 77 88 58 23 64 27 85 29 56 29 68 2 84 14 46 29 96 66 9 65 
92 14 61 16 17 67 37 68 87 67 36 63 7 93 37 70 19 21 50 26 1 17 80 36 82 25 64 77 43 72 41 34 37 53 1 53 19 37 72 57 56 8 71 
62 52 7 83 71 79 32 48 31 100 27 66 81 4 81 57 46 52 49 31 40 53 32 92 71 68 15 79 23 22 49 36 74 7 18 96 85 1 95 67 100 22 
32 80 77 64 88 22 15 88 52 54 40 83 97 62 51 63 40 25 37 40 61 62 46 30 57 30 31 51 96 82 24 79 62 100 42 1 73 8 89 25 13 
80 59 61 42 9 24 33 86 12 73 98 73 18 27 81 100 9 83 47 43 7 78 4 58 19 56 31 79 96 7 43 76 65 4 69 26 79 1 11 90 
25 8 62 43 86 42 94 47 24 40 89 82 17 44 92 88 51 22 66 47 80 8 74 44 63 42 69 93 94 31 82 19 90 95 13 28 88 6 74 
64 45 14 97 14 57 88 1 7 61 18 5 40 77 78 84 92 71 4 84 65 35 18 35 24 12 47 51 52 4 76 15 100 89 11 13 97 99 
65 4 11 34 60 51 11 38 86 54 8 89 37 24 23 54 58 99 18 56 1 69 59 77 35 59 65 45 23 62 95 88 17 6 73 76 8 
83 65 93 88 73 81 25 96 56 30 6 54 99 61 54 19 72 82 53 30 47 50 4 60 96 91 28 53 64 3 60 98 68 52 38 92 
85 14 39 40 43 44 45 94 57 50 12 28 32 65 9 78 66 12 89 61 55 16 14 18 70 73 67 89 77 4 80 61 17 71 52 
12 66 48 5 22 97 68 1 28 32 9 57 49 21 45 10 75 12 75 44 82 47 62 22 75 18 54 87 86 24 90 49 89 37 
53 63 34 73 63 61 56 72 70 5 92 66 14 18 30 88 13 11 86 74 84 13 43 37 99 29 60 89 77 1 25 82 63 
10 54 25 23 9 96 92 65 39 9 78 8 38 17 20 100 3 46 84 67 88 20 65 68 32 5 97 32 82 30 46 91 
35 70 13 95 18 56 60 8 65 89 16 2 6 87 2 60 32 37 26 72 56 42 91 39 47 39 22 28 68 67 70 
54 37 83 49 6 38 60 13 2 48 28 56 5 67 57 64 50 45 41 21 52 83 64 91 81 2 12 60 22 79 
29 75 67 11 75 72 49 34 84 2 82 64 57 38 30 65 2 79 9 42 52 61 76 15 3 56 68 14 15 
89 44 96 64 10 6 38 81 6 24 17 8 57 80 16 94 61 33 95 91 93 89 42 5 16 8 7 24 
76 73 90 16 16 85 31 26 91 21 6 48 44 74 7 100 53 23 93 65 7 40 56 99 80 49 56 
95 57 62 18 84 34 8 51 2 92 82 27 34 2 84 82 45 58 88 44 62 62 88 27 68 27 
34 19 6 82 74 53 90 87 70 73 73 29 76 74 73 57 100 58 10 35 39 54 44 79 49 
6 92 88 84 60 15 17 30 72 98 3 24 88 89 46 12 61 26 87 86 50 95 85 8 
4 72 98 9 15 28 57 20 20 45 55 79 11 71 60 34 21 62 58 8 2 55 71 
63 80 10 48 30 4 85 89 60 8 86 68 22 14 77 94 85 21 48 15 83 71 
74 16 91 35 25 50 36 79 20 50 11 81 50 40 37 86 80 96 93 65 63 
66 30 39 11 14 11 59 28 93 81 1 61 71 87 85 72 75 64 91 24 
26 24 25 65 60 10 44 55 54 60 17 20 42 8 82 7 18 40 87 
63 72 87 23 42 26 59 13 100 74 56 23 99 31 100 15 90 9 
10 96 15 70 64 86 63 71 67 69 89 59 55 3 30 94 77 
24 19 35 88 18 9 95 92 7 25 91 22 14 52 83 61 
18 52 25 3 66 95 21 35 35 79 89 37 61 34 13 
84 52 48 71 21 8 66 13 66 42 55 39 8 58 
22 68 75 25 92 29 91 87 50 25 21 28 65 
10 88 51 22 23 2 21 46 75 80 63 39 
46 4 93 36 11 51 57 79 77 34 70 
6 24 8 55 100 29 34 16 90 74 
66 63 48 20 36 93 94 15 55 
32 12 11 24 48 21 26 56 
51 55 89 21 60 64 80 
66 63 60 51 79 49 
76 96 12 76 15 
47 68 8 13 
75 91 25 
85 67 
24 
