30 4
12 84 16 44 48 29 69 35 77 39 54 53 91 14 54 84 37 26 49 21 69 98 85 17 26 41 11 80 34 
31 37 97 66 52 41 13 33 9 99 61 99 52 65 90 17 18 25 6 95 26 26 16 23 10 32 100 50 
94 79 35 24 68 31 41 71 71 6 3 31 4 15 30 56 79 71 24 49 95 29 43 20 6 58 95 
67 42 94 16 35 73 50 11 92 33 51 62 55 56 17 86 12 31 67 19 62 89 42 10 83 23 
52 55 28 62 49 95 55 42 62 89 66 64 51 57 96 2 19 2 9 35 87 20 17 5 38 
78 93 32 87 28 54 91 82 33 4 82 79 58 75 93 98 41 56 49 49 3 2 67 4 
62 53 43 82 22 99 71 99 44 2 38 71 7 80 4 40 83 85 70 92 59 62 41 
51 69 89 100 71 42 18 27 4 23 21 37 44 19 7 94 62 61 31 84 19 10 
87 10 44 71 80 87 82 41 28 32 10 68 31 32 62 1 10 65 23 30 53 
66 1 11 59 14 71 42 98 42 3 36 51 99 59 30 85 40 23 64 23 
84 84 6 15 45 6 77 9 28 6 13 45 58 23 55 24 46 48 21 
87 51 56 37 49 14 19 85 5 93 1 28 76 84 85 42 28 90 
18 88 69 76 100 65 33 22 19 56 19 19 28 5 69 36 94 
69 1 12 5 58 56 5 85 31 88 69 72 67 10 90 54 
30 65 5 94 49 79 64 57 97 82 36 54 2 71 47 
22 72 10 27 29 65 31 65 47 71 85 18 89 46 
59 95 75 75 99 68 24 29 83 32 78 65 67 
31 66 90 29 88 13 90 66 93 6 48 9 
52 70 93 21 59 90 80 53 64 54 3 
83 29 32 65 12 9 29 79 91 47 
20 71 86 32 60 3 24 65 50 
32 68 20 76 88 78 65 19 
30 28 73 84 10 53 15 
26 65 75 7 95 65 
5 14 87 90 45 
46 44 20 62 
93 51 81 
12 26 
69 
