200 2
88 22 69 28 25 100 40 24 38 19 16 25 47 6 3 34 59 68 17 38 65 100 1 80 2 53 93 19 86 84 44 25 5 64 53 81 15 44 4 52 63 20 76 9 77 78 42 35 97 11 24 61 10 24 93 11 76 37 29 14 20 24 90 76 87 94 56 1 38 12 52 52 83 27 60 59 57 53 45 5 63 68 18 24 43 10 35 71 46 15 84 17 39 25 92 77 19 99 78 56 10 81 7 92 60 18 2 16 70 46 72 85 65 89 8 8 50 94 78 95 9 13 63 99 37 54 75 55 5 52 62 14 33 68 58 44 37 59 11 59 57 82 43 21 71 2 28 20 96 5 67 56 69 81 54 6 35 28 60 91 32 74 4 16 93 13 59 30 72 69 88 28 2 82 100 24 35 28 44 82 84 62 37 53 42 42 10 28 70 21 18 1 94 74 68 87 38 26 16 
9 46 55 88 47 36 40 71 70 67 66 4 2 79 40 6 72 82 15 100 3 36 69 55 29 94 22 67 32 47 82 92 44 88 32 90 23 71 12 45 37 77 48 90 55 39 96 27 20 10 78 22 45 98 28 26 92 49 92 75 47 26 66 90 13 97 32 88 67 43 84 55 20 31 45 26 69 92 4 41 1 33 14 98 31 42 75 74 90 18 48 89 43 65 78 8 14 9 47 32 52 30 87 23 60 83 100 80 74 56 72 26 88 86 75 70 79 49 95 20 67 42 8 61 59 38 20 72 46 66 3 49 95 41 71 6 23 23 86 48 78 9 26 65 94 100 87 24 1 81 44 67 75 3 79 33 40 99 4 38 64 6 86 11 47 9 16 21 31 53 21 8 62 98 24 7 49 62 31 49 43 26 67 17 80 98 49 20 96 4 57 11 61 94 21 59 2 89 
32 84 41 4 43 54 1 19 61 49 80 43 50 22 20 16 38 99 65 38 18 60 93 26 23 54 72 95 12 73 83 43 9 76 46 51 29 98 69 89 99 49 83 48 22 2 15 12 1 80 49 70 91 42 48 13 47 19 60 58 91 94 53 51 69 98 2 50 96 22 38 94 70 73 93 44 74 7 55 74 38 55 44 29 96 91 93 94 9 52 52 51 98 4 54 66 53 55 15 48 76 5 93 98 29 37 93 2 44 47 76 33 1 71 61 49 13 6 42 73 57 45 75 6 48 28 72 1 34 38 100 10 94 45 59 22 81 51 24 76 49 51 9 49 73 21 49 85 26 91 57 35 35 83 40 35 11 11 87 44 1 86 5 46 82 15 68 15 17 43 90 65 45 50 14 17 71 62 1 96 4 9 30 39 91 22 25 53 84 11 97 84 48 53 30 30 68 
49 44 84 43 85 49 87 35 14 55 57 27 7 52 31 15 34 21 57 55 97 62 90 7 58 74 54 62 55 35 29 55 78 13 49 15 13 35 1 78 41 57 4 47 60 86 61 45 58 69 51 54 30 41 60 39 66 66 1 20 100 29 26 30 93 74 44 57 60 44 34 100 52 90 46 11 27 58 56 85 78 58 90 8 98 2 98 63 67 98 34 66 79 11 95 23 84 38 32 95 33 17 46 84 6 91 47 33 100 54 69 30 11 58 89 9 59 86 23 25 36 57 43 66 67 37 88 3 27 19 49 11 36 95 47 93 37 93 77 37 46 45 66 8 55 54 16 13 91 91 90 26 99 32 91 17 20 31 19 98 1 68 9 88 62 7 81 50 99 57 86 96 54 3 3 8 8 71 72 51 61 13 76 59 44 19 75 16 49 46 65 49 65 25 37 78 
31 69 27 29 77 13 76 30 67 79 89 27 49 61 77 61 73 4 19 69 22 45 36 22 90 100 23 6 25 59 83 55 79 10 36 55 74 11 37 40 41 25 18 41 85 46 1 10 50 71 78 23 16 13 45 57 12 67 63 88 77 45 43 55 6 30 61 79 92 97 71 33 22 88 73 58 34 26 67 35 96 44 57 63 8 1 72 20 67 34 7 95 30 1 1 88 82 62 66 74 10 36 6 83 76 30 41 9 55 7 43 51 3 99 13 10 52 84 81 70 69 40 65 51 92 17 38 74 78 55 47 40 91 4 22 66 33 62 26 88 21 20 90 75 18 54 36 21 90 17 91 10 8 7 60 99 23 49 24 53 56 70 92 46 25 65 63 58 79 40 97 99 59 86 25 28 91 60 49 80 28 91 90 35 97 1 86 71 2 9 23 57 31 66 2 
7 31 16 64 9 55 12 59 13 49 83 92 40 94 40 19 74 30 60 8 78 61 45 49 62 6 23 18 88 89 71 94 19 38 10 79 44 21 89 8 70 23 99 9 16 39 79 89 20 39 49 50 99 45 50 12 50 72 81 37 12 3 83 82 40 92 60 83 12 48 90 81 22 40 41 38 30 20 78 2 58 78 51 8 23 52 71 24 23 51 61 35 5 95 68 96 86 28 78 97 27 19 30 1 10 70 38 40 89 67 41 98 45 43 57 19 94 27 42 16 29 54 2 33 48 22 28 33 1 57 82 79 27 11 79 37 80 16 76 21 35 68 70 31 10 79 49 3 5 90 70 86 44 24 70 91 45 98 76 45 6 57 23 85 67 2 21 98 69 48 70 3 67 40 85 76 18 33 30 74 75 99 11 18 22 81 60 18 78 35 62 35 43 37 
19 9 38 91 59 58 90 28 13 56 19 97 31 88 82 60 62 56 11 72 73 32 52 84 2 81 71 63 68 13 51 86 74 40 29 32 98 18 59 62 74 30 58 4 17 39 16 30 94 26 2 18 9 5 54 10 38 24 25 57 88 75 42 61 15 70 92 64 88 3 25 13 32 34 16 48 25 83 78 70 8 31 88 69 87 93 30 76 16 54 32 3 81 26 64 47 47 7 10 34 61 86 46 92 19 14 92 43 48 21 65 8 3 52 76 89 96 5 17 11 11 100 65 91 25 80 37 72 39 98 57 99 35 55 43 53 20 34 48 67 6 12 74 8 15 1 48 10 58 64 72 68 64 36 10 40 68 98 11 6 47 20 4 81 74 46 85 93 31 84 11 36 95 37 43 61 89 91 22 46 6 93 65 21 81 26 13 48 23 75 5 21 94 
8 1 67 6 38 11 36 21 74 24 68 10 66 80 98 8 2 96 66 46 60 38 26 38 50 25 12 25 29 33 18 89 85 37 94 22 99 81 95 24 4 62 85 22 41 35 81 94 30 46 40 41 36 65 78 85 42 90 61 70 74 79 10 10 67 3 84 17 36 78 41 91 91 25 12 83 59 45 77 40 90 16 81 77 32 10 62 73 51 22 95 76 52 4 86 70 59 69 87 46 46 79 36 88 3 100 70 14 44 98 53 85 65 85 62 97 47 75 21 49 96 67 25 100 23 10 69 81 78 7 78 75 85 13 14 40 64 83 53 7 33 57 44 97 94 5 45 92 79 66 40 26 84 64 77 6 25 46 38 54 4 15 28 89 80 93 28 43 76 32 2 8 40 45 56 85 1 1 76 79 66 68 56 49 83 33 7 8 30 44 61 33 
59 41 73 38 33 52 32 60 35 33 19 27 77 75 11 29 75 39 59 92 58 15 92 40 99 98 47 80 42 60 64 52 100 89 41 84 40 72 44 27 5 62 53 33 36 15 62 62 5 20 53 62 86 97 54 36 94 100 15 87 59 79 90 10 67 30 94 58 2 37 84 58 50 88 90 86 55 3 99 59 75 4 73 12 100 26 48 45 77 62 84 88 92 73 97 10 3 42 20 56 30 55 13 80 43 54 17 49 9 15 59 83 18 31 46 69 8 93 66 37 7 49 24 50 21 72 12 75 66 31 30 95 85 94 74 79 100 90 27 8 57 86 42 26 68 87 95 28 80 60 64 38 60 39 87 32 62 50 7 27 80 88 22 17 34 95 95 33 37 22 40 93 59 81 70 78 19 64 5 50 75 68 87 86 58 26 18 20 75 76 46 
7 15 67 23 48 14 17 32 50 90 71 94 100 3 63 78 74 79 34 23 5 54 62 91 11 39 8 30 65 35 28 71 49 94 45 97 59 14 28 8 55 51 53 55 5 68 84 78 46 17 1 2 70 14 92 33 52 51 14 16 85 41 39 34 87 83 82 45 96 61 53 51 11 57 57 16 24 40 45 21 8 45 23 30 58 66 62 61 17 75 77 53 16 15 38 54 49 19 98 45 80 2 47 42 59 3 9 82 94 54 3 1 98 77 30 8 42 43 20 58 70 96 63 37 62 100 90 11 19 87 55 50 89 1 91 99 55 100 80 48 5 34 100 2 62 82 61 4 24 81 13 93 28 75 81 42 75 70 52 45 9 58 94 97 10 36 47 64 87 26 63 91 12 62 45 73 43 57 28 67 89 41 11 17 15 92 10 41 13 61 
85 21 70 30 69 79 18 15 94 4 93 56 47 56 17 91 80 60 99 8 26 88 48 88 56 14 31 65 55 96 77 91 16 46 21 37 24 38 3 69 93 95 24 39 2 40 81 82 99 80 89 76 19 88 16 74 53 46 90 59 41 66 50 9 11 22 45 86 11 47 54 55 94 77 94 95 68 26 28 67 57 68 94 75 55 9 48 60 55 37 18 47 2 19 55 64 40 51 1 50 50 54 5 95 82 50 89 50 27 17 16 84 84 9 58 91 70 6 2 24 94 19 22 48 38 77 63 29 79 64 31 28 17 87 22 99 36 63 100 62 31 15 45 66 75 55 8 44 60 9 19 5 80 41 52 69 69 15 97 47 78 27 27 46 13 100 96 100 14 95 14 96 61 10 62 88 64 21 83 75 30 2 32 61 94 35 29 62 1 
25 60 30 4 38 76 68 90 23 20 3 18 33 51 78 94 12 65 58 32 48 84 13 1 15 73 94 50 53 7 50 30 18 32 33 8 7 52 97 29 71 51 98 55 1 76 49 64 92 58 48 91 93 12 43 60 85 88 9 37 46 10 66 64 93 50 23 99 54 19 80 24 21 77 79 22 4 79 37 48 36 84 38 80 96 33 39 32 20 99 20 66 61 38 81 53 39 3 52 92 73 83 16 93 59 46 66 63 76 3 10 63 38 99 42 85 83 81 16 3 79 36 20 91 25 52 44 63 6 47 55 78 29 22 22 87 19 88 1 94 42 10 56 79 61 49 64 43 81 31 97 60 18 68 2 42 19 45 5 24 91 11 53 19 32 75 6 50 14 6 95 55 68 2 85 80 50 100 22 31 31 71 42 48 38 43 42 57 
88 98 32 30 8 85 49 39 11 6 40 24 63 34 30 82 87 14 61 36 14 35 18 96 5 59 95 42 54 36 50 41 33 82 70 40 18 70 30 80 75 21 3 38 6 84 19 92 97 32 28 62 66 45 57 70 56 52 63 9 39 13 1 72 46 22 63 63 92 93 42 18 65 96 7 71 79 26 62 27 9 89 41 74 86 49 95 41 52 57 1 91 21 1 62 66 22 76 28 65 20 21 83 85 16 89 55 46 66 16 25 74 57 65 99 42 13 93 34 65 2 34 55 22 86 68 88 59 95 67 24 15 88 6 99 3 46 53 1 64 68 25 37 76 89 88 17 53 32 2 17 33 35 23 7 20 42 94 79 37 60 54 51 99 11 1 54 56 53 54 19 72 30 8 48 70 47 16 22 78 18 91 63 4 65 69 76 
7 14 6 95 25 59 97 24 69 97 77 76 1 82 95 24 11 54 23 80 100 91 53 29 8 43 91 11 8 11 38 66 24 43 12 49 1 8 72 69 56 100 45 8 81 91 31 43 96 6 22 47 96 74 75 55 69 66 17 76 76 55 93 52 97 4 100 98 11 23 18 18 74 14 25 6 4 7 48 51 12 21 97 59 94 72 13 14 89 30 89 16 84 33 67 80 36 18 29 98 40 47 15 65 60 91 70 16 98 17 66 9 89 63 68 83 86 32 96 74 61 37 89 96 21 56 28 57 73 8 6 65 54 73 81 66 63 51 33 12 19 98 73 8 12 40 42 97 23 89 70 36 77 11 31 98 66 10 6 90 18 63 6 71 35 87 88 50 89 20 61 59 70 33 66 33 24 59 30 47 48 51 82 24 13 64 
73 30 74 78 20 91 41 77 13 27 15 53 76 3 24 89 14 93 21 79 78 97 38 59 95 37 61 76 12 74 91 85 3 64 62 74 6 54 51 19 81 17 71 8 72 94 96 85 39 17 15 68 65 52 26 59 40 86 34 52 11 76 36 14 40 49 87 45 3 89 15 83 58 37 90 29 31 38 65 21 54 79 88 18 31 65 28 22 2 13 73 13 88 8 26 27 57 64 24 11 5 90 45 62 27 86 42 9 23 6 29 28 84 68 97 66 84 24 88 85 36 12 97 24 20 74 2 28 90 77 90 46 67 34 7 93 19 100 1 94 57 81 21 40 100 70 58 83 93 97 67 81 8 16 4 27 41 57 6 30 86 95 75 52 80 33 96 51 32 48 44 40 80 16 80 79 85 89 13 78 85 79 58 92 46 
13 71 87 21 28 16 6 23 43 9 54 75 56 4 59 55 47 98 34 63 29 64 47 69 76 76 53 7 85 97 52 97 19 38 70 46 6 75 20 48 36 74 74 91 77 84 46 76 34 31 90 14 95 36 83 70 64 87 76 48 35 80 97 53 17 66 51 74 40 22 73 27 95 99 18 24 82 15 51 67 45 40 81 39 27 15 61 90 1 36 38 36 67 34 40 36 99 90 9 90 12 82 17 58 32 86 33 13 100 83 32 96 74 12 35 1 26 47 90 78 34 27 65 1 12 57 36 62 98 44 52 9 77 20 19 8 57 3 73 56 38 4 3 11 67 89 63 44 35 53 73 69 31 38 69 43 94 4 4 43 99 7 4 28 78 22 87 34 76 11 41 13 66 44 76 32 32 38 75 67 90 100 87 73 
37 55 15 82 10 70 24 60 29 27 39 6 100 26 40 76 36 80 40 2 23 15 85 7 53 12 25 94 11 11 66 99 17 32 32 78 54 7 89 82 34 28 87 85 5 26 12 92 58 52 45 32 18 30 38 70 93 14 16 3 24 81 53 92 65 84 69 18 90 58 99 75 37 37 60 41 15 23 32 72 26 77 55 44 58 93 65 50 58 80 4 82 13 56 25 29 91 94 46 80 3 96 55 39 84 66 79 98 40 62 21 66 38 76 9 47 20 25 96 77 5 99 10 69 6 35 97 96 28 94 76 82 41 82 20 24 99 50 22 90 63 94 55 53 69 15 99 88 40 47 17 96 45 26 64 3 12 12 98 39 5 25 72 45 58 43 68 56 44 41 98 7 35 52 59 55 67 9 95 58 55 11 53 
52 88 16 54 100 27 3 90 83 28 62 27 85 4 46 93 100 39 90 6 25 93 16 79 11 76 25 68 31 35 20 34 75 87 39 74 65 41 63 99 68 76 25 5 32 23 49 31 13 38 36 37 82 3 67 93 78 92 60 60 78 32 93 52 70 31 25 35 24 40 33 43 15 10 47 46 84 47 28 96 36 15 84 18 17 50 10 47 93 21 58 71 52 3 74 74 85 99 8 8 90 92 51 56 53 49 54 88 96 81 83 31 96 66 100 64 68 9 62 60 82 20 82 33 74 56 6 58 6 65 66 95 9 68 2 13 68 55 1 15 36 35 46 83 53 97 98 20 6 12 31 87 31 13 71 56 68 29 13 25 45 30 71 5 97 72 18 17 27 18 31 14 4 28 48 56 25 97 75 82 8 58 
20 90 70 42 45 89 70 58 13 67 39 35 71 88 6 88 4 84 57 34 49 61 62 48 68 38 45 43 19 52 100 38 94 21 79 38 9 1 47 73 67 86 59 37 73 64 77 76 100 33 61 48 45 74 96 13 11 92 7 29 95 58 18 88 30 97 78 90 49 24 14 15 61 72 3 33 87 79 60 86 64 73 86 8 46 33 72 9 24 30 89 70 39 7 58 20 55 87 9 3 10 22 17 71 45 19 55 32 50 67 17 13 39 54 72 36 86 96 44 61 25 33 31 16 91 40 35 45 26 96 99 35 17 67 57 14 37 64 45 86 82 13 98 72 67 70 7 52 17 3 65 41 87 95 8 29 34 95 25 59 90 23 45 58 89 54 71 25 69 15 63 50 80 12 21 46 33 79 49 49 33 
13 90 71 7 49 99 92 43 23 2 32 97 47 90 85 52 60 62 20 27 24 69 6 35 41 3 68 71 51 68 56 16 57 26 74 58 77 66 100 51 67 84 48 65 73 84 16 84 45 35 62 20 55 19 7 47 21 26 18 24 93 73 91 2 50 64 59 78 29 10 29 48 93 28 12 17 11 80 53 56 66 14 27 21 85 85 67 57 10 36 80 55 60 70 56 62 86 66 39 14 27 19 13 20 46 77 88 57 56 40 64 21 6 90 93 90 75 12 98 36 47 78 90 59 99 97 20 36 62 10 2 41 29 14 60 74 90 99 82 97 91 45 70 96 87 62 37 13 73 34 48 72 63 90 30 14 86 1 49 100 10 50 40 90 16 51 16 57 1 97 54 91 42 23 86 28 36 74 92 9 
8 91 80 22 80 61 87 18 13 36 69 74 37 8 64 52 10 79 9 10 75 14 1 68 88 38 47 23 12 38 83 71 29 62 44 60 74 31 77 38 66 45 12 54 4 75 6 65 5 66 27 31 31 79 51 18 16 97 92 79 87 75 1 67 88 45 26 62 75 55 51 92 51 62 45 7 88 2 23 92 19 49 75 1 27 25 18 95 73 10 73 59 36 74 25 23 70 3 36 44 57 87 87 59 48 31 65 36 85 40 79 55 88 5 56 15 29 25 61 54 86 33 12 21 58 89 44 27 91 79 22 99 65 8 57 65 91 74 100 27 13 30 81 52 87 36 18 67 61 78 20 46 63 32 67 20 20 62 99 62 40 20 60 57 28 68 21 70 41 72 96 5 53 76 9 39 64 26 6 
76 4 25 21 66 8 39 37 79 52 35 40 44 7 99 100 86 67 72 55 59 95 50 16 47 77 24 38 92 1 95 67 4 71 40 21 79 78 10 9 82 44 49 25 50 99 76 87 17 47 41 76 41 42 43 39 71 18 28 62 18 22 29 74 93 68 46 23 97 55 31 78 99 31 2 100 30 29 39 46 75 79 73 67 73 67 58 43 84 85 56 54 59 84 27 3 3 72 77 100 27 59 77 77 90 31 28 19 59 66 64 86 97 89 4 21 55 61 63 39 98 70 92 8 54 70 10 56 41 38 7 19 96 36 47 85 18 75 3 28 92 19 13 40 7 69 60 13 81 74 51 30 44 94 37 97 63 98 4 56 35 11 74 31 98 21 67 15 47 70 42 90 40 7 30 98 75 41 
10 55 15 13 85 58 6 73 6 21 71 61 76 5 23 1 87 20 73 54 34 71 75 76 61 66 82 42 63 56 82 24 62 96 36 98 5 42 71 62 62 41 23 89 97 45 89 36 65 62 89 50 32 15 25 44 80 58 85 42 65 19 65 27 14 53 24 71 94 46 32 7 86 54 95 35 51 35 70 67 48 10 16 80 24 41 23 3 50 60 96 15 78 12 41 43 64 16 65 9 62 97 67 99 2 13 33 52 48 54 18 95 63 86 26 86 26 1 40 75 60 87 41 89 99 33 31 62 49 96 71 62 44 89 60 45 2 45 49 49 98 18 95 13 3 21 50 80 21 90 7 80 76 47 20 26 80 50 88 80 97 10 41 92 98 52 89 99 96 89 99 46 6 94 58 61 14 
7 92 86 48 98 65 76 97 36 1 76 37 88 7 34 49 47 77 99 98 65 49 46 5 48 91 63 93 48 23 58 54 14 43 54 64 59 29 60 94 29 87 30 69 93 15 69 91 92 67 40 8 68 85 13 67 75 75 59 22 49 16 28 14 58 81 77 68 61 88 61 89 26 90 57 70 57 26 60 48 44 52 7 11 36 71 77 63 45 35 36 45 2 15 59 11 47 87 78 7 27 38 96 52 80 4 74 36 81 85 35 25 36 93 35 24 64 64 86 60 50 21 5 52 36 15 14 82 53 92 41 79 81 36 83 12 91 56 99 72 40 33 96 28 78 82 51 41 45 88 52 47 8 56 50 95 22 63 29 75 6 69 5 39 56 87 50 46 94 1 69 86 85 16 13 62 
98 15 2 94 2 6 92 61 61 41 8 35 4 88 61 61 56 65 99 63 52 1 60 97 1 29 82 85 96 46 47 45 12 100 91 13 5 82 26 18 23 33 4 78 20 64 38 27 28 37 41 31 37 100 28 89 80 61 73 76 7 71 20 18 23 10 83 27 44 60 96 66 44 99 43 15 14 32 41 42 68 33 24 56 32 3 44 64 64 69 39 22 39 10 91 61 72 25 40 15 84 35 80 27 86 74 41 99 5 33 92 25 65 16 32 49 18 28 64 33 96 2 6 34 63 97 47 34 21 86 100 57 72 79 83 9 4 76 8 61 60 51 37 25 66 68 25 36 47 88 20 42 41 26 28 55 74 74 41 46 11 40 2 34 71 85 43 74 12 2 86 71 52 22 47 
70 42 71 57 88 10 76 82 2 53 9 57 26 34 97 72 96 36 73 29 6 9 71 32 20 24 17 43 76 91 89 45 84 60 1 23 21 76 4 23 81 64 79 6 49 75 29 44 62 2 73 68 62 95 51 34 19 19 76 46 9 64 90 44 75 42 19 96 69 74 18 49 38 48 55 86 74 35 82 35 88 6 54 50 52 4 35 70 23 10 67 83 73 56 27 100 97 97 95 66 70 64 14 7 11 20 45 84 55 26 18 42 83 72 43 34 27 77 56 49 86 22 32 11 78 10 62 26 6 56 43 75 71 9 34 81 80 78 16 34 55 85 28 89 8 22 22 35 99 77 35 36 51 66 98 80 27 59 5 32 66 100 59 36 8 92 68 87 21 35 73 27 72 52 
15 79 73 88 65 23 17 100 59 67 17 8 46 44 67 2 27 84 1 85 72 8 28 91 47 100 26 71 26 97 22 92 27 94 80 92 17 96 43 27 14 59 34 59 54 52 60 81 88 13 17 59 72 45 49 18 44 26 88 22 74 61 13 1 55 44 44 23 39 38 1 52 96 86 62 2 90 22 82 77 86 50 87 57 94 87 75 90 13 14 11 38 75 75 38 81 19 33 55 9 70 55 13 18 92 74 71 81 47 4 9 32 53 95 89 47 34 15 88 98 28 50 35 54 24 25 34 42 57 88 3 79 94 15 48 86 88 70 66 35 73 27 18 25 73 6 23 6 20 10 3 100 59 38 53 83 62 39 76 70 26 78 100 72 92 99 57 32 68 74 66 40 100 
35 65 73 41 87 78 12 49 81 63 7 70 68 41 31 6 69 52 83 46 52 54 90 50 62 21 18 36 38 9 35 72 73 59 64 12 37 28 60 69 90 18 38 57 59 20 14 27 23 97 24 74 2 13 76 64 85 45 99 22 53 85 46 78 44 9 89 32 36 100 100 78 17 89 34 27 60 100 53 82 48 29 8 49 41 83 64 78 79 14 99 31 99 96 60 94 5 48 25 92 99 76 69 16 16 55 94 75 54 47 8 53 27 67 1 67 1 17 96 79 30 95 62 28 42 21 73 46 21 97 90 19 72 58 86 87 64 80 13 69 78 73 21 4 39 74 22 40 90 18 18 19 64 79 99 5 100 71 3 72 20 44 90 91 1 28 30 17 7 42 85 36 
66 6 91 5 31 12 44 20 81 61 90 44 92 88 1 43 11 55 14 30 98 55 20 50 82 1 66 40 95 3 27 60 60 17 64 90 81 7 9 61 20 98 57 11 38 9 5 48 63 70 77 60 24 48 9 58 49 27 97 95 29 76 54 88 92 70 29 24 76 37 85 47 86 93 9 23 1 13 22 63 82 98 22 58 98 82 15 98 8 63 92 88 38 45 27 82 14 55 5 42 91 41 40 29 33 49 3 33 13 25 47 47 22 20 4 71 2 70 68 61 32 59 49 22 56 75 55 69 30 11 62 72 52 2 100 36 2 55 21 14 79 67 60 52 87 15 23 40 84 90 100 68 49 100 89 4 75 95 24 56 5 38 79 56 39 31 44 92 85 64 5 
63 30 17 14 68 31 36 7 67 78 59 34 26 58 74 81 84 68 4 91 72 93 70 80 83 52 23 74 36 38 79 50 19 47 15 87 29 51 45 95 80 3 28 5 61 53 37 44 20 92 87 44 85 56 23 67 7 97 41 94 34 71 43 52 17 57 90 97 59 35 92 38 37 71 94 49 24 82 45 95 74 31 38 58 38 60 76 96 8 16 89 41 38 31 45 6 39 34 3 98 20 94 87 9 16 33 57 91 14 53 86 87 35 23 96 72 35 72 67 42 39 55 35 77 37 79 82 28 64 84 77 84 29 63 92 97 47 100 87 61 5 24 99 39 47 47 63 33 18 29 74 56 36 8 84 24 86 66 51 50 1 27 85 82 42 28 78 88 27 64 
100 83 40 51 22 86 97 36 18 66 64 43 73 51 51 57 75 88 22 77 89 74 56 25 55 97 52 32 36 31 48 88 13 87 90 86 24 86 21 93 51 37 35 23 87 37 31 13 77 4 42 17 78 97 42 32 45 93 16 32 75 15 71 88 53 60 25 28 97 46 72 47 82 6 22 20 95 52 85 23 56 78 39 85 74 80 68 70 25 83 1 99 49 24 38 53 83 63 80 80 8 51 78 41 9 51 12 55 3 48 77 10 25 15 94 98 47 61 19 23 96 72 21 96 95 59 49 29 73 28 8 80 31 38 72 39 88 35 93 42 83 21 51 7 87 96 57 85 9 75 7 4 98 80 99 92 90 99 21 62 27 80 93 57 69 64 47 57 98 
91 50 32 11 53 39 49 48 95 34 8 21 40 11 19 71 62 62 60 60 34 21 38 66 13 46 34 28 92 42 26 34 92 57 96 44 47 45 43 93 78 51 66 69 13 84 40 26 97 51 38 31 72 75 48 84 73 81 12 16 75 89 50 66 97 45 61 96 41 55 88 70 5 53 39 70 88 30 95 37 80 32 67 3 59 66 87 31 46 50 46 72 90 95 89 38 92 49 33 32 56 73 2 12 25 92 81 65 73 28 1 4 11 19 7 69 84 45 51 81 94 97 53 35 43 41 72 86 42 57 18 97 29 71 8 5 62 41 69 86 68 69 89 30 39 95 99 22 39 49 3 84 97 55 70 92 47 94 77 88 50 46 36 78 16 96 82 29 
36 3 14 55 71 55 84 62 49 34 83 40 35 37 75 31 43 97 74 90 90 51 29 39 96 65 68 64 12 1 92 47 3 58 53 26 12 88 87 12 22 69 3 56 58 30 38 100 26 12 89 67 14 70 57 9 86 24 24 97 24 16 43 79 25 47 4 88 34 90 99 7 10 54 62 67 35 52 67 12 15 7 78 28 28 34 88 13 9 12 9 84 79 3 62 3 49 65 90 35 6 40 41 68 45 55 34 79 6 52 90 20 11 19 99 38 52 86 51 12 97 11 96 75 14 9 29 14 26 70 48 31 62 89 98 6 95 84 37 52 87 26 71 97 97 21 87 100 6 89 12 55 99 59 81 12 67 10 26 92 79 25 75 40 65 72 98 
59 7 34 10 94 11 32 42 7 52 28 7 10 16 18 64 67 28 44 78 94 5 55 38 84 32 12 75 96 35 24 7 42 57 16 87 20 100 28 26 3 56 32 12 23 1 27 89 80 71 19 74 75 73 11 10 4 74 37 52 8 60 58 1 69 25 87 88 24 15 65 79 22 49 90 44 1 17 85 81 39 3 54 13 27 16 75 83 41 63 34 100 74 43 1 42 67 87 81 43 1 46 21 74 94 62 70 46 78 54 26 68 8 31 33 34 98 7 68 38 69 53 38 42 95 38 36 14 76 16 56 29 13 28 2 58 89 71 4 19 24 81 86 83 12 18 17 9 76 36 99 44 89 36 38 83 25 25 96 100 92 3 80 5 30 82 
14 71 4 69 89 28 50 74 62 61 44 78 21 19 14 19 15 54 6 52 36 30 76 84 82 19 38 61 23 20 42 89 90 46 57 78 25 6 3 86 18 46 16 39 65 81 57 31 34 63 82 21 44 9 56 25 27 94 86 2 13 79 90 2 76 46 31 52 4 85 38 21 31 5 59 47 37 68 77 22 30 10 42 73 70 98 50 48 43 35 49 55 65 90 8 41 88 90 92 91 74 81 63 56 37 22 54 73 89 30 94 70 91 88 94 60 37 43 8 79 29 8 85 94 98 44 86 85 33 77 27 6 10 89 14 46 62 67 71 2 49 64 71 39 3 65 51 39 59 10 69 88 17 5 33 66 48 18 2 80 94 80 38 55 69 
51 1 82 17 71 84 65 86 54 56 89 70 58 79 81 67 48 68 35 4 52 1 52 69 54 83 14 34 72 69 2 74 69 83 91 91 18 7 28 24 14 16 93 71 47 25 37 46 44 24 49 95 24 100 63 77 35 77 10 6 97 63 80 17 98 22 7 15 80 86 38 46 2 83 16 100 59 5 45 3 28 45 97 3 97 12 79 31 88 41 88 36 55 67 52 52 40 10 19 20 95 8 65 48 42 32 47 1 36 43 3 15 88 99 17 84 62 48 66 49 88 53 36 42 20 87 46 11 48 16 82 43 23 98 42 17 30 41 17 17 83 71 84 22 21 100 5 83 47 70 31 86 23 19 80 94 5 77 56 5 92 38 47 66 
35 40 82 16 80 50 85 15 20 68 36 41 67 41 23 66 62 5 51 36 23 30 81 80 6 37 84 49 74 82 67 60 73 48 76 53 50 60 67 69 79 2 61 45 94 83 10 8 40 13 95 62 94 76 93 52 64 28 100 89 61 66 48 34 66 75 38 15 86 4 35 64 57 96 61 3 78 22 10 69 34 4 83 28 31 75 79 94 55 30 34 15 96 34 100 13 8 37 27 46 92 13 61 49 8 21 51 38 43 12 6 76 67 88 55 50 15 33 95 69 63 29 35 10 62 35 22 21 71 100 66 63 64 79 63 72 99 65 61 93 76 18 21 42 6 75 43 72 60 38 40 74 66 26 83 79 60 56 99 83 7 17 45 
70 95 59 93 45 23 53 38 98 71 58 91 28 84 34 99 43 71 90 16 88 15 50 66 27 5 64 9 63 32 53 85 26 11 77 71 33 82 60 82 52 17 24 31 100 57 81 95 79 22 10 18 36 60 83 62 16 99 70 79 30 74 63 8 36 91 78 20 72 89 1 75 57 25 5 8 33 37 2 64 58 12 81 46 23 64 7 90 14 29 20 43 54 34 50 90 25 79 9 48 19 62 23 75 38 79 83 70 16 84 85 25 47 66 70 21 81 29 11 94 57 82 88 10 16 90 99 92 68 60 39 87 21 13 13 10 92 95 31 59 79 16 83 25 81 5 98 61 33 8 6 89 89 93 50 56 82 1 47 2 60 86 
40 32 50 52 93 41 47 23 51 25 38 86 1 18 90 50 30 22 57 35 62 98 28 11 5 9 11 52 10 22 89 1 5 38 53 97 31 99 20 81 75 57 18 27 27 7 77 56 80 85 91 41 34 70 4 39 78 66 42 40 88 82 40 44 71 92 41 1 42 12 34 16 20 3 95 46 10 71 54 89 7 96 82 41 65 85 79 94 50 72 85 89 53 25 33 23 68 25 76 62 88 61 29 7 63 23 5 24 45 58 65 52 53 98 92 69 82 22 62 83 93 47 72 97 23 56 71 42 32 98 3 19 58 32 25 73 6 81 48 51 38 12 54 42 9 45 62 42 18 24 25 62 22 48 58 96 55 80 37 86 78 
92 56 87 75 32 59 80 13 59 82 50 70 35 44 31 31 5 72 100 80 48 61 1 47 70 96 1 50 85 38 27 76 45 65 50 77 76 81 89 34 15 90 55 1 33 85 84 90 57 83 69 56 44 22 3 65 69 55 14 53 45 92 80 89 57 81 65 84 14 5 17 80 95 71 80 79 8 63 68 64 98 37 71 93 10 25 57 78 32 23 83 76 14 14 16 22 47 33 5 60 37 73 39 31 96 70 62 3 85 29 18 82 17 88 74 26 13 82 56 96 4 90 71 70 3 38 91 1 70 48 12 59 72 50 41 67 72 2 69 56 31 38 89 47 26 14 25 90 95 32 85 99 21 7 20 75 44 10 28 66 
9 39 24 81 89 64 99 12 18 68 67 48 5 7 46 82 20 22 23 14 53 59 64 25 65 83 52 61 45 79 26 5 17 1 85 57 16 84 68 33 3 86 80 59 92 78 41 11 99 15 77 4 74 92 28 38 27 79 50 71 57 75 75 26 27 12 82 43 47 2 75 49 87 7 7 79 84 99 41 34 66 17 37 39 9 65 28 87 95 78 57 4 4 83 29 31 94 62 73 40 63 99 40 50 57 99 80 40 97 20 26 62 89 62 52 49 78 80 35 73 57 91 28 12 25 8 42 71 69 66 62 32 17 2 33 73 100 12 65 48 31 90 62 71 3 13 19 81 92 53 5 100 95 84 12 72 91 5 42 
59 71 3 42 87 4 74 11 55 85 75 3 68 16 64 90 19 28 9 51 72 13 7 71 60 90 34 31 80 39 72 90 61 26 32 99 30 5 9 36 42 84 38 61 51 53 50 69 33 10 71 4 23 77 26 82 66 60 12 97 50 35 87 10 60 18 8 41 74 16 77 67 51 66 79 54 71 29 22 3 38 93 58 12 21 83 45 87 94 8 83 43 42 69 52 54 38 11 94 64 79 22 30 81 88 61 34 58 89 8 12 78 52 69 42 72 51 86 58 97 94 93 39 87 13 43 40 51 5 34 66 83 55 95 16 94 55 49 3 95 56 66 25 7 34 66 31 37 3 88 33 96 80 23 35 93 65 74 
95 70 59 60 4 66 6 19 59 13 68 14 59 75 79 83 34 65 100 64 1 3 3 85 50 35 7 84 79 24 58 73 93 68 84 96 33 89 67 92 53 86 57 12 12 35 94 97 99 46 60 51 48 15 87 97 49 94 33 27 17 42 51 61 9 34 8 42 74 74 85 27 11 41 38 23 75 83 19 26 28 31 28 27 45 15 76 45 8 8 23 76 49 25 88 57 58 47 50 83 73 34 9 83 74 98 5 1 81 76 78 60 6 5 87 2 19 62 46 78 69 20 5 69 44 44 77 1 91 27 35 63 60 44 45 86 41 2 38 73 77 67 33 82 71 19 35 42 32 80 71 100 99 28 20 94 71 
96 46 61 74 80 75 34 23 72 71 16 73 60 88 1 26 72 34 48 42 68 41 73 47 64 24 97 91 43 90 61 91 35 74 64 66 100 49 89 71 71 56 95 30 95 95 7 67 28 7 8 47 99 33 93 62 56 41 52 51 82 65 93 68 90 56 34 41 5 74 12 27 29 58 9 75 53 67 41 32 73 1 79 72 85 23 85 92 16 89 42 97 5 34 17 46 42 2 86 98 75 49 24 55 7 32 29 59 99 22 42 23 74 20 46 58 95 31 49 10 71 43 58 75 76 26 72 69 27 57 66 53 6 42 7 12 73 88 22 23 61 63 98 34 35 43 91 29 25 39 90 47 81 47 73 9 
73 44 77 51 1 95 4 58 36 62 21 60 1 94 35 61 8 32 94 42 26 84 22 3 75 63 49 7 10 22 67 34 65 44 36 17 90 39 74 25 53 46 36 53 39 70 14 47 1 7 40 79 43 62 81 69 24 29 75 85 50 42 70 67 37 6 83 78 96 9 2 48 54 37 1 45 59 14 91 11 72 30 89 66 43 69 86 19 98 61 3 99 54 25 65 42 30 100 19 25 8 72 73 13 60 25 9 18 90 99 29 13 81 17 79 23 38 64 41 35 76 96 85 81 20 2 74 1 1 92 77 60 15 1 24 75 25 33 92 66 83 72 79 63 41 9 38 78 72 30 64 100 25 48 32 
96 49 6 48 1 49 25 60 64 77 36 90 2 68 81 67 50 5 97 65 45 5 2 22 29 31 37 28 8 36 59 3 85 16 3 37 65 79 49 80 55 84 69 8 3 1 75 4 5 23 68 1 28 69 74 56 52 10 83 59 46 93 13 82 9 15 18 25 93 18 4 100 1 72 7 3 72 33 59 29 56 26 29 83 47 3 38 98 12 72 8 9 64 20 90 24 87 60 100 31 77 55 30 30 26 37 84 50 69 42 30 24 68 58 6 66 60 95 15 24 66 22 84 82 93 74 57 79 85 57 62 61 11 91 90 89 79 74 90 48 67 19 23 86 76 81 51 88 75 65 63 93 86 46 
74 79 71 30 9 55 38 70 16 1 13 57 89 91 82 78 38 49 96 13 34 23 93 85 62 19 1 24 11 87 22 36 17 92 18 77 47 55 99 14 55 11 22 95 1 4 72 91 52 19 3 37 94 47 21 55 65 22 31 28 60 4 15 28 47 32 56 93 39 54 58 45 64 80 40 65 83 63 55 86 82 9 22 27 55 95 81 71 68 63 50 79 66 65 58 65 48 13 57 86 67 67 31 30 98 70 46 80 32 100 17 65 60 90 91 14 84 24 37 3 38 86 81 56 2 38 20 50 51 28 35 69 94 17 98 91 38 44 22 22 95 90 86 55 80 29 20 15 52 56 18 41 94 
50 96 95 88 15 96 90 43 83 58 88 99 7 79 37 2 52 58 49 42 95 55 73 75 74 87 26 82 56 19 27 6 14 21 45 29 17 34 23 51 43 10 49 1 40 37 55 44 46 3 85 93 9 9 67 82 95 45 15 51 63 41 56 76 14 52 4 82 85 78 32 79 88 32 31 79 69 85 22 66 39 58 58 47 66 25 81 13 69 47 63 31 40 70 6 53 21 62 86 57 39 69 87 78 52 17 57 20 54 78 38 92 36 95 91 53 19 71 65 87 17 79 69 56 100 27 60 72 88 97 28 78 17 66 8 69 35 16 40 88 45 77 79 32 72 21 85 90 91 49 29 60 
80 49 15 79 75 27 51 14 23 30 44 40 96 51 8 30 18 47 69 62 24 99 94 47 20 78 36 10 78 16 69 57 65 36 36 91 62 38 5 36 67 100 75 14 50 34 95 67 33 63 80 8 62 73 54 81 50 41 42 80 9 63 36 25 98 23 15 11 12 71 46 31 70 73 44 19 6 91 37 90 5 69 97 66 41 50 98 43 43 92 22 51 54 9 75 3 84 89 13 95 12 58 25 81 30 21 52 88 63 40 77 67 8 74 85 49 75 34 91 69 25 64 19 30 72 45 32 7 86 44 2 97 2 78 77 83 50 28 70 64 68 47 31 75 72 15 75 98 100 65 67 
25 80 37 54 52 34 86 10 19 81 11 67 34 41 43 17 90 23 38 54 42 36 36 16 7 2 43 57 1 7 75 77 39 63 83 42 96 68 51 14 100 62 80 34 54 75 50 95 49 87 100 90 23 35 57 81 88 99 89 89 58 63 17 96 26 99 37 21 18 87 87 18 100 18 51 53 44 52 48 92 90 99 81 64 34 90 97 73 88 85 13 45 100 30 92 77 28 80 49 46 67 35 15 18 5 17 71 48 68 70 92 9 68 24 73 53 13 21 26 1 5 38 97 56 19 41 32 47 20 81 44 86 67 10 56 71 26 78 71 45 47 62 53 66 85 77 71 98 97 96 
50 54 85 46 9 4 38 41 2 58 21 45 95 87 54 50 10 31 27 80 75 25 93 27 91 29 4 61 78 52 8 27 5 92 25 14 47 62 6 48 71 78 92 66 16 97 15 25 79 94 56 53 18 100 32 60 29 87 72 6 38 79 85 95 23 61 8 69 22 65 17 45 42 60 10 9 9 76 34 87 69 41 40 87 41 71 98 21 57 70 78 46 48 62 40 22 22 99 91 96 63 59 40 56 70 1 65 78 76 50 17 45 90 56 83 82 78 32 2 86 1 80 83 1 93 23 22 67 21 64 14 36 74 5 43 44 5 59 21 32 60 37 28 50 44 10 83 73 94 
37 10 94 68 93 46 60 15 68 78 87 83 91 74 57 47 17 100 3 27 72 35 87 61 62 88 56 24 70 29 17 58 38 62 25 30 8 37 96 75 14 83 9 57 8 65 3 24 16 58 3 40 92 89 52 53 28 7 28 97 87 44 55 77 6 31 58 13 67 54 39 81 88 99 89 95 64 43 71 31 100 73 22 91 13 73 96 40 32 75 88 18 19 94 46 76 25 4 40 91 9 30 23 48 28 11 42 43 54 64 26 53 88 47 96 52 20 91 91 51 17 31 20 35 24 66 62 100 21 53 91 29 82 65 76 62 76 69 4 81 85 29 33 72 76 80 24 47 
22 66 97 39 96 68 25 72 33 87 71 53 39 13 33 73 78 60 34 5 81 89 85 65 18 69 36 45 49 11 91 22 29 39 60 24 6 85 95 91 23 18 95 13 30 80 37 7 39 70 63 19 59 47 83 28 68 71 72 68 33 62 89 61 52 49 85 9 85 31 99 59 48 46 71 30 25 8 88 15 29 51 34 39 49 68 66 16 90 37 35 23 50 24 83 53 24 19 62 60 2 12 18 1 9 40 30 33 99 70 100 28 20 33 18 20 52 84 36 42 72 70 16 74 45 98 26 20 69 39 79 22 3 48 74 11 88 56 44 86 25 95 65 96 27 83 15 
30 18 2 23 41 72 38 14 68 88 92 88 56 82 18 29 84 66 2 95 53 57 90 90 81 84 55 76 62 89 43 91 58 44 14 98 67 51 64 35 90 7 74 97 88 91 25 24 56 79 18 8 35 59 50 68 42 4 95 55 44 37 45 1 81 10 50 99 13 13 33 2 19 6 51 59 49 75 82 4 53 51 64 40 9 65 59 50 68 53 56 63 42 100 15 74 62 64 72 26 29 57 79 99 14 29 9 62 56 90 18 8 40 33 99 100 97 57 1 16 62 56 78 55 8 44 28 69 59 51 46 87 7 24 38 21 5 46 34 60 88 51 19 79 83 18 
79 79 26 79 46 39 35 75 93 42 18 72 62 77 23 7 15 81 82 4 1 86 50 35 97 89 37 16 67 20 85 45 50 62 76 96 1 10 70 45 3 40 17 64 16 91 70 82 71 3 86 72 89 87 58 85 75 94 52 93 65 36 38 15 98 13 62 50 74 83 94 76 22 10 39 89 52 60 23 23 62 8 94 2 46 3 39 20 96 90 12 61 78 1 27 27 65 88 76 90 22 69 65 44 31 55 84 82 66 6 4 80 65 49 33 10 3 71 81 99 13 93 11 42 45 37 68 62 76 43 51 97 63 68 92 45 74 76 27 40 81 82 19 46 83 
51 55 85 74 88 35 38 32 45 79 76 33 46 89 8 40 92 57 54 59 48 99 32 23 77 23 56 10 93 53 92 44 59 29 69 46 63 6 77 60 36 53 44 33 93 4 72 84 60 25 42 59 75 26 34 51 48 89 61 41 41 4 36 99 32 56 45 47 13 73 58 48 77 1 80 70 4 3 53 15 79 47 74 54 72 7 56 71 95 68 63 87 72 50 37 55 5 33 1 17 6 58 64 82 11 95 51 14 97 56 29 28 54 54 33 25 60 88 47 6 56 62 92 79 11 80 33 16 13 34 32 18 43 48 51 5 42 54 19 91 9 99 70 62 
52 2 38 63 89 36 68 96 97 11 74 8 90 7 75 2 92 6 71 86 5 22 91 99 27 61 89 87 11 10 100 62 11 89 76 51 24 43 47 73 53 72 80 94 30 54 96 73 11 18 59 16 39 1 14 17 61 54 3 23 63 2 84 73 90 11 75 14 53 21 38 57 45 17 50 74 22 97 99 84 15 9 99 5 9 64 22 21 69 24 43 31 26 78 55 67 88 30 32 92 2 69 48 98 37 49 24 58 46 22 42 60 30 92 64 90 8 37 62 76 61 56 7 38 85 13 4 72 94 36 15 48 56 14 45 93 62 68 2 59 41 43 70 
22 87 86 11 94 22 24 69 34 79 27 71 63 92 27 86 85 14 100 32 69 13 29 61 27 48 63 85 89 57 7 10 95 92 73 88 13 96 9 47 75 87 69 89 78 95 75 15 8 26 98 29 91 26 41 17 74 55 53 14 12 59 23 58 50 95 46 15 91 6 61 17 92 29 5 22 24 31 88 83 57 85 11 99 63 4 15 88 58 19 1 21 78 75 79 79 70 76 93 12 81 53 80 24 34 36 97 9 67 84 43 75 21 6 73 35 9 39 22 66 57 74 87 86 48 65 65 69 92 57 80 72 62 11 47 47 47 96 55 13 79 49 
39 51 54 63 85 62 1 58 80 9 83 66 95 83 82 59 51 73 67 83 96 80 93 94 26 39 89 32 3 20 81 41 70 34 55 7 48 55 16 27 64 99 92 10 81 25 68 83 49 86 17 44 66 62 37 91 100 78 75 55 97 55 47 18 40 2 76 87 56 92 13 71 42 56 80 74 80 99 8 80 37 25 23 2 86 12 44 37 41 18 91 89 24 38 58 64 91 34 50 98 77 15 69 70 70 100 43 2 51 50 81 87 26 56 40 11 19 83 48 59 53 90 47 76 79 4 91 69 89 93 67 17 7 87 86 28 38 80 81 40 30 
14 26 7 69 65 18 39 100 17 97 52 6 95 79 37 50 22 5 39 14 23 55 20 61 93 99 51 72 80 90 53 93 68 60 13 84 77 3 83 45 99 86 50 93 17 38 94 38 43 32 51 17 39 22 30 31 20 80 2 51 21 7 95 88 66 59 72 94 61 6 38 11 44 39 55 12 77 49 1 71 80 51 39 70 24 68 100 95 47 54 46 20 60 92 7 77 51 30 70 11 88 59 74 31 97 28 94 25 76 94 95 8 96 86 77 19 53 77 13 52 30 10 71 41 2 29 17 52 59 38 14 46 96 87 28 44 67 21 69 42 
66 15 49 61 100 26 79 5 54 43 56 35 53 78 75 54 6 43 57 16 80 22 13 27 61 92 70 27 64 90 20 29 5 69 89 56 46 19 12 99 62 19 33 14 96 59 19 54 53 27 21 84 48 34 10 60 25 31 86 89 21 6 17 77 26 58 84 71 76 96 21 37 14 5 2 62 63 20 15 67 98 35 50 46 20 11 5 45 41 43 85 13 48 53 41 25 10 25 95 86 72 15 74 85 19 76 46 33 47 12 99 45 99 100 42 18 10 98 14 2 40 50 67 39 3 7 63 12 83 57 49 54 23 23 91 93 50 88 77 
48 100 27 92 50 26 85 19 87 83 85 41 22 34 7 61 36 65 75 100 100 84 100 53 6 22 43 51 23 31 79 71 82 6 14 83 83 51 1 22 33 85 62 6 71 20 18 58 36 93 57 35 76 57 40 33 30 34 83 5 64 14 75 97 19 40 31 53 90 32 74 74 68 87 32 90 6 49 48 94 41 4 28 68 12 67 1 42 1 35 46 16 48 72 65 18 63 95 71 5 78 44 78 98 31 9 87 88 10 34 81 2 90 61 70 1 79 70 94 31 56 91 99 4 62 15 21 25 61 91 81 39 87 10 88 17 19 74 
4 80 60 37 81 1 97 50 1 75 71 47 58 27 37 56 82 99 70 54 75 30 97 55 20 83 64 7 99 34 33 54 65 44 90 46 44 38 95 96 65 18 42 22 96 79 29 77 29 98 82 3 79 78 9 99 60 24 57 10 10 41 64 74 84 5 19 79 95 66 75 59 83 16 32 30 46 60 58 74 9 39 28 39 17 36 37 28 60 46 38 69 86 53 94 22 9 13 100 3 30 26 13 64 94 44 93 39 55 50 13 15 88 40 54 56 28 42 84 39 87 21 59 25 73 52 46 81 64 97 36 93 23 48 56 16 44 
100 6 50 49 70 65 89 10 70 44 89 63 27 27 2 47 85 26 71 36 23 4 52 71 39 96 93 38 4 60 81 3 18 83 52 87 47 92 48 68 35 36 30 62 62 31 60 98 8 83 34 30 86 37 1 76 32 45 13 35 57 46 38 74 28 41 60 26 32 60 93 18 95 74 79 9 57 91 6 64 73 91 46 58 27 46 85 11 42 97 45 50 94 34 23 21 26 35 46 57 94 90 75 40 16 5 48 72 95 6 35 19 96 80 76 75 77 12 85 71 9 81 20 2 15 95 75 40 81 72 49 26 14 75 65 29 
31 65 100 26 70 86 96 17 18 24 91 46 35 27 68 95 8 40 49 22 34 23 13 66 94 13 43 7 87 59 87 70 23 86 47 44 24 42 61 93 65 3 38 100 82 6 94 89 97 42 62 30 16 26 47 10 39 89 68 77 47 55 46 22 92 92 65 15 34 77 59 98 32 97 49 13 54 95 53 50 36 14 31 52 39 29 13 29 69 32 6 67 86 51 88 30 95 5 96 28 33 55 77 16 3 78 28 8 72 32 57 7 45 39 10 36 19 74 16 87 6 21 53 43 24 93 72 70 97 68 97 81 74 25 97 
76 2 76 83 73 8 91 32 4 81 93 91 99 19 7 37 76 79 89 70 54 33 42 23 81 61 71 62 34 96 10 61 49 85 43 74 44 33 57 100 13 1 90 11 19 48 99 46 79 87 16 32 20 9 55 52 21 25 13 54 72 22 14 73 59 8 98 54 40 54 53 4 54 95 66 25 42 64 70 72 50 37 4 21 45 10 73 65 86 37 70 10 11 35 82 69 42 79 74 33 84 27 36 89 21 1 13 14 64 35 86 66 71 41 38 68 50 10 32 35 99 54 44 9 88 77 29 30 55 2 62 90 80 50 
79 52 50 43 18 14 29 3 79 52 43 16 19 44 78 2 78 28 55 74 88 43 50 68 24 57 21 37 98 1 86 76 52 36 71 69 1 51 23 31 2 17 98 72 12 75 74 90 54 28 15 41 22 16 8 45 72 29 34 22 29 19 49 32 6 19 53 6 70 27 88 23 44 86 95 55 60 20 96 66 47 62 6 21 78 14 17 1 94 50 22 74 21 71 5 26 41 9 84 62 36 71 85 31 56 31 37 68 50 85 33 48 46 90 68 23 55 85 76 48 86 49 21 6 71 78 84 12 86 67 25 73 89 
61 3 97 91 40 16 92 24 100 40 21 89 59 96 44 43 71 91 81 19 64 86 90 41 69 53 26 87 77 99 28 38 53 24 80 92 39 72 67 38 11 88 78 69 83 73 64 5 64 44 23 79 81 64 19 2 68 96 88 45 46 15 82 99 90 61 42 80 84 61 17 94 48 47 15 82 19 78 86 34 73 60 12 53 76 82 54 43 78 94 39 23 60 20 73 50 33 15 29 16 75 98 62 74 44 76 55 14 5 92 48 29 3 59 81 78 41 87 73 70 80 11 44 39 83 17 40 67 31 69 34 57 
18 95 30 13 22 36 26 78 27 73 6 29 84 39 59 76 25 31 45 56 93 88 46 75 4 86 41 86 6 75 42 23 21 71 35 95 6 60 24 84 85 30 65 68 20 23 95 96 5 39 51 97 78 96 24 34 33 16 71 38 42 13 60 63 35 46 9 93 6 32 76 42 13 40 9 84 14 55 79 18 93 29 67 22 77 42 7 9 57 78 99 99 90 58 13 24 56 21 68 61 4 44 54 69 35 14 52 49 68 31 18 60 11 36 33 39 77 40 100 34 17 98 84 6 7 96 81 62 68 1 74 
23 44 27 91 30 40 95 30 7 25 48 18 87 35 51 78 64 42 77 49 58 26 32 15 32 79 47 46 46 47 19 20 42 98 11 72 37 5 1 96 81 100 13 19 35 15 96 98 8 24 98 65 49 29 31 33 7 30 78 4 76 48 23 70 45 85 41 34 89 93 29 21 93 93 40 79 60 87 28 67 11 25 84 59 5 66 43 11 95 20 66 71 20 40 40 64 25 32 49 65 24 29 86 68 74 77 98 33 15 25 51 25 1 86 36 5 52 30 67 46 50 32 68 21 24 59 84 48 42 85 
12 66 13 49 85 86 77 83 70 92 59 73 68 60 58 55 16 61 85 83 7 86 66 74 6 89 85 41 88 26 25 52 43 90 100 28 75 29 62 97 72 72 69 39 31 78 46 99 39 30 81 97 15 98 22 72 39 6 12 26 32 37 77 26 26 29 53 52 57 66 100 80 38 68 18 20 98 63 18 88 44 50 84 10 48 57 81 38 63 93 63 46 81 92 71 58 20 76 9 28 93 9 7 82 28 76 2 77 91 71 64 34 21 99 44 20 56 76 57 70 68 71 15 48 62 37 5 33 64 
66 60 57 26 18 38 5 94 91 82 84 62 97 69 82 96 64 53 3 40 9 72 59 79 38 59 93 26 15 25 90 80 37 98 57 54 35 62 47 26 43 82 39 91 3 20 38 66 72 40 57 32 63 16 62 52 74 54 78 88 31 19 20 67 16 76 20 50 37 19 27 31 52 65 74 54 36 11 72 59 51 28 42 65 43 4 17 68 57 46 8 39 64 27 5 79 54 25 80 43 95 59 25 46 75 98 100 63 9 71 21 11 50 63 75 45 18 43 12 26 88 19 65 3 97 69 81 51 
45 13 93 39 23 17 37 97 15 88 59 23 10 32 85 59 46 59 3 15 54 15 40 93 85 4 96 82 25 28 32 21 40 24 12 14 92 48 63 6 35 73 80 44 4 64 54 1 75 57 15 28 23 7 20 7 10 15 88 86 95 71 7 86 46 18 100 38 17 62 95 51 34 75 46 90 90 51 42 64 7 57 43 29 63 63 88 24 29 27 10 23 98 68 9 95 85 60 32 1 21 27 3 6 53 100 47 42 50 89 6 9 97 48 37 59 62 76 34 43 3 95 65 52 62 25 46 
98 84 30 50 56 56 4 14 8 3 60 1 5 48 6 13 44 6 1 54 67 77 40 9 31 34 26 82 48 2 79 97 86 8 47 93 15 2 6 74 5 66 75 61 65 32 73 9 37 73 14 56 1 53 16 31 87 41 64 86 43 95 82 80 54 80 24 69 82 30 94 38 47 68 98 11 52 70 71 88 94 85 95 47 37 11 77 23 3 93 60 45 87 42 76 92 73 100 60 54 81 6 91 79 25 40 89 76 61 60 16 7 96 10 53 32 20 81 7 75 73 66 71 11 59 47 
3 32 98 14 85 30 19 28 8 96 19 48 71 80 59 38 38 54 48 90 86 19 70 44 45 43 9 16 5 68 62 59 99 11 73 35 40 43 14 99 38 33 46 61 64 57 50 1 10 49 90 47 20 11 90 64 5 51 79 10 18 40 68 68 2 92 54 93 35 68 91 24 52 89 36 67 45 86 67 6 34 8 5 53 70 94 17 75 96 95 84 13 87 3 32 88 95 38 81 81 5 23 4 8 11 92 74 7 77 92 13 62 51 17 15 20 62 83 94 58 77 29 22 15 32 
54 55 78 91 87 58 47 9 13 6 20 4 79 26 32 22 90 94 72 6 8 91 20 90 37 77 18 65 98 85 48 3 39 25 45 25 82 43 33 47 48 4 50 78 82 82 99 23 27 22 29 34 13 100 75 1 76 44 65 25 28 13 80 66 37 24 42 71 19 75 17 18 30 18 96 63 99 46 86 25 68 66 10 32 65 36 32 40 32 48 16 59 60 95 77 49 71 18 71 89 44 87 6 26 4 53 88 55 51 73 31 18 90 93 1 54 80 32 93 11 31 9 22 43 
55 98 91 25 67 61 13 63 99 71 88 54 75 27 60 25 52 91 94 41 35 94 95 14 77 39 25 8 99 46 50 54 95 92 78 61 52 43 75 2 13 14 55 87 41 15 64 44 57 57 84 91 51 78 4 27 69 80 34 67 77 35 20 71 26 98 84 29 92 58 30 4 24 37 42 64 3 5 7 11 62 42 53 64 72 56 42 40 88 76 6 64 62 78 87 88 27 70 16 18 79 98 73 2 86 14 17 40 71 75 50 84 17 2 47 88 9 88 27 48 15 84 12 
29 61 50 16 87 19 83 56 49 32 28 3 69 42 19 8 64 94 9 47 10 62 45 49 23 84 75 70 51 58 33 79 71 82 46 9 52 80 65 1 12 92 3 80 85 73 40 48 66 48 46 27 10 42 75 84 26 1 53 28 11 38 58 81 19 3 89 23 82 5 23 45 97 77 25 33 1 64 81 67 63 78 45 24 20 72 7 97 72 60 24 34 49 81 14 67 35 55 89 16 59 63 61 7 91 37 40 92 52 72 10 14 49 6 38 20 77 96 16 1 7 91 
34 55 23 48 22 57 54 62 25 12 77 37 71 19 73 10 10 76 81 71 89 81 77 78 1 53 74 68 53 80 11 39 35 33 86 8 42 91 21 18 54 49 54 24 68 78 33 77 53 65 100 93 46 76 23 98 28 96 17 33 27 27 71 13 12 8 72 5 98 93 22 51 41 27 27 60 56 59 89 8 24 88 52 21 63 74 70 42 69 86 74 48 65 96 60 28 55 32 32 4 76 5 7 68 31 33 28 38 91 16 45 66 3 96 38 17 22 7 58 42 45 
84 89 9 31 1 36 86 32 19 41 59 75 47 26 57 79 53 94 22 20 38 39 74 85 77 90 58 83 100 100 79 35 88 87 65 88 74 2 71 92 43 29 18 41 55 74 72 59 67 45 31 56 83 4 93 11 46 50 46 45 49 24 79 37 11 43 76 84 97 47 28 39 27 45 31 33 71 2 92 37 46 74 93 29 77 85 39 22 34 84 18 83 8 96 71 70 91 46 5 39 44 84 29 71 81 59 3 51 61 46 87 6 19 31 86 48 15 77 21 1 
12 39 83 71 86 5 40 28 50 45 66 94 80 94 16 60 53 18 10 65 16 49 70 86 79 8 33 94 84 54 94 47 44 28 18 29 32 9 9 33 5 74 78 85 68 93 44 72 63 6 36 78 54 57 63 32 64 48 25 99 53 70 98 96 49 15 76 80 23 84 65 28 10 42 12 29 35 7 100 49 12 87 26 65 43 40 97 59 87 73 9 91 95 6 86 43 20 14 75 95 97 39 74 58 80 85 86 66 43 85 14 55 71 91 71 66 83 19 24 
21 44 32 12 38 90 49 80 61 62 6 55 11 44 28 68 76 64 54 93 7 90 59 13 13 1 35 78 83 6 53 56 49 36 67 86 25 67 17 86 29 75 40 91 18 20 58 45 83 63 90 41 53 100 5 17 100 40 94 35 45 46 90 93 81 8 30 58 26 98 43 54 72 34 96 42 53 6 38 36 68 27 28 72 78 33 88 78 24 33 64 68 30 5 12 63 64 93 20 89 90 62 95 14 95 90 55 100 95 92 35 15 71 14 86 48 46 26 
77 69 58 40 88 88 96 51 50 59 43 69 48 85 82 94 98 28 83 52 27 30 95 13 44 65 27 81 65 24 6 41 93 64 33 32 3 28 83 52 39 77 72 38 13 5 31 10 32 65 13 59 46 8 71 89 24 49 22 88 73 27 81 17 42 65 48 44 44 82 47 82 11 70 71 23 74 1 33 6 18 97 16 63 4 86 4 80 87 25 19 59 3 99 75 45 15 74 40 59 8 87 92 70 56 63 92 82 15 76 87 84 25 2 47 28 39 
50 59 25 26 78 35 28 28 61 72 43 35 64 53 94 50 44 15 57 58 58 38 25 86 76 8 10 77 6 89 68 55 48 92 32 25 27 60 52 39 83 46 25 98 98 18 47 94 32 56 3 42 45 27 27 21 87 36 49 92 24 16 99 71 60 30 95 38 41 99 76 76 44 1 73 42 70 72 35 54 27 89 95 71 16 21 43 2 8 92 93 31 59 91 2 70 73 48 7 13 46 35 88 90 35 13 83 56 84 69 9 10 57 55 32 24 
27 27 77 34 70 22 65 80 64 18 50 36 17 8 49 63 42 88 4 28 52 38 84 35 58 44 96 14 51 80 90 77 6 66 11 27 87 27 6 51 44 55 86 12 63 86 74 56 26 29 84 77 18 19 64 75 14 59 41 64 38 30 93 95 95 55 21 34 81 79 36 76 33 73 87 47 11 13 3 88 93 38 64 11 56 79 37 21 38 77 37 27 6 29 22 53 83 94 38 63 72 73 90 57 45 76 3 7 40 57 94 33 94 10 95 
1 88 31 74 25 8 10 4 65 38 77 69 72 70 6 86 94 30 75 50 27 2 4 33 42 61 27 26 6 36 20 59 23 2 32 100 61 41 3 26 30 79 46 1 100 52 86 93 33 60 94 59 61 98 92 54 10 70 79 15 57 50 73 79 4 4 30 64 96 32 41 25 62 87 25 62 38 10 6 70 21 100 81 34 97 24 87 6 93 18 72 49 19 45 79 22 100 9 86 96 92 78 20 6 64 97 67 53 6 24 75 27 23 55 
12 71 78 98 28 22 67 100 70 86 96 48 59 47 8 96 42 100 74 14 5 37 10 23 42 67 98 16 45 21 22 56 43 99 6 23 20 72 22 41 9 69 88 68 15 48 15 9 47 88 74 3 77 83 77 18 1 74 85 46 46 6 53 89 56 58 11 75 30 84 15 90 4 54 57 70 1 72 78 99 11 51 53 39 85 29 8 86 3 92 83 100 49 35 88 4 93 50 30 74 85 96 63 88 50 72 10 2 43 87 53 5 90 
5 96 74 86 3 11 40 95 93 39 43 28 79 99 72 80 28 45 65 24 7 4 25 78 13 26 72 52 30 29 41 35 24 66 72 26 77 11 72 69 1 67 48 79 65 19 59 92 63 75 15 70 30 39 99 43 17 71 46 46 99 86 32 22 51 55 99 27 65 71 48 18 37 95 96 53 66 6 44 28 32 11 49 62 49 100 56 17 70 1 63 20 38 46 93 88 1 43 67 17 13 66 34 1 12 82 53 77 39 49 57 71 
59 57 84 59 56 91 76 77 91 90 48 80 87 92 67 87 35 85 56 47 2 89 100 14 22 4 42 61 52 50 83 10 7 66 21 14 56 96 91 98 37 38 77 23 82 95 62 16 32 17 14 33 57 13 98 79 17 92 39 20 41 21 30 99 38 50 13 93 97 3 42 33 92 18 7 73 64 68 40 95 84 54 80 41 18 77 19 34 68 9 54 9 29 35 59 66 36 71 10 32 25 51 16 69 20 22 41 83 90 33 78 
25 86 57 65 3 85 35 89 5 43 94 65 71 28 23 88 15 94 97 46 18 99 61 86 18 34 79 1 23 11 30 48 48 38 64 50 22 99 90 26 93 83 90 64 62 13 3 76 6 52 73 75 50 85 61 68 19 91 20 93 1 1 40 48 38 56 49 11 54 91 89 46 73 78 61 87 42 16 62 99 67 87 74 68 71 86 35 89 76 6 34 28 6 73 27 95 80 27 6 85 17 94 83 42 23 43 28 65 10 41 
15 76 27 40 44 50 25 30 90 52 88 23 79 45 48 57 40 27 84 97 12 100 90 94 41 12 88 20 28 98 61 43 25 39 34 20 88 59 2 78 62 89 52 93 33 99 49 24 26 32 20 89 84 61 82 76 73 21 96 52 18 8 46 95 46 80 14 86 90 67 15 3 55 66 95 40 65 96 15 42 27 35 30 62 95 11 38 19 83 85 23 1 92 68 47 89 99 12 74 40 79 88 43 85 6 37 24 70 84 
91 11 11 77 92 24 23 54 13 42 36 97 16 36 88 35 34 77 34 46 50 25 24 90 67 8 95 56 84 16 39 74 78 1 50 69 77 72 22 89 65 57 86 80 45 73 15 78 1 100 23 3 24 46 44 43 6 38 50 89 5 88 62 82 41 63 50 17 86 71 5 51 27 90 82 71 15 48 1 67 99 23 69 23 21 12 17 26 1 66 14 5 5 27 86 45 41 87 61 26 57 18 28 36 59 62 58 25 
9 58 92 8 81 12 82 1 76 50 78 28 15 91 33 19 69 70 64 9 57 76 34 65 45 14 100 4 75 58 28 35 15 71 94 47 35 27 99 10 76 76 37 90 18 21 9 86 43 24 94 51 51 80 15 96 93 15 99 19 24 78 53 90 1 99 37 35 25 87 44 1 63 32 90 80 5 50 66 47 73 11 97 76 90 63 71 82 77 21 52 52 98 5 42 98 3 30 32 79 16 27 79 78 59 69 10 
63 70 27 61 95 37 57 70 27 71 40 60 48 60 12 51 9 68 92 59 22 21 90 100 37 69 31 66 79 99 75 93 20 1 53 14 90 61 83 16 31 22 27 30 33 90 33 42 57 24 100 30 97 41 82 85 9 12 2 39 62 29 31 81 81 35 95 70 47 29 37 30 51 64 59 35 53 91 76 62 67 75 43 15 68 24 51 28 35 52 67 48 80 49 29 61 36 75 82 82 3 19 11 5 82 22 
40 86 64 15 47 82 42 42 96 61 65 46 88 52 50 6 99 29 55 79 41 90 53 23 23 56 41 34 60 74 55 99 59 70 66 58 52 7 99 47 67 63 45 6 66 94 12 65 74 18 43 67 59 48 89 81 3 81 66 14 54 20 13 64 90 30 21 93 36 71 39 54 86 35 11 51 28 22 67 54 39 62 20 49 9 60 30 11 92 95 24 97 67 88 60 8 17 33 100 4 55 90 9 40 25 
20 91 4 93 9 9 32 70 28 32 78 39 61 40 30 8 16 78 74 55 38 81 24 22 32 27 76 21 88 68 97 7 10 1 99 18 9 82 88 89 14 17 79 26 57 61 33 24 38 58 78 27 38 1 100 21 80 76 94 67 95 90 25 4 42 75 21 3 9 60 43 74 29 21 99 85 81 84 60 71 41 37 97 31 38 97 51 69 24 96 35 18 86 59 21 79 85 93 81 93 5 23 66 33 
96 17 69 28 100 28 98 40 64 47 70 53 43 73 21 18 68 7 87 5 17 7 84 2 51 64 94 55 39 12 87 34 28 7 61 79 34 11 18 50 57 40 54 51 64 27 68 31 33 54 36 2 12 71 3 62 86 48 69 24 59 7 9 38 14 22 16 99 32 86 100 40 77 54 90 40 32 57 22 16 62 57 17 73 79 71 86 65 19 54 40 29 13 1 19 78 22 34 76 5 71 28 44 
47 33 85 38 64 41 60 79 2 68 48 26 47 18 11 63 88 17 2 17 81 2 87 58 75 72 85 31 43 12 26 41 44 10 79 59 2 90 90 55 57 37 80 3 6 43 17 46 11 19 14 91 72 100 100 47 71 84 29 13 48 55 6 43 64 36 2 66 25 91 20 81 79 52 36 84 46 52 29 56 22 42 98 94 93 97 92 64 32 20 28 31 74 33 74 38 68 75 55 92 17 26 
25 95 29 12 30 74 15 11 29 37 4 26 30 97 74 21 60 58 40 87 88 66 72 61 55 39 87 9 83 3 86 59 49 15 70 31 88 84 41 69 72 96 94 53 92 20 73 3 77 65 42 16 82 65 29 36 55 15 96 37 70 81 47 70 47 16 100 35 52 92 3 23 88 48 76 31 19 100 86 95 16 27 63 49 91 91 84 97 5 79 34 26 12 80 96 10 48 47 96 51 39 
50 25 26 50 52 8 68 4 93 15 71 71 77 20 13 67 3 10 23 34 43 1 97 74 48 6 73 94 54 23 84 3 100 9 52 51 69 20 6 61 86 77 32 62 96 44 80 50 53 54 35 47 54 31 73 1 89 45 47 42 20 30 96 71 91 48 73 59 19 79 19 4 55 2 17 50 46 96 51 50 1 86 49 55 16 21 7 56 17 53 49 88 83 97 58 73 44 31 83 14 
9 53 69 63 55 85 64 52 32 14 1 32 99 49 38 67 21 45 74 38 97 75 25 31 71 35 55 66 65 37 31 25 90 99 39 96 35 2 47 18 67 99 49 66 48 87 84 68 83 9 57 79 83 34 62 53 68 16 70 32 5 100 8 46 98 46 41 32 47 87 1 65 85 50 82 84 88 65 4 22 26 12 52 8 45 13 13 12 81 82 95 85 82 2 30 31 47 70 15 
45 8 15 62 44 16 43 80 55 60 35 76 85 46 28 92 91 40 4 54 20 38 49 56 71 2 37 1 1 6 67 97 65 82 58 61 49 1 92 4 60 26 79 96 23 6 87 65 98 43 19 69 32 19 25 2 72 61 54 72 19 21 69 35 54 78 47 2 30 38 5 89 15 36 84 38 93 23 2 90 17 72 11 48 42 87 49 14 99 2 85 69 74 5 4 79 35 2 
81 64 40 37 5 54 72 40 91 65 62 45 6 78 16 16 77 58 2 25 23 1 79 7 69 4 64 24 83 98 26 63 61 17 51 65 70 75 57 13 39 18 9 96 48 76 64 24 33 65 1 55 17 79 14 38 34 29 13 16 78 90 30 38 6 81 55 28 55 11 40 45 80 48 40 79 23 55 3 8 72 55 14 88 85 79 77 18 59 42 34 36 31 63 74 37 95 
80 16 49 42 55 45 73 54 37 52 28 91 6 87 62 60 53 2 44 83 30 13 42 71 46 77 54 61 2 42 55 81 57 56 74 63 52 47 16 88 98 95 31 55 34 92 14 86 45 9 68 75 21 61 97 19 38 50 79 39 91 85 72 47 92 45 61 96 43 28 83 92 23 65 46 8 9 11 93 53 71 12 27 92 25 76 10 62 25 40 52 16 76 23 14 20 
20 75 15 62 2 49 6 76 14 51 83 22 14 27 74 84 91 53 27 15 28 88 28 4 79 79 71 55 54 37 74 73 11 88 86 64 88 91 92 1 94 26 74 59 53 48 42 95 52 21 61 31 8 88 34 87 18 5 41 71 41 66 95 3 5 81 18 92 23 9 45 68 35 18 26 39 17 20 85 68 40 45 98 99 84 84 85 1 88 77 72 80 94 18 82 
98 98 51 42 73 60 86 40 46 3 66 36 20 37 20 39 76 16 89 26 99 72 11 99 59 39 22 90 33 92 23 82 89 73 23 13 84 60 53 29 15 70 16 86 6 35 24 33 50 12 58 100 83 20 51 93 59 24 34 43 15 56 24 56 29 99 68 64 10 20 93 24 41 60 9 46 95 85 30 96 96 40 48 31 59 98 75 69 21 9 11 88 16 87 
43 96 85 10 60 46 82 52 70 74 11 30 20 57 14 1 5 62 40 52 44 51 1 70 19 73 78 82 60 46 68 2 41 4 64 100 49 97 3 70 70 14 100 41 22 65 94 78 26 33 29 21 83 81 91 54 54 20 35 13 65 2 67 6 57 82 5 5 30 8 75 51 73 26 44 46 90 37 24 68 21 4 40 56 85 30 9 90 2 43 2 66 96 
20 23 52 1 28 8 82 87 34 33 11 11 76 56 53 12 31 20 32 35 11 87 71 41 47 60 94 41 13 59 36 33 82 39 85 61 99 67 47 84 99 57 95 74 64 47 37 95 18 68 81 28 7 3 20 53 62 13 94 26 24 81 58 57 72 43 17 70 61 15 53 59 71 99 84 86 45 20 80 62 87 60 42 45 14 13 98 27 26 43 53 1 
23 62 57 94 4 73 15 64 87 20 74 9 18 57 94 15 76 26 76 15 37 69 59 51 82 8 77 59 50 29 59 25 91 15 70 46 87 85 62 25 4 35 33 73 44 78 87 19 55 15 85 92 83 44 42 16 51 70 74 53 51 32 77 41 46 46 38 84 82 51 8 37 38 92 10 81 22 48 51 76 62 36 67 97 31 60 12 81 30 86 85 
32 17 13 24 15 59 61 98 92 12 58 29 1 49 38 81 70 85 31 46 99 18 64 95 48 24 6 81 5 43 65 36 12 78 59 78 88 71 75 79 34 32 7 34 33 96 66 2 33 97 99 31 14 63 77 62 86 34 42 42 77 58 29 40 35 39 17 74 9 91 53 95 75 11 28 7 7 94 60 91 42 59 21 7 21 49 20 58 82 61 
51 10 71 79 49 57 17 17 31 77 8 83 71 34 45 51 92 51 96 3 93 37 61 65 95 33 13 15 42 95 27 44 56 97 74 57 54 90 73 84 19 32 18 41 65 14 91 8 65 38 11 9 26 23 74 21 8 86 35 49 32 61 45 88 10 18 44 63 60 68 98 78 100 67 18 16 80 61 24 96 50 86 5 76 8 78 48 15 15 
82 16 47 94 60 86 55 77 81 17 36 48 66 65 47 84 35 63 16 47 38 11 96 23 67 71 30 96 18 97 11 51 12 57 97 23 94 51 99 74 20 87 73 37 3 20 21 37 34 36 83 71 98 79 45 65 1 74 60 71 70 22 21 33 78 69 55 23 20 6 48 39 44 21 75 46 92 47 83 77 82 17 99 32 95 43 96 48 
68 7 18 90 29 90 22 58 59 29 81 78 86 80 68 29 100 94 26 91 41 8 19 74 25 17 5 71 59 100 18 27 59 87 68 39 77 89 96 35 69 28 64 54 8 31 34 59 24 60 50 64 19 20 38 95 37 42 66 95 94 35 73 4 22 40 42 98 81 37 84 1 17 47 7 76 77 40 34 52 99 35 16 70 55 5 64 
91 98 81 37 43 16 62 46 89 1 87 38 33 76 21 34 44 67 40 19 95 31 52 46 82 87 13 51 41 17 14 83 67 95 19 9 62 80 7 50 33 45 87 17 20 59 50 15 77 41 33 71 24 37 68 5 75 33 7 67 1 72 49 67 18 19 28 79 51 34 80 83 78 18 99 50 76 1 64 52 93 49 74 16 85 94 
72 11 26 78 77 26 2 77 45 19 47 72 98 97 5 29 31 82 47 30 83 22 82 47 26 26 95 99 94 31 92 65 93 69 95 21 95 96 97 91 14 95 62 63 92 18 44 22 51 90 3 34 11 84 32 88 62 78 87 55 60 30 71 52 99 65 72 45 12 20 35 78 14 48 92 5 17 35 79 67 76 81 52 39 17 
83 26 78 60 12 84 19 42 54 70 92 71 93 36 34 64 22 11 78 21 55 34 37 41 12 3 17 45 7 55 13 89 80 42 1 92 25 19 85 30 41 28 52 85 15 86 49 36 48 26 8 2 11 44 95 75 98 11 71 4 65 83 45 44 24 45 87 100 63 23 81 55 50 33 40 16 18 40 3 65 17 10 19 27 
53 13 53 51 23 23 6 39 5 50 34 80 94 21 31 9 95 12 15 97 44 54 12 61 45 15 77 61 24 47 88 29 11 40 31 33 63 36 23 19 86 57 51 31 29 81 91 23 92 6 19 87 11 83 47 56 49 76 16 72 22 55 52 33 47 82 17 61 18 92 79 55 48 81 85 76 62 76 98 5 33 69 92 
43 3 90 98 51 17 66 74 91 20 26 75 66 7 91 26 24 82 57 30 81 37 67 56 50 94 6 7 26 26 98 68 28 39 18 30 56 83 3 46 54 80 20 20 87 62 97 62 96 5 92 76 94 10 84 43 3 41 49 28 66 98 47 45 89 64 74 44 98 28 41 52 8 12 23 46 25 19 7 72 24 50 
100 69 59 83 11 61 23 12 40 40 61 87 36 49 50 9 44 48 88 36 51 95 99 73 40 24 91 99 95 66 48 94 34 59 28 97 71 2 60 11 41 72 97 76 21 98 36 16 97 76 4 47 70 2 19 62 25 62 12 72 27 11 17 13 69 45 61 40 46 20 2 39 91 98 66 63 47 54 31 44 29 
34 90 50 35 61 63 12 22 74 35 48 85 51 12 5 47 72 96 45 43 97 35 34 46 100 48 93 53 30 88 33 63 77 83 50 37 97 13 58 71 99 58 7 1 69 63 48 93 11 92 35 7 78 20 5 77 68 97 82 97 84 14 12 12 48 13 1 45 25 58 67 75 67 25 75 36 87 22 80 97 
65 14 56 42 34 60 71 1 8 52 49 43 17 12 54 17 24 6 13 100 64 79 74 82 3 49 69 41 22 48 38 39 62 45 80 95 4 2 47 63 53 47 5 22 59 10 38 34 16 50 34 31 80 7 12 82 7 81 74 29 80 63 67 41 7 98 87 62 100 33 24 4 32 28 25 90 90 14 23 
5 15 8 35 46 15 98 79 73 30 53 1 10 15 19 50 22 69 37 83 68 21 7 71 52 86 48 93 75 13 68 31 28 75 65 25 89 15 4 14 44 56 66 53 70 85 55 43 53 43 26 72 63 84 42 67 21 41 59 48 54 26 78 33 53 95 57 41 9 60 6 52 15 72 57 37 56 11 
79 60 53 56 31 67 91 24 33 12 65 44 59 70 21 36 2 73 82 10 66 90 70 71 94 36 42 50 24 49 12 55 8 64 10 90 30 1 14 15 12 30 10 22 99 82 9 100 7 91 61 24 32 82 46 25 18 88 26 93 88 37 47 48 52 57 37 34 9 2 48 72 31 9 93 29 42 
1 80 48 43 41 71 75 22 17 51 91 56 77 84 95 65 82 42 17 90 31 50 98 32 49 69 63 57 61 43 50 14 23 98 56 15 20 82 88 88 33 79 43 9 14 90 25 47 31 41 37 61 90 34 45 90 3 59 46 15 1 48 80 75 45 36 41 16 17 29 4 1 59 98 61 24 
87 86 70 70 26 6 82 68 92 26 57 94 84 55 60 37 2 40 63 46 27 4 13 95 32 16 96 42 66 56 65 52 41 86 73 67 92 55 86 83 80 42 28 16 96 39 4 97 78 66 94 56 21 7 51 4 74 98 45 39 53 61 43 46 47 15 64 38 21 49 72 53 90 99 68 
86 89 23 34 67 40 28 74 61 86 24 64 59 21 61 50 26 21 92 71 67 58 34 56 79 34 27 31 23 77 50 60 66 72 94 84 63 73 57 23 58 33 39 16 5 51 65 30 71 8 52 90 66 37 45 44 70 24 26 45 52 75 4 17 98 49 52 60 21 61 35 78 93 25 
46 97 75 62 79 97 70 30 86 87 67 31 30 88 6 7 32 57 81 88 26 30 36 77 89 9 89 75 38 81 99 83 30 25 97 8 22 66 89 7 52 7 89 33 95 94 91 26 3 71 13 28 100 1 56 40 9 45 15 98 77 65 81 6 90 77 65 63 94 6 69 97 12 
10 81 6 55 71 84 57 93 96 84 44 48 92 83 8 36 49 6 12 66 86 70 55 14 34 17 59 39 37 7 3 46 87 8 53 9 91 9 1 39 45 44 86 36 26 94 23 27 99 34 92 36 55 98 1 41 66 11 31 2 17 33 100 55 41 52 63 83 12 63 73 56 
6 11 43 83 4 65 61 54 51 52 41 5 49 93 45 66 3 76 20 71 60 19 25 52 22 87 35 85 49 7 41 6 17 35 40 72 52 1 77 2 4 69 58 5 61 55 70 15 82 89 85 41 59 9 93 32 95 79 17 95 37 9 52 54 43 92 77 46 44 6 99 
47 74 57 51 87 63 21 1 44 9 86 36 20 46 28 51 41 6 67 87 43 75 39 48 70 82 76 15 25 33 14 71 59 22 22 45 84 94 97 79 54 34 14 73 80 94 24 20 51 42 6 45 17 96 44 38 77 20 52 1 4 65 72 62 86 45 58 21 38 55 
99 91 88 13 16 67 58 39 38 8 32 44 53 48 91 96 85 68 67 89 20 71 53 43 84 91 87 42 11 76 96 62 19 35 26 34 2 83 24 39 90 55 34 42 55 77 90 91 44 8 79 15 78 84 58 62 26 96 55 88 24 2 49 42 36 74 75 37 56 
50 28 98 4 13 91 58 89 80 1 32 88 79 99 17 14 56 30 39 3 84 27 26 85 75 67 21 49 93 9 56 94 36 53 98 49 44 7 37 75 7 21 62 38 71 31 51 26 60 90 80 96 16 6 80 42 24 52 90 69 61 98 62 48 2 59 48 97 
18 37 72 76 9 85 13 79 15 16 56 27 5 35 22 72 40 1 13 16 5 55 84 17 52 45 64 5 56 64 2 25 100 73 100 60 9 65 38 24 80 93 50 36 79 23 7 71 75 71 86 79 25 69 95 28 65 11 33 20 74 86 96 25 10 96 36 
18 60 73 93 91 17 42 26 47 16 84 17 91 54 2 69 31 22 16 10 87 78 42 58 3 79 54 27 88 1 14 6 60 86 98 2 54 92 27 52 7 62 69 97 67 70 18 97 44 85 7 30 62 100 39 16 79 44 42 66 44 7 71 55 92 21 
56 97 12 34 48 70 95 68 19 62 38 88 10 33 72 68 62 85 68 52 100 98 96 93 63 39 99 86 46 42 58 1 90 69 35 89 38 81 57 56 94 46 43 56 78 66 23 91 2 90 42 1 39 89 45 54 80 43 39 25 36 48 25 25 16 
11 66 5 44 22 13 89 67 7 44 96 73 67 86 26 8 79 27 99 68 23 52 47 66 90 71 53 37 47 30 4 58 95 60 53 16 72 41 34 31 85 29 55 3 66 80 62 44 58 60 11 81 11 9 98 52 31 50 40 78 79 95 87 25 
55 39 92 78 79 25 8 15 5 14 69 70 94 83 14 51 94 76 83 5 85 80 8 15 30 100 44 60 94 30 37 100 68 28 78 99 53 37 65 57 51 86 79 96 68 92 98 61 19 81 17 3 60 25 70 41 76 13 53 69 95 89 69 
14 16 98 12 20 86 29 29 36 14 7 83 33 50 81 93 68 61 62 71 20 38 92 61 13 56 65 81 50 53 1 64 20 50 27 40 36 55 20 23 20 26 6 52 75 86 45 42 46 58 64 17 95 7 29 7 63 93 39 64 97 40 
79 17 89 58 8 24 12 27 47 84 4 4 35 78 89 31 71 86 88 87 54 82 93 35 88 7 27 79 23 76 18 1 92 58 58 51 82 22 77 80 5 80 83 91 9 23 22 31 60 61 17 65 95 62 99 34 68 78 12 90 53 
29 43 44 87 52 46 20 73 74 51 29 53 85 20 13 59 93 43 18 5 12 34 99 73 33 33 92 10 44 82 62 73 76 57 11 27 54 82 52 27 32 80 31 16 51 43 26 95 37 95 100 100 28 98 72 60 30 64 21 74 
97 34 98 72 42 8 50 95 89 1 21 72 33 51 39 83 45 64 30 82 58 29 81 85 78 5 97 8 20 69 33 16 3 30 39 96 89 88 91 29 41 63 100 73 14 38 7 10 53 36 43 10 16 76 94 94 80 42 53 
99 11 85 66 65 14 4 60 54 43 2 82 83 65 33 7 30 70 14 39 22 1 82 83 17 9 28 62 88 70 14 38 32 98 55 96 63 58 55 68 52 57 49 35 73 81 93 2 2 6 92 75 59 25 57 27 33 36 
88 72 5 53 9 36 2 63 31 16 72 38 83 24 46 31 10 18 63 2 19 16 60 10 90 70 35 98 96 19 33 35 91 90 87 99 25 40 14 8 55 37 45 37 12 90 19 21 59 81 75 29 96 86 90 37 55 
24 86 50 95 18 36 85 7 22 35 84 61 48 91 67 37 87 55 48 28 73 21 86 5 95 14 52 80 3 88 86 79 73 35 73 42 70 57 1 43 43 84 55 43 74 21 79 12 75 26 39 99 46 24 3 92 
89 6 23 91 45 8 21 69 42 93 10 63 1 10 57 96 45 11 38 18 83 16 29 9 93 19 59 91 42 61 82 82 18 5 73 62 12 45 30 6 90 40 20 42 1 77 37 46 39 74 15 74 41 96 34 
34 14 93 76 8 5 57 89 23 13 13 84 77 58 14 82 47 5 53 88 57 81 25 2 20 50 69 45 91 64 78 76 77 70 51 84 75 7 25 97 72 37 80 48 94 45 81 92 49 33 80 6 14 56 
59 85 5 27 29 95 42 6 70 19 76 20 54 2 79 78 98 50 67 77 49 60 74 29 52 22 13 83 79 26 38 38 62 42 16 90 89 58 48 58 28 23 30 81 24 8 11 73 9 77 1 57 88 
74 37 91 96 49 73 26 27 62 63 88 4 31 78 92 88 25 1 15 99 30 47 74 89 9 98 49 85 98 5 25 72 41 67 19 42 92 44 68 53 59 55 8 89 84 51 76 60 52 42 58 33 
88 83 22 97 80 70 33 30 27 9 1 19 76 71 60 67 14 27 19 24 82 79 12 17 29 39 77 32 32 86 65 20 21 38 68 100 59 52 29 85 61 81 56 36 51 15 54 17 94 24 40 
27 2 4 43 31 42 71 62 74 57 78 45 77 15 64 28 26 15 9 62 75 89 17 62 92 84 67 8 29 91 47 55 44 2 49 26 44 20 40 69 28 17 65 4 84 28 31 9 94 39 
70 21 80 39 82 71 74 1 30 2 91 28 8 86 30 56 12 25 27 51 45 54 67 9 57 2 88 40 62 81 30 84 1 61 22 35 83 95 35 12 48 77 40 55 62 21 62 73 45 
89 75 41 94 94 49 3 95 36 94 57 68 23 40 69 84 13 3 66 59 89 30 6 65 21 60 78 41 73 51 37 13 77 77 7 70 77 9 65 64 2 73 31 76 64 51 11 28 
53 29 86 41 58 91 57 78 2 35 70 74 37 58 87 13 86 45 35 14 53 51 77 6 23 59 81 38 10 44 65 14 72 50 7 29 92 63 58 45 49 79 18 37 88 56 2 
73 100 36 38 4 86 14 61 60 24 94 97 33 37 13 99 8 14 5 88 5 19 45 49 68 75 18 56 62 26 57 86 25 92 23 81 29 88 93 88 11 86 36 96 74 48 
94 81 61 98 20 17 68 16 65 87 90 35 43 3 60 99 88 84 43 62 16 71 49 9 59 12 46 46 7 20 94 52 52 6 1 24 23 68 39 39 55 81 73 49 83 
32 47 71 68 89 32 83 12 33 43 22 44 41 67 2 12 12 5 15 18 57 38 92 24 77 30 30 57 3 78 91 34 77 61 53 17 45 88 28 77 82 49 72 22 
68 25 85 79 81 100 48 37 89 39 12 65 69 42 73 23 71 64 8 47 76 61 16 72 48 43 100 29 44 71 3 11 47 87 89 27 38 89 63 27 27 75 43 
47 68 68 69 90 31 29 89 58 89 4 30 88 46 29 68 89 52 70 51 50 9 92 29 98 80 91 24 6 17 67 53 36 34 73 26 16 53 66 25 41 69 
54 80 66 35 48 7 38 69 57 87 29 48 15 27 79 58 50 85 26 68 89 62 53 13 39 20 66 4 45 58 24 98 38 89 84 37 95 21 57 4 60 
86 3 26 12 82 83 13 66 9 33 6 22 85 18 12 5 35 67 49 93 90 98 82 30 34 70 25 54 26 80 65 11 82 91 74 63 73 39 80 33 
71 85 6 7 55 69 63 89 35 11 33 76 61 66 6 94 35 30 99 61 61 64 23 42 54 97 5 78 87 84 63 9 21 68 15 75 37 78 15 
23 40 48 99 100 65 4 45 100 85 96 12 45 59 34 38 64 82 42 93 68 78 55 76 98 75 43 72 63 20 38 85 59 37 35 11 2 38 
7 1 74 2 12 70 12 97 8 75 79 1 68 98 78 74 26 75 48 68 98 10 39 88 47 49 24 81 59 25 71 18 77 96 71 40 66 
83 37 25 9 67 25 28 64 3 2 41 29 1 8 79 63 46 66 61 95 41 41 5 66 63 74 42 11 45 82 76 79 70 52 39 36 
76 67 51 30 20 44 11 20 51 41 34 49 58 94 95 98 87 99 63 1 25 57 11 69 90 38 99 11 89 37 98 17 55 48 46 
74 91 8 46 94 48 79 42 5 25 88 55 11 86 69 11 10 25 22 30 66 59 80 76 100 17 73 16 71 73 13 97 15 21 
42 60 20 72 53 25 96 40 79 58 26 99 69 87 24 42 69 41 52 48 17 51 16 41 66 87 13 79 83 80 51 76 39 
70 47 92 46 95 31 76 52 8 75 20 47 98 61 67 38 13 66 6 15 82 47 81 68 11 11 2 42 61 77 81 82 
23 24 28 17 54 3 69 14 77 40 12 26 53 78 16 65 43 73 79 24 71 11 43 34 73 44 75 85 20 7 67 
95 30 46 11 84 48 31 49 77 71 60 54 75 37 21 91 31 94 69 55 64 32 97 97 56 93 24 41 12 30 
59 6 60 4 69 95 3 99 95 31 21 54 85 95 42 5 85 72 50 6 78 66 89 27 14 96 19 37 36 
30 19 46 88 78 1 56 24 56 6 18 86 79 71 22 25 64 79 62 35 80 19 65 45 7 91 59 54 
9 47 90 38 65 87 25 42 88 32 65 95 38 34 80 16 4 54 40 19 32 53 54 11 71 18 8 
29 60 66 83 68 12 24 57 77 10 34 70 49 65 87 43 54 20 75 21 76 28 13 46 11 65 
99 73 36 68 80 64 79 97 46 46 61 69 55 37 31 88 58 79 4 96 22 58 68 96 78 
95 75 90 40 85 55 91 57 42 10 89 5 89 85 3 34 45 71 88 33 1 27 43 32 
31 38 5 40 57 52 17 51 26 59 91 62 65 33 70 6 42 58 10 30 95 12 16 
39 35 3 24 87 82 66 18 12 55 22 51 64 73 19 14 50 29 56 11 93 88 
81 98 82 90 60 11 84 71 26 75 57 81 98 44 62 15 61 25 21 35 27 
84 7 45 98 57 74 5 19 18 45 99 16 26 89 75 36 72 97 14 98 
54 94 95 97 7 61 9 31 82 43 57 65 2 53 14 10 78 71 28 
96 15 79 63 40 19 37 27 42 85 40 40 38 85 86 86 91 47 
47 73 28 41 81 44 42 34 10 3 63 32 83 10 46 13 72 
37 31 60 15 72 45 55 63 34 91 49 72 82 95 18 6 
74 58 87 69 52 72 30 6 34 61 40 96 6 52 67 
94 34 79 9 58 75 15 20 8 5 68 31 38 62 
100 44 87 10 30 56 61 53 85 18 38 98 10 
33 3 61 52 49 47 30 57 4 4 23 23 
63 27 91 94 17 4 93 60 43 2 41 
98 14 93 34 84 82 31 93 15 86 
53 66 34 99 95 42 54 50 64 
77 12 42 19 57 58 74 2 
69 16 3 9 65 69 53 
99 52 35 81 44 1 
18 48 66 3 99 
12 96 4 13 
59 80 24 
53 98 
33 
