24 2
31 66 73 50 39 80 26 72 80 19 78 96 4 14 12 57 65 9 74 20 42 45 48 
86 98 14 11 85 92 40 57 22 6 81 23 96 60 48 19 91 19 96 86 22 10 
50 30 74 58 4 45 99 100 93 37 97 6 99 34 49 38 90 22 95 70 45 
90 30 44 60 20 62 56 58 35 17 7 65 42 16 20 86 66 19 30 54 
67 87 52 100 35 42 89 57 36 11 1 78 92 96 37 63 58 92 20 
44 60 78 8 53 45 27 39 11 45 68 16 64 55 68 63 41 9 
4 97 96 14 49 73 57 45 10 19 54 53 91 97 13 20 5 
65 65 83 55 27 80 75 42 43 81 9 57 21 69 60 70 
65 25 70 89 81 14 98 100 19 51 42 68 15 61 72 
31 25 6 38 51 85 64 93 27 44 53 84 16 74 
95 37 90 20 7 78 100 72 76 51 91 78 44 
58 44 5 81 74 81 86 63 32 23 26 76 
49 69 80 84 37 53 79 25 42 50 31 
72 1 55 47 4 97 76 47 6 19 
51 86 92 32 23 7 15 45 32 
42 46 53 21 81 89 74 11 
65 67 60 96 38 61 50 
36 64 98 11 62 3 
29 13 40 73 96 
62 79 62 59 
10 3 56 
62 23 
88 
