70 5
94 61 10 9 47 18 73 100 50 16 56 52 53 83 9 70 83 78 2 8 22 74 59 31 70 53 31 55 61 98 17 6 10 26 14 57 95 86 8 45 2 64 48 6 98 8 75 32 38 28 91 59 2 1 89 71 53 72 77 14 21 93 19 30 19 85 38 65 70 
98 61 23 61 9 28 10 68 55 41 5 82 83 63 83 84 4 5 36 27 81 1 47 26 72 76 96 56 66 60 77 63 21 100 75 81 79 84 48 33 76 53 15 10 67 49 93 70 54 29 48 86 29 94 11 100 22 6 7 87 66 84 1 38 83 75 18 13 
10 17 46 37 21 12 46 88 12 39 9 65 19 57 3 99 50 13 51 23 71 57 9 88 40 9 77 74 35 94 87 44 62 84 32 83 95 78 70 6 68 30 23 86 86 77 84 88 89 34 10 11 43 71 98 34 31 74 8 66 19 46 61 33 81 93 15 
75 22 36 32 89 65 6 74 51 82 9 38 23 95 99 33 37 69 83 22 100 8 29 17 79 26 29 11 6 73 77 32 94 12 16 82 76 73 7 78 55 68 67 29 62 66 13 50 86 95 71 37 55 52 5 33 29 34 95 87 6 71 18 100 82 85 
33 9 58 92 39 64 59 57 92 72 22 4 73 60 51 43 48 5 46 53 89 75 86 83 61 43 5 30 94 38 67 27 46 76 70 36 39 28 93 82 51 66 85 23 25 87 17 25 91 15 77 31 89 14 13 1 56 69 82 2 6 100 28 4 75 
49 39 13 28 31 94 78 97 31 100 73 17 68 97 60 82 25 90 22 38 55 74 46 23 8 47 29 7 26 32 82 74 70 94 1 1 40 30 49 70 81 73 38 48 70 97 82 94 87 3 84 41 29 81 63 36 27 91 42 4 22 23 29 44 
69 81 96 60 10 96 29 90 68 18 89 89 15 70 35 1 25 18 41 53 98 55 88 76 46 81 79 19 4 7 14 24 87 9 83 48 4 63 89 72 80 29 60 94 99 94 46 75 63 38 79 60 93 18 87 38 98 65 8 1 23 22 76 
61 30 58 60 86 72 48 9 4 77 68 97 27 14 95 53 76 32 31 88 24 48 26 13 45 43 21 98 17 42 73 78 23 83 37 8 6 37 16 9 65 36 58 91 1 52 43 28 83 25 67 7 72 93 71 68 35 91 65 51 84 90 
80 59 72 69 66 29 57 34 38 21 21 95 11 73 46 5 100 80 81 67 38 52 11 9 71 45 99 36 47 83 77 79 41 100 47 58 28 3 43 65 23 15 59 85 87 56 41 87 36 73 5 73 76 15 81 46 11 32 33 9 66 
9 87 58 8 85 67 36 87 62 52 61 76 11 97 15 18 89 53 53 61 57 78 36 23 58 34 85 41 66 93 6 75 32 63 34 16 82 21 55 43 73 15 70 35 64 84 52 4 36 57 17 44 34 4 18 43 37 2 84 3 
47 41 29 78 56 14 93 37 35 47 79 59 14 100 93 29 84 96 32 71 52 100 67 85 4 84 28 40 38 63 94 36 3 74 13 58 88 57 94 74 56 24 32 69 24 76 49 59 71 32 81 23 32 47 59 35 83 38 74 
20 100 20 55 3 93 19 12 32 75 6 57 82 81 40 50 56 15 50 66 38 82 47 60 13 45 70 47 27 8 72 98 7 43 4 61 88 22 73 19 49 30 28 30 10 67 32 18 82 81 83 19 14 81 30 26 26 51 
72 52 58 96 2 17 38 5 77 25 79 49 96 27 78 23 8 40 89 91 57 22 24 91 92 37 72 73 63 97 24 86 100 81 33 1 97 71 58 26 47 36 74 42 62 52 16 21 91 57 12 99 78 35 89 22 71 
12 94 85 60 69 71 12 50 3 64 98 25 21 75 72 56 49 65 69 52 81 90 94 37 53 92 66 87 32 87 9 96 33 94 7 1 16 18 2 70 82 52 47 2 26 70 10 26 34 78 77 66 67 70 54 71 
13 72 9 97 10 18 44 42 63 50 43 30 20 96 51 53 47 97 6 73 66 15 98 52 93 27 69 11 48 75 82 61 46 90 9 55 59 4 49 73 53 91 2 24 38 53 76 85 1 82 9 19 96 58 22 
40 84 90 51 84 16 84 96 61 25 4 68 84 59 16 56 63 58 10 87 95 14 62 79 66 95 39 84 91 97 57 30 32 99 32 67 14 67 62 75 92 17 42 27 75 57 34 38 14 43 24 8 8 37 
39 74 32 77 9 22 25 66 3 9 64 87 75 77 53 37 3 96 53 96 22 80 52 56 17 17 50 92 77 58 28 67 31 59 95 39 32 72 56 87 80 19 73 6 48 77 94 50 73 99 98 46 78 
49 1 94 18 51 37 46 60 64 12 90 75 6 80 58 29 36 44 8 6 68 66 5 45 59 55 69 57 52 14 34 52 15 79 21 17 15 66 76 31 29 17 5 87 48 14 15 83 58 75 41 77 
40 45 21 98 51 41 55 54 55 40 58 21 19 78 89 85 96 16 67 24 84 23 62 31 37 77 66 46 3 6 22 42 2 95 39 53 35 45 6 89 85 15 61 55 93 1 91 40 16 58 15 
99 80 77 30 68 5 95 13 7 52 35 48 53 29 38 57 63 83 63 4 19 29 16 73 21 17 15 60 84 72 75 83 4 3 64 71 7 10 36 13 61 70 12 65 50 49 22 64 83 36 
19 1 64 35 25 37 3 40 48 86 11 74 20 66 76 83 89 34 44 24 98 4 45 9 21 46 10 94 9 92 29 28 45 44 14 69 80 16 8 80 53 71 53 73 88 81 7 76 14 
51 99 12 6 95 72 26 40 81 71 49 25 99 28 21 95 41 89 26 8 49 5 12 71 10 84 58 90 43 34 3 93 84 66 50 31 38 76 70 70 46 70 46 97 49 66 43 41 
7 68 100 7 25 12 77 34 47 34 23 89 19 77 33 55 43 83 85 32 10 6 53 7 28 99 3 76 16 97 17 22 17 68 28 41 79 56 26 26 42 100 66 60 76 99 66 
70 81 2 53 90 8 6 96 35 56 51 62 71 47 30 45 63 98 72 55 28 80 80 53 21 79 19 32 7 69 98 76 49 99 81 90 58 86 85 92 41 87 6 63 86 35 
7 100 84 31 55 12 10 34 16 30 65 86 61 71 54 10 98 2 9 78 43 66 63 80 10 55 66 67 18 51 53 76 3 37 6 57 100 15 42 15 96 6 1 9 76 
54 70 26 8 78 3 50 96 18 81 57 72 47 23 41 49 75 17 51 63 22 59 14 89 1 29 36 58 81 96 86 86 66 11 93 95 13 95 90 30 27 98 54 73 
72 46 74 99 62 76 61 36 35 75 76 87 55 63 44 35 59 81 72 24 91 17 18 56 11 60 37 37 57 42 62 29 88 87 27 1 62 39 36 48 65 63 86 
19 26 82 5 84 62 77 7 53 93 24 60 55 83 96 43 92 38 56 20 25 42 98 25 56 36 13 55 1 27 41 71 52 22 28 35 83 56 93 87 100 69 
98 6 3 94 100 94 83 56 13 59 49 10 35 4 98 99 11 50 26 51 20 77 24 99 64 6 6 56 45 5 24 94 62 27 87 62 20 21 17 85 79 
17 46 66 73 43 64 83 92 89 33 64 66 56 14 29 13 20 84 9 76 60 3 38 38 41 99 57 62 67 93 92 83 39 57 55 33 21 37 77 9 
21 92 26 76 5 54 41 24 90 49 52 1 3 89 38 44 87 46 57 53 39 48 87 29 5 42 13 77 30 89 85 51 32 11 78 37 16 18 12 
5 19 63 57 21 51 94 16 89 40 72 41 30 20 80 10 76 21 22 52 2 63 36 52 94 98 82 30 66 99 94 22 69 8 79 90 59 72 
5 99 63 29 92 44 48 71 53 23 43 75 26 44 37 13 48 82 11 29 12 76 79 57 97 48 64 27 89 74 99 93 73 13 73 64 57 
20 34 9 94 76 35 19 71 23 32 18 5 94 46 68 21 25 24 69 72 39 96 60 13 46 4 37 58 77 52 66 48 37 75 94 64 
61 12 34 84 95 52 88 40 49 55 60 25 30 81 96 68 28 7 32 73 63 68 82 91 19 48 90 7 74 83 70 34 47 4 69 
93 7 56 33 55 62 44 80 91 24 27 11 51 86 42 75 100 62 57 42 32 56 31 39 29 66 8 14 12 11 83 56 69 90 
88 24 52 32 55 42 7 33 4 58 70 46 32 21 7 40 62 38 95 45 76 75 10 84 89 73 46 71 28 15 12 68 90 
63 99 96 57 57 80 60 14 50 5 98 70 63 89 84 1 84 28 28 58 89 63 98 61 61 20 40 27 32 7 16 94 
57 63 2 14 42 62 79 43 18 28 65 33 17 48 33 52 75 12 9 63 75 7 75 87 26 14 13 57 73 28 3 
81 42 4 94 35 17 25 30 87 52 94 19 20 93 3 71 67 14 80 81 40 38 7 26 15 72 38 24 44 17 
78 25 10 33 70 45 2 94 74 88 98 19 58 17 11 60 88 29 25 19 61 65 8 67 42 74 38 32 97 
34 100 26 10 10 59 31 6 60 25 31 99 74 49 56 90 59 15 29 39 39 99 99 55 6 65 49 32 
54 80 28 87 31 6 48 40 64 79 97 75 55 27 73 28 27 28 69 37 42 98 75 32 96 73 39 
54 37 87 85 43 18 64 29 48 69 77 40 84 7 36 58 61 63 30 88 41 57 56 78 50 5 
52 34 53 25 72 6 13 58 42 55 75 57 36 74 78 64 13 61 70 49 71 30 63 100 69 
3 9 24 80 10 29 32 43 81 8 14 38 72 71 31 79 97 39 14 71 16 29 35 29 
98 83 99 79 45 50 47 100 58 22 79 20 50 62 62 82 21 76 71 93 98 53 23 
47 92 36 69 59 16 3 39 13 86 89 43 82 39 89 81 48 10 12 67 12 25 
29 45 46 56 68 90 53 20 12 99 63 99 67 74 14 70 12 78 7 53 20 
88 91 60 21 90 69 84 9 32 8 37 77 5 44 44 94 96 15 57 47 
30 55 65 3 20 86 66 97 44 18 16 84 60 75 4 2 96 39 10 
27 46 46 55 51 41 50 96 36 17 53 34 46 59 51 48 79 88 
65 75 32 35 43 15 94 69 70 95 64 8 4 43 53 1 49 
55 41 51 3 29 67 7 14 12 65 64 11 95 52 27 22 
35 61 64 49 7 84 70 1 48 77 57 42 81 9 42 
88 2 92 90 30 58 96 43 21 12 59 83 59 62 
62 80 96 22 95 96 28 78 65 81 77 93 89 
70 73 49 12 60 50 3 1 79 13 48 74 
85 12 84 20 70 97 81 1 44 2 95 
39 82 24 55 14 53 47 54 74 71 
2 85 31 52 40 83 82 4 31 
7 88 42 90 59 11 38 39 
11 81 93 57 71 26 32 
25 39 84 23 44 58 
94 45 94 76 48 
85 58 30 88 
88 36 28 
29 78 
86 
