24 6
99 21 63 88 70 40 36 85 61 23 90 22 94 20 28 27 46 27 24 60 77 33 49 
27 40 22 84 60 87 70 24 85 90 39 73 12 78 60 96 90 34 38 11 79 57 
90 5 54 17 28 65 45 12 14 24 51 87 7 10 26 77 86 62 66 24 86 
77 53 46 25 42 31 62 4 10 70 93 66 24 61 46 88 58 57 53 81 
8 92 87 69 17 63 54 78 81 29 16 9 81 61 85 74 43 98 29 
52 68 22 18 43 34 15 30 91 71 35 23 78 78 10 47 94 24 
52 23 56 81 38 65 61 50 1 87 93 99 15 96 66 88 65 
8 74 79 89 64 50 75 39 79 52 48 77 97 23 29 20 
79 61 9 95 73 11 95 59 55 93 74 50 10 13 15 
17 86 45 58 2 94 32 40 25 84 39 1 80 61 
29 51 91 89 12 85 14 22 80 72 76 72 97 
77 34 10 43 50 47 88 59 100 81 91 39 
5 26 77 58 57 90 86 60 80 27 71 
65 40 44 96 63 71 19 12 47 52 
73 42 54 19 29 12 19 61 54 
9 18 31 38 75 40 27 12 
99 58 90 21 74 29 16 
69 44 86 40 55 84 
91 27 25 96 97 
5 60 15 66 
13 24 83 
96 13 
57 
