30 3
14 11 11 94 37 80 98 77 25 67 3 66 58 82 16 71 38 24 45 33 87 93 100 24 15 30 72 97 52 
55 70 65 65 32 10 1 12 7 78 36 25 32 1 82 65 68 5 55 91 1 87 77 93 38 52 7 19 
76 3 70 30 24 34 94 56 95 47 67 54 76 54 78 59 6 12 24 73 68 78 63 68 16 91 61 
53 95 67 71 70 22 93 51 45 78 96 52 73 94 70 26 69 23 55 28 80 66 3 52 33 80 
66 53 95 57 13 99 51 31 21 72 52 13 74 49 43 69 100 15 63 70 40 83 44 94 62 
24 12 64 27 96 43 93 48 89 1 12 39 51 43 60 74 94 24 47 94 66 67 94 32 
81 15 71 64 58 17 25 33 80 41 60 27 83 4 75 24 4 38 62 6 80 73 79 
26 49 77 19 66 95 64 98 76 78 68 91 36 36 67 20 15 7 79 94 42 82 
68 65 85 5 78 90 37 51 20 62 51 48 32 16 43 96 13 18 73 33 8 
60 68 26 80 35 33 10 28 74 92 47 90 28 3 67 70 39 69 41 52 
19 89 84 87 31 79 99 48 51 31 7 63 51 32 42 85 16 51 64 
41 94 10 30 74 64 97 95 55 17 35 6 88 23 89 74 53 19 
72 52 22 55 10 84 5 94 77 41 9 27 56 2 73 17 31 
46 80 79 40 34 96 26 40 83 49 80 8 53 51 31 57 
72 37 18 7 93 11 83 33 72 61 40 73 33 56 3 
78 36 34 69 69 29 95 60 63 95 92 22 47 42 
52 55 65 89 73 71 81 35 5 66 58 65 5 
30 98 61 85 27 96 18 48 16 98 42 76 
12 36 19 33 34 60 36 41 76 24 65 
46 57 99 50 22 57 66 78 38 63 
38 74 42 85 43 89 53 40 30 
80 3 17 98 35 2 9 23 
94 84 98 58 81 54 9 
82 27 65 47 5 54 
10 94 28 3 79 
70 91 83 62 
20 62 64 
88 59 
51 
