50 2
22 8 89 73 32 5 80 78 89 74 5 74 18 83 79 45 43 15 14 88 38 58 59 47 77 64 36 24 24 74 26 98 34 14 70 17 70 49 94 59 22 98 32 91 32 63 35 75 77 
1 62 66 10 72 12 87 35 47 62 59 73 87 56 58 52 77 74 74 78 19 32 51 68 15 42 100 77 28 74 5 80 87 70 90 58 81 76 45 80 89 3 4 75 10 13 78 38 
38 51 67 56 34 18 23 1 59 74 77 38 99 34 18 85 55 7 95 88 34 39 19 22 93 74 48 54 86 25 91 23 28 58 78 13 27 52 13 37 26 42 74 76 27 91 61 
81 49 7 20 82 45 38 55 89 11 2 42 48 79 32 70 58 41 99 70 67 3 83 55 80 76 29 55 2 71 67 34 72 73 54 5 69 43 60 57 54 13 98 53 91 82 
23 100 22 73 70 41 75 4 95 54 31 75 9 32 98 75 65 69 100 70 73 68 13 32 25 18 45 22 70 87 55 44 87 29 17 8 69 43 11 15 97 93 42 57 24 
39 83 40 7 82 62 79 2 74 63 26 43 7 99 64 45 6 8 31 34 76 38 54 18 100 20 66 92 61 22 67 99 5 59 5 38 20 36 91 45 98 16 87 56 
67 2 100 72 9 31 57 36 20 10 54 72 29 19 15 90 93 82 40 49 92 97 38 11 32 29 7 81 96 45 36 62 46 35 85 55 17 93 42 89 2 95 60 
31 66 74 72 10 7 11 58 98 59 95 60 90 23 66 22 71 10 57 84 56 44 69 62 60 61 3 48 15 50 7 97 67 33 68 76 91 30 85 89 89 31 
100 30 6 18 52 76 27 60 59 34 3 27 47 63 40 2 62 6 3 69 2 69 53 21 96 43 2 80 83 42 10 83 24 15 100 75 90 78 34 49 64 
89 27 10 51 18 63 12 75 65 32 76 33 36 48 28 79 50 59 13 43 69 47 66 35 46 92 77 76 78 77 39 66 3 100 68 73 63 79 47 27 
63 75 12 98 74 91 28 23 50 93 18 70 39 83 56 37 75 32 12 52 8 2 17 63 53 84 87 67 14 85 46 28 59 57 78 33 47 5 7 
48 97 76 17 36 59 25 72 33 56 35 36 16 88 4 30 40 87 16 7 52 100 52 80 11 60 57 95 58 13 53 6 62 29 74 49 87 98 
72 71 6 58 6 21 45 9 2 36 47 17 42 98 68 45 29 78 56 37 72 14 2 25 19 63 53 44 63 91 42 34 61 99 43 18 71 
87 78 72 22 24 88 16 73 7 12 54 85 68 90 8 81 91 84 51 5 88 94 67 78 87 52 90 85 94 59 55 32 36 78 6 11 
17 21 36 24 84 89 8 3 30 67 35 73 51 85 77 38 31 96 16 69 99 57 54 45 16 60 28 51 38 33 14 54 5 49 29 
89 89 36 91 18 3 26 42 5 62 71 42 44 18 9 13 16 66 18 12 81 77 40 83 66 72 96 72 77 96 100 17 84 88 
59 54 42 36 95 46 50 65 87 93 82 48 5 50 13 22 61 45 51 52 79 68 24 27 39 52 22 91 20 6 78 78 11 
19 66 5 16 15 22 54 59 55 1 16 4 65 89 17 9 39 68 40 59 43 66 97 94 87 39 13 44 16 43 54 86 
60 11 1 26 32 55 84 86 55 99 42 72 88 58 32 78 77 71 36 20 88 85 13 27 23 78 70 39 72 76 76 
31 86 77 56 69 83 91 54 89 90 47 60 29 4 92 6 33 14 94 52 2 78 64 28 100 93 49 90 64 24 
66 46 61 94 1 29 28 92 35 16 33 81 28 61 37 71 18 69 84 11 20 85 40 35 64 40 28 13 81 
43 36 98 89 97 43 41 77 70 84 11 38 16 44 17 28 80 87 98 100 22 60 71 7 100 5 70 39 
84 82 71 27 70 69 67 18 63 7 94 33 91 5 22 58 100 90 86 31 76 35 30 97 94 100 55 
93 56 77 83 40 10 54 18 79 74 84 96 36 90 42 20 32 98 93 90 97 82 27 27 57 61 
56 6 54 7 60 99 62 36 81 1 46 86 18 76 59 53 72 47 95 65 18 26 62 11 67 
58 92 45 84 1 57 91 6 63 97 17 61 58 5 93 11 2 79 80 77 89 33 100 35 
79 64 53 4 25 15 23 82 6 67 17 58 24 7 63 38 3 32 98 13 36 90 23 
37 20 54 13 9 86 13 95 16 28 99 20 53 13 94 86 19 12 3 28 87 9 
91 24 12 22 73 76 9 63 98 45 82 51 9 42 89 21 37 4 1 35 75 
53 100 20 38 70 32 40 97 70 1 87 94 64 60 18 39 68 80 88 64 
14 90 73 7 30 45 43 86 45 30 12 49 29 32 87 98 15 78 94 
84 78 33 29 93 44 47 31 12 78 18 27 43 60 99 50 89 44 
44 74 40 73 86 89 53 69 27 50 83 4 96 18 34 28 99 
26 71 97 9 34 74 78 13 69 37 11 18 26 6 13 51 
46 38 88 86 90 56 12 92 38 67 39 8 52 66 6 
30 88 2 38 74 27 15 86 95 4 48 64 81 54 
77 31 51 66 19 36 55 74 99 98 64 17 36 
71 69 53 28 98 93 29 87 66 55 1 3 
2 4 50 65 36 55 93 67 5 58 37 
92 65 62 42 62 25 59 50 47 27 
2 74 24 94 54 10 11 9 62 
13 10 18 15 26 53 69 19 
71 74 28 7 17 92 21 
59 6 97 17 55 44 
43 8 69 18 54 
23 79 64 83 
92 29 44 
61 43 
69 
