32 5
26 53 53 89 43 22 92 23 66 10 56 34 45 15 94 46 63 52 81 17 65 52 1 98 43 8 62 59 8 29 23 
33 33 76 74 76 97 65 50 14 74 6 99 71 72 92 16 86 96 48 3 60 100 55 9 94 62 70 4 70 98 
26 54 31 53 27 58 1 43 7 15 17 64 13 39 35 57 6 73 52 54 27 63 5 81 72 50 95 41 53 
16 91 30 69 21 83 48 78 83 42 36 49 10 100 14 48 86 70 54 58 73 59 36 35 63 17 58 64 
11 99 68 26 89 97 46 61 31 45 90 14 87 25 14 96 76 27 44 14 48 97 23 20 7 59 7 
21 75 64 84 37 14 51 62 54 47 59 14 78 4 55 43 90 80 56 85 7 35 80 20 82 28 
95 54 34 53 12 54 79 75 37 15 41 39 28 94 38 86 8 67 41 62 9 30 93 16 67 
52 50 46 23 84 74 17 37 7 21 48 13 99 74 1 65 14 40 44 8 77 30 67 43 
22 80 3 52 25 18 70 76 20 15 98 3 40 67 91 99 87 90 11 38 15 11 2 
81 50 46 88 78 27 6 20 48 37 22 51 61 92 20 36 63 87 86 65 78 52 
7 76 90 48 86 27 62 49 29 42 50 26 81 28 52 86 99 51 75 73 2 
35 16 73 23 78 11 8 42 89 11 100 64 100 47 2 79 60 2 7 2 
51 84 34 30 35 72 29 37 46 53 90 80 68 63 2 45 25 61 38 
13 71 89 29 23 35 30 1 46 31 59 47 33 42 81 63 28 52 
43 64 49 95 54 28 62 68 30 58 92 42 95 57 13 35 85 
35 69 14 35 14 96 45 13 28 86 45 90 13 48 32 28 
96 78 33 75 91 100 56 48 44 98 94 100 10 28 84 
96 48 49 82 14 44 26 78 71 63 22 61 75 21 
44 54 68 22 87 42 64 38 98 12 81 95 57 
32 56 37 15 51 84 63 84 49 58 9 26 
29 71 99 41 97 71 36 2 38 9 88 
80 73 78 29 84 58 75 92 42 30 
28 8 32 64 23 15 12 80 75 
90 8 97 40 100 45 11 36 
46 48 44 86 79 16 63 
59 51 72 33 43 13 
14 22 21 45 37 
43 11 49 22 
37 90 82 
85 29 
81 
