200 6
49 65 17 39 34 35 16 6 18 83 37 93 61 85 96 44 33 1 24 95 92 66 97 17 57 68 83 38 17 20 98 65 36 14 56 69 100 71 26 70 53 62 62 65 98 10 61 31 62 84 77 53 49 25 22 5 93 4 95 9 75 92 25 10 57 80 30 9 3 7 78 7 21 91 24 18 52 84 100 14 67 77 66 15 53 87 71 45 42 65 5 68 8 82 77 17 13 58 77 15 65 54 74 85 96 97 54 48 80 54 61 46 82 78 12 34 17 34 31 58 51 87 26 58 68 54 26 33 64 2 99 28 55 72 64 3 68 69 50 47 22 62 44 55 39 7 41 55 41 23 65 91 9 42 100 29 47 26 61 10 27 59 89 34 83 4 36 50 73 37 49 94 98 92 1 88 51 41 43 91 63 59 33 23 52 32 51 98 9 63 60 36 74 48 21 56 52 8 5 
24 44 5 69 41 49 21 80 99 61 22 41 75 32 73 98 83 56 100 81 17 15 40 4 88 39 24 95 90 31 51 65 26 56 86 18 4 6 97 2 19 71 94 93 2 66 90 37 73 42 69 89 56 60 92 43 98 67 89 40 49 39 56 74 94 41 91 97 99 40 50 17 10 43 9 63 60 51 99 85 92 67 73 99 26 17 93 76 35 81 15 84 19 70 9 13 63 52 61 61 91 63 77 52 5 85 14 17 87 65 1 30 31 25 28 9 93 20 84 28 100 50 63 19 71 71 83 33 74 95 93 64 57 69 67 62 6 81 30 44 45 30 74 27 54 53 87 47 73 22 26 24 71 88 94 42 10 76 74 84 23 67 99 79 87 66 92 44 98 21 88 94 50 13 72 56 65 59 2 89 80 27 13 51 66 6 44 75 34 17 58 8 35 9 86 74 74 78 
17 23 50 56 16 100 68 87 55 85 97 8 73 77 34 85 79 51 43 74 25 28 90 35 35 77 43 72 2 16 49 70 90 99 26 5 50 45 43 56 29 40 63 2 68 48 38 46 98 32 19 74 11 60 8 45 88 50 17 41 17 17 11 6 67 88 10 68 32 5 23 13 44 37 14 11 84 3 8 33 35 78 7 97 89 14 42 77 16 10 17 32 78 79 90 97 66 51 64 50 55 39 62 50 75 75 60 11 29 19 43 15 48 1 12 37 67 5 65 82 66 81 65 43 12 54 91 77 5 55 26 59 93 87 9 67 13 20 77 94 91 72 8 38 72 71 74 38 75 38 19 92 71 84 87 82 89 77 10 93 31 36 52 75 74 12 42 39 83 70 32 73 93 91 11 65 62 84 2 88 74 73 80 44 8 66 77 96 94 86 89 25 73 92 99 47 55 
92 37 37 14 68 10 6 58 20 22 71 55 24 11 28 48 42 23 7 59 99 54 52 37 42 76 9 85 27 55 39 70 91 76 83 10 37 41 20 56 62 42 62 37 52 42 36 93 64 42 3 15 96 55 51 89 82 59 26 8 66 64 30 8 91 12 70 27 4 89 34 66 82 48 54 34 89 90 78 4 31 81 18 78 35 20 67 16 31 92 76 96 7 5 55 98 68 24 76 72 64 62 89 46 9 42 31 97 31 8 100 14 40 70 91 26 41 57 94 71 100 69 18 7 25 25 56 92 48 83 15 64 44 55 61 52 97 91 100 79 50 52 92 42 73 83 67 13 91 12 84 43 80 53 1 56 77 56 100 77 90 14 40 86 21 52 89 17 42 89 47 43 92 39 36 64 73 3 76 15 14 11 57 46 64 57 53 40 64 52 68 54 18 59 39 38 
10 79 6 3 67 52 98 58 42 33 21 14 87 49 81 53 59 37 98 74 46 2 66 9 54 33 14 23 92 4 60 53 83 17 56 49 68 53 59 62 85 31 75 72 79 55 24 90 44 73 15 89 74 80 97 79 65 63 1 56 66 12 8 48 28 15 49 48 67 59 9 4 89 35 75 20 42 50 61 85 74 75 25 47 55 73 78 19 35 78 26 1 90 85 100 69 100 100 16 18 58 76 21 47 11 47 18 52 96 78 88 21 4 64 20 10 36 97 80 23 26 5 23 67 42 74 36 41 74 3 58 31 79 79 29 89 25 46 92 73 75 31 93 79 94 64 88 81 60 20 3 86 24 77 52 65 51 39 57 76 42 15 6 20 45 87 60 21 32 3 45 59 85 90 89 78 53 28 10 13 47 13 50 23 89 53 39 91 92 96 66 33 62 24 4 
6 10 63 78 93 17 23 3 1 64 91 78 16 71 39 80 17 51 29 39 92 82 78 34 73 25 100 57 86 75 60 43 36 74 72 28 90 46 31 90 9 73 19 25 43 57 4 12 8 33 50 51 66 79 84 90 55 35 46 92 61 5 34 96 78 58 24 67 3 6 56 12 30 74 88 73 30 91 84 89 75 85 91 40 16 27 29 70 13 26 62 74 30 47 69 59 4 44 77 59 1 84 70 31 57 57 55 39 99 38 79 74 74 22 65 41 48 46 11 60 71 24 33 53 22 54 63 78 49 40 36 50 23 5 80 32 13 86 22 11 75 100 36 48 73 1 89 20 98 51 32 20 26 16 72 99 69 35 76 18 26 11 67 48 67 98 79 79 35 100 42 9 52 77 8 24 29 48 96 78 50 27 98 75 42 21 26 11 55 1 80 32 64 98 
80 30 47 58 61 81 10 54 89 61 82 96 36 11 96 31 88 45 57 37 72 99 58 97 61 64 97 40 96 60 89 75 42 35 84 54 67 93 7 55 5 88 2 93 50 97 23 90 94 32 26 65 82 35 61 42 99 57 33 46 69 73 20 62 7 55 15 73 100 73 79 56 12 32 48 62 81 23 3 74 54 80 38 35 15 50 28 65 58 60 10 78 32 81 39 90 35 5 14 86 77 92 42 41 75 89 54 55 63 56 80 16 35 17 50 1 18 77 65 76 88 74 53 71 54 92 12 41 48 25 26 77 68 19 17 43 60 70 49 22 77 29 38 63 97 39 64 15 68 28 42 7 54 94 78 59 37 41 51 37 18 29 13 85 47 29 79 6 50 80 80 26 8 17 88 56 7 51 22 74 31 63 81 36 9 10 46 45 50 97 81 67 25 
45 4 23 73 34 81 22 13 60 99 72 76 87 28 82 89 49 8 71 12 88 58 72 97 4 68 98 52 1 65 28 45 20 50 18 53 30 91 66 89 90 89 16 28 16 50 68 17 57 39 80 96 96 51 92 51 18 89 2 18 5 29 63 24 79 32 77 60 74 94 49 15 82 16 42 50 17 10 66 73 100 45 68 95 95 11 46 64 52 99 82 56 28 96 32 58 27 8 17 52 53 17 67 86 85 60 35 1 69 52 74 20 96 93 15 42 4 12 6 7 62 39 62 89 34 93 98 12 52 15 63 56 83 81 94 67 41 80 68 61 32 93 81 79 85 47 21 40 58 78 46 71 16 60 60 49 52 57 12 56 23 26 11 6 7 4 24 47 84 91 7 67 83 39 45 20 85 17 11 94 94 9 65 61 68 24 61 71 32 72 26 7 
98 89 64 4 44 87 2 79 30 60 45 64 99 42 35 83 58 46 77 4 54 41 64 73 16 25 43 99 48 21 57 45 61 72 100 4 11 53 35 40 13 79 55 63 20 90 45 30 35 73 33 40 65 96 12 32 72 6 83 20 78 39 64 38 11 16 94 21 68 28 12 32 58 66 94 30 55 39 59 89 63 43 80 28 38 91 59 10 97 41 81 26 32 96 64 94 11 9 14 31 88 25 62 45 42 56 26 97 46 84 37 60 26 17 87 16 7 98 77 55 90 57 33 73 4 96 66 15 4 31 97 91 7 58 87 49 65 13 45 62 48 33 22 26 49 60 93 8 9 21 14 51 77 46 23 80 93 89 46 48 71 94 90 78 4 77 26 68 41 22 82 40 54 3 17 55 14 9 14 23 29 27 73 57 25 47 89 17 87 86 17 
58 80 6 35 83 34 12 2 74 85 83 66 90 37 82 44 51 91 9 25 71 36 49 28 12 47 68 80 34 53 96 43 32 2 77 14 35 40 68 61 24 50 26 13 39 59 9 41 1 17 65 72 4 65 51 15 11 18 95 96 70 90 38 54 43 66 19 78 5 86 90 80 36 67 45 26 25 53 66 26 21 30 49 25 46 99 91 8 16 85 56 37 27 93 42 69 11 61 98 67 46 87 47 33 53 91 58 30 95 23 55 15 4 3 39 1 53 30 61 20 66 16 8 92 60 50 61 70 10 10 37 7 97 35 92 1 25 49 30 19 24 84 85 79 38 24 32 42 5 92 61 70 7 69 14 18 18 26 40 79 35 76 85 31 62 76 32 38 77 13 8 52 97 92 30 86 15 61 28 71 4 40 93 62 60 6 80 77 31 19 
7 17 46 92 100 59 19 83 96 95 95 3 46 43 94 28 81 61 40 60 31 44 99 23 5 59 80 36 87 62 6 94 79 3 37 30 61 55 12 56 2 6 58 47 1 4 74 81 64 14 40 46 9 38 69 65 48 100 53 87 62 58 32 92 13 20 21 73 74 32 81 75 89 38 74 89 93 47 21 56 12 60 2 72 50 22 37 49 21 41 35 82 98 18 73 10 37 45 35 63 76 15 37 17 4 62 57 97 9 78 52 72 37 5 96 38 26 84 87 47 24 21 80 21 91 5 83 27 49 69 89 77 83 78 45 86 39 1 82 99 78 86 23 67 90 18 4 16 1 90 14 24 63 93 96 53 49 30 79 50 98 20 26 80 97 70 18 87 70 99 86 100 84 8 66 26 25 69 41 77 11 6 100 73 98 95 25 99 25 
55 48 22 26 25 54 22 46 71 9 67 21 46 66 5 53 83 30 29 52 22 5 14 27 56 86 76 50 62 74 26 68 73 100 94 97 5 15 42 75 75 9 95 72 26 51 76 9 32 4 12 53 60 25 31 15 62 59 17 23 32 94 90 57 45 83 5 49 50 47 23 76 7 70 48 84 20 23 92 52 79 55 56 90 79 87 57 92 45 25 14 28 70 56 36 15 90 41 63 39 39 38 67 97 7 66 80 26 40 24 29 18 78 85 60 9 23 16 100 19 92 66 98 61 21 34 75 10 26 90 1 64 27 67 60 33 32 91 10 71 14 39 41 44 23 52 52 97 67 51 15 10 16 12 70 88 97 97 98 22 86 98 37 64 16 48 96 99 39 5 21 4 95 61 47 17 12 98 65 30 1 79 91 68 43 61 56 91 
9 53 13 94 2 1 57 69 49 4 67 87 60 87 90 55 100 37 23 63 86 88 45 86 18 35 54 12 47 9 3 55 13 67 48 66 67 56 86 15 11 4 53 71 90 43 77 41 31 99 56 68 38 100 54 8 34 59 19 81 19 73 35 83 39 35 100 6 42 85 20 5 88 73 75 29 67 3 70 49 53 77 16 91 76 21 50 61 79 68 41 49 41 28 31 31 14 30 36 7 66 8 11 53 32 37 82 50 91 3 98 44 79 65 86 6 86 35 66 16 54 59 17 46 38 47 77 3 29 12 9 46 71 72 99 54 60 32 3 51 34 100 46 64 17 31 69 2 17 86 69 70 44 85 16 33 84 44 35 64 7 96 9 78 67 7 31 78 90 86 28 23 37 73 38 53 55 6 54 71 92 75 93 87 59 60 20 
42 3 6 5 9 1 14 38 19 72 21 97 62 6 76 36 42 1 74 47 55 31 52 78 74 26 70 13 85 29 32 26 83 37 83 43 90 48 81 8 19 53 4 32 58 80 20 51 80 93 97 86 75 49 63 49 74 84 13 10 64 96 88 46 32 70 41 21 17 21 81 87 25 84 71 34 63 90 84 94 34 33 80 60 33 94 60 58 78 72 68 41 67 7 39 51 76 79 23 44 51 3 82 75 87 52 60 1 93 43 95 78 27 26 38 11 71 97 69 48 69 88 41 87 94 31 37 21 61 60 64 11 62 97 37 48 49 96 1 93 90 47 71 69 24 8 79 94 56 99 94 76 38 34 63 83 16 99 3 76 58 18 38 72 67 74 71 67 21 71 59 10 17 29 30 40 88 9 34 96 59 27 71 97 12 33 
31 79 32 86 54 41 55 91 12 21 16 83 87 36 53 46 97 22 26 27 13 66 87 46 61 45 24 83 93 87 16 76 65 99 61 70 39 67 60 51 88 27 33 26 14 37 23 11 58 49 89 71 66 75 68 78 71 44 60 16 82 27 43 99 25 3 68 64 21 80 66 8 58 50 34 72 86 56 82 96 56 22 18 73 96 37 2 18 32 62 85 14 40 27 64 65 81 83 80 2 62 45 61 72 94 94 43 31 2 76 26 9 97 95 34 44 32 35 61 63 48 98 28 88 24 43 52 5 26 83 58 39 27 18 10 72 64 52 2 17 27 28 25 75 22 10 18 5 45 31 68 92 28 47 31 3 90 34 59 67 16 16 5 94 86 15 65 49 18 67 65 97 46 41 71 19 51 41 24 47 71 43 90 50 89 
21 4 30 54 63 96 22 30 53 15 15 67 80 15 36 98 79 32 43 72 55 61 74 95 84 20 17 78 61 66 67 81 69 48 87 83 96 60 13 48 74 79 14 5 94 1 2 24 33 96 95 87 57 20 33 92 39 49 70 52 66 88 84 34 35 22 69 82 81 81 29 55 11 94 59 4 95 13 28 79 8 74 17 16 94 49 8 84 97 29 35 62 16 19 47 2 40 15 36 21 47 64 27 58 58 37 13 4 49 40 82 9 66 98 24 59 98 83 42 94 63 29 7 30 47 5 32 38 20 67 10 18 82 36 27 91 25 40 94 25 31 27 85 96 76 9 6 73 43 48 18 6 76 24 35 74 81 18 63 100 36 73 69 18 60 96 60 84 87 54 61 69 32 45 65 8 5 70 80 100 69 98 57 96 
73 43 69 53 61 32 4 48 56 25 17 15 20 77 51 58 82 63 26 13 7 42 20 64 64 52 63 32 1 19 80 73 61 48 78 73 31 33 73 38 57 89 5 76 17 7 33 98 69 11 63 27 52 82 90 15 85 52 99 85 22 78 10 35 77 87 7 60 19 79 97 76 20 1 3 36 7 88 86 75 98 48 54 1 81 43 16 66 47 14 2 68 43 11 54 19 97 61 30 68 91 27 43 10 79 97 98 86 84 83 12 33 30 65 34 62 60 49 27 6 14 29 25 8 39 79 78 88 91 8 55 81 34 49 43 12 45 40 49 29 22 13 61 3 77 46 64 36 94 43 93 59 71 18 66 61 48 44 100 38 3 54 70 88 54 12 51 99 3 100 79 24 12 91 78 40 37 42 28 82 84 20 93 
6 89 58 66 36 53 18 25 7 23 95 94 77 58 45 27 61 44 57 84 7 99 62 98 35 55 25 69 38 45 61 43 33 70 60 21 75 77 45 81 100 39 75 28 97 71 54 57 14 10 92 72 8 5 69 95 11 94 15 48 90 27 42 74 48 54 94 74 82 39 55 33 29 81 60 25 3 13 33 16 74 77 39 34 33 59 80 44 52 94 43 93 72 85 67 19 90 60 93 71 50 99 4 79 31 63 3 33 28 88 100 53 16 38 86 48 96 17 91 100 10 86 92 33 70 58 52 59 70 96 81 19 94 84 97 76 99 52 8 26 91 7 30 6 96 16 5 43 84 48 94 46 33 86 78 2 95 29 12 16 76 92 35 69 28 83 44 26 86 3 3 76 9 32 33 56 99 38 51 83 85 44 
28 17 81 5 70 28 86 81 43 61 24 29 82 3 12 25 28 97 80 30 25 40 62 57 96 60 94 46 42 78 41 21 94 22 26 63 49 63 95 91 75 71 20 56 73 83 33 53 31 12 82 55 51 95 12 98 7 5 43 48 35 36 21 80 57 98 95 5 60 41 47 34 11 18 42 36 52 74 88 83 85 21 37 87 16 100 85 22 57 79 21 91 14 41 22 22 38 16 26 49 57 25 35 67 94 76 54 46 1 41 28 37 62 16 23 29 68 7 50 24 38 70 66 51 63 87 73 100 3 50 1 11 26 35 77 20 62 83 65 62 23 44 98 36 11 72 64 30 79 13 53 68 35 70 18 97 57 42 48 11 92 100 21 69 34 49 88 47 31 4 8 6 99 57 41 62 29 5 91 59 69 
96 26 3 65 95 99 73 37 99 35 80 98 55 48 84 56 88 30 86 43 90 91 42 98 84 55 78 88 45 88 56 92 13 11 57 60 9 81 48 59 16 79 9 22 26 92 77 65 73 15 8 62 57 1 12 40 55 89 79 51 77 35 43 41 45 51 100 5 31 99 16 98 77 24 20 55 15 48 19 39 62 78 1 71 30 64 62 36 52 41 87 80 27 81 21 23 31 72 79 13 71 94 63 47 17 82 1 83 81 72 22 95 1 74 65 31 89 26 18 40 66 4 20 44 36 92 66 18 63 45 31 85 38 93 32 7 26 84 41 6 7 14 100 60 39 16 90 27 94 59 67 11 63 38 55 50 29 20 68 43 64 98 28 54 42 11 12 67 46 52 24 53 66 76 64 56 91 5 83 84 
63 1 95 25 90 1 75 70 20 42 12 36 91 39 89 84 1 52 50 47 3 25 51 20 100 14 76 43 18 10 78 80 62 24 57 51 24 83 20 96 76 83 31 18 74 71 1 74 22 2 20 76 26 22 96 78 35 23 72 4 84 49 36 45 25 44 95 100 26 66 95 53 48 77 70 21 47 70 47 20 23 18 96 48 40 43 77 26 65 48 82 48 49 17 44 25 60 90 24 37 55 19 89 54 95 10 27 94 79 73 13 1 90 60 100 81 2 29 7 18 28 88 65 76 56 60 100 15 49 24 3 55 94 43 9 88 52 87 33 82 59 46 82 100 5 33 81 7 13 39 76 41 78 41 16 33 52 68 99 1 43 53 55 88 95 15 27 46 1 60 27 11 5 60 63 61 44 95 19 
57 33 95 97 62 87 64 46 38 83 44 90 25 48 45 64 42 59 91 87 12 50 65 22 6 24 84 66 67 30 37 23 62 31 71 75 69 35 20 6 17 15 48 94 62 92 57 3 2 47 41 13 48 5 87 53 28 22 19 47 52 7 21 65 37 92 40 57 26 59 14 42 26 61 87 87 52 44 42 6 42 82 70 90 39 56 42 18 30 12 64 81 18 85 97 6 76 36 62 1 47 28 94 24 88 81 10 40 76 3 97 17 85 66 6 75 22 100 92 51 11 56 83 81 40 79 38 67 67 52 19 65 79 12 88 66 44 49 57 19 52 53 88 88 19 45 62 92 44 53 94 7 8 28 39 99 58 76 65 24 79 35 40 57 47 79 75 42 28 31 13 79 36 100 66 6 44 79 
49 40 31 42 98 91 69 36 89 78 63 6 54 42 40 93 50 38 72 24 80 51 7 92 81 42 43 98 99 38 76 47 77 6 88 74 96 8 61 37 37 24 42 90 17 33 35 66 71 58 42 2 8 48 93 88 41 87 85 39 24 12 85 1 17 24 26 65 83 87 1 19 10 94 9 78 26 43 43 96 100 84 97 59 83 41 46 23 27 82 13 51 93 97 3 61 72 28 25 54 14 25 73 75 18 33 52 96 75 47 43 26 82 40 84 65 32 29 39 11 62 52 61 6 100 63 66 72 42 43 25 56 19 97 82 89 29 34 84 55 32 26 80 13 17 63 29 1 43 68 11 56 19 23 61 18 37 79 89 78 73 66 85 43 62 67 31 43 100 66 49 83 44 29 95 60 43 
24 12 86 91 22 93 61 44 6 30 80 36 71 58 8 36 42 50 49 60 33 91 11 98 92 93 41 20 88 53 14 63 64 51 5 38 44 65 81 49 46 13 84 16 22 43 51 15 92 100 75 76 42 85 74 33 78 66 4 17 70 18 79 86 68 83 23 63 99 55 11 44 67 46 60 88 88 62 55 32 61 29 7 55 65 32 39 42 50 95 10 19 12 40 4 31 22 78 94 72 33 56 16 51 54 27 91 93 88 45 76 1 25 35 7 89 66 45 83 67 39 92 86 2 32 41 33 5 71 78 77 3 85 44 53 90 22 43 83 9 39 58 61 63 92 67 52 10 12 34 76 2 77 13 4 60 54 88 65 24 17 93 78 1 88 82 91 9 77 25 69 15 82 30 78 74 
96 81 83 59 66 10 61 42 23 16 2 76 3 18 51 71 10 80 23 49 61 65 57 37 89 77 52 71 6 81 96 54 61 30 64 26 39 76 19 61 91 20 88 45 89 90 15 50 69 38 98 30 2 6 18 91 83 21 13 40 1 8 93 13 89 9 90 79 84 9 40 75 80 79 19 69 69 34 70 89 23 68 70 24 73 88 66 7 8 78 47 9 37 91 73 77 99 63 56 83 23 95 9 54 25 27 74 45 12 44 34 34 11 3 10 35 90 75 42 50 5 40 10 41 82 82 18 81 96 25 15 18 71 23 24 95 1 97 40 65 40 73 50 2 27 59 89 69 86 82 18 90 21 27 82 54 8 51 34 56 75 100 25 45 22 48 92 75 97 31 39 36 55 88 90 
81 99 78 49 84 11 66 25 83 44 58 36 4 9 70 59 35 69 83 32 43 83 23 17 79 5 7 66 59 94 55 39 44 84 40 27 94 57 3 76 1 61 12 4 21 33 62 55 53 96 38 47 78 60 15 56 16 21 22 74 67 28 65 10 12 4 89 57 60 91 33 60 51 96 15 23 28 28 78 80 24 67 27 53 27 41 61 94 14 34 68 80 61 32 41 24 87 29 81 46 72 65 58 74 60 24 97 39 52 74 18 27 40 96 79 18 89 91 12 2 24 31 33 37 14 73 12 100 54 44 97 25 8 6 98 19 30 94 57 33 19 27 59 11 74 89 80 62 32 43 15 55 73 99 43 86 72 7 37 77 50 34 1 10 39 50 80 20 44 37 52 62 15 62 
24 88 3 4 2 34 46 16 40 71 15 83 8 38 41 45 14 90 78 66 51 68 15 31 40 58 19 43 72 33 5 47 72 7 50 73 92 48 41 31 18 55 65 25 44 5 21 9 47 50 74 97 70 40 79 9 50 97 51 21 81 7 19 53 65 69 25 56 68 65 39 85 71 3 61 66 8 34 74 54 83 99 2 52 39 81 12 88 29 15 60 10 21 78 62 38 98 38 45 65 3 83 1 25 86 14 91 45 47 64 50 29 15 51 33 53 83 44 92 64 58 51 73 31 80 86 20 78 23 64 94 25 99 47 50 84 60 92 80 58 7 29 86 21 31 70 25 14 14 16 77 23 18 1 5 98 86 24 27 8 88 72 85 38 18 86 21 77 77 52 34 83 80 
72 4 10 93 28 75 6 96 3 81 13 55 85 62 40 61 88 100 100 12 84 37 29 69 9 58 45 60 91 79 39 14 34 100 7 14 27 64 9 29 96 73 84 81 35 75 41 74 74 92 85 57 28 14 77 36 71 73 95 13 52 85 27 85 84 85 50 10 48 58 91 44 31 26 76 17 100 68 90 74 59 75 82 86 40 59 73 62 31 67 74 34 51 52 19 86 88 68 96 36 78 86 31 60 11 58 76 62 25 17 35 35 43 69 72 82 79 44 43 9 62 69 95 64 72 13 49 60 32 44 47 61 81 77 72 43 86 47 57 62 64 91 96 6 11 19 40 89 14 34 50 75 54 44 38 26 8 38 85 91 82 31 52 14 59 23 9 44 22 65 5 37 
7 52 94 18 70 85 58 83 19 7 9 72 50 98 49 57 35 33 100 68 15 51 82 73 25 42 68 98 6 72 34 12 23 80 81 44 64 39 78 34 97 86 6 47 35 54 55 70 39 54 37 5 56 70 78 33 11 97 30 68 69 16 80 43 47 12 39 10 2 16 44 99 54 1 97 88 6 3 9 96 57 46 1 64 15 30 96 78 26 78 45 46 45 76 89 91 40 79 52 41 94 95 91 99 47 87 39 53 90 47 48 98 92 100 13 59 29 61 88 55 38 32 100 34 60 40 24 99 18 75 91 64 22 82 62 68 20 100 72 61 47 72 58 90 71 23 100 100 83 87 54 72 71 5 5 30 45 80 80 62 54 70 25 27 51 39 47 23 38 70 83 
36 41 41 78 64 15 29 15 97 68 20 68 38 24 72 19 68 51 50 30 56 19 6 35 22 44 81 44 34 50 26 21 43 18 50 6 32 79 72 80 46 91 47 35 14 70 53 82 72 2 63 80 72 68 14 93 64 94 88 97 95 14 17 37 83 67 94 67 97 65 46 42 7 93 76 21 14 80 54 86 33 16 65 4 35 78 49 98 23 36 94 17 1 63 6 84 81 51 50 77 68 47 70 74 91 45 94 5 76 47 42 8 14 58 63 49 87 11 98 9 99 92 77 99 6 34 34 86 85 35 14 52 82 83 25 24 79 71 28 6 17 21 13 83 78 27 83 64 90 80 24 40 23 1 38 28 34 24 65 70 10 78 21 43 12 98 67 90 68 46 
95 36 67 59 18 44 38 100 60 27 80 83 66 54 83 55 82 69 30 98 90 92 76 63 34 39 60 52 81 79 98 75 14 16 86 84 11 75 35 70 53 66 53 70 20 87 24 1 7 6 98 97 97 25 59 82 16 70 86 96 100 83 22 13 50 7 48 60 33 83 30 85 48 82 54 67 20 30 19 27 35 69 75 83 93 85 16 60 54 1 55 53 35 77 17 84 35 65 44 68 99 73 52 46 6 6 65 25 35 83 3 21 51 77 55 96 61 70 55 66 23 62 18 57 38 87 93 72 3 88 39 1 12 91 98 17 48 14 93 34 49 96 54 51 24 8 46 85 29 53 2 3 14 20 12 3 58 4 74 60 43 65 12 54 7 61 70 54 75 
14 87 23 61 92 73 85 51 71 21 31 75 74 34 40 93 97 42 2 52 67 13 94 31 24 47 89 85 68 42 59 81 80 33 94 71 5 30 21 27 50 4 1 23 37 92 68 33 33 21 36 52 34 29 34 57 75 23 93 94 16 51 26 96 35 19 18 92 48 91 18 49 94 71 24 82 62 43 14 47 63 1 98 96 29 83 5 55 5 97 48 21 100 73 68 34 44 85 25 91 75 95 40 68 65 63 49 26 5 14 24 19 14 73 15 94 56 71 100 60 67 47 32 66 72 99 52 15 36 76 57 62 70 48 30 34 62 30 12 66 96 87 37 61 60 3 55 15 73 54 26 39 53 10 57 76 60 8 42 95 35 98 57 5 98 38 90 59 
19 53 77 14 40 13 75 51 15 81 65 87 86 42 77 90 51 33 17 11 92 58 57 27 8 65 83 5 2 24 15 21 77 91 86 68 3 60 18 69 92 34 7 30 75 84 71 78 68 88 40 60 97 96 38 56 61 20 60 14 43 27 34 71 17 20 90 72 31 59 40 75 92 47 4 19 30 26 96 49 13 35 8 10 82 97 65 42 16 77 56 11 3 41 33 71 12 23 42 95 81 82 69 25 28 24 43 9 49 90 57 14 76 17 23 57 13 39 51 81 15 58 91 69 50 23 40 62 97 81 56 30 14 76 54 41 99 48 1 99 89 10 12 64 26 86 72 90 25 74 70 91 31 12 60 81 35 51 94 31 83 1 12 97 76 65 37 
26 64 90 24 52 99 88 67 24 73 91 65 49 64 35 40 47 46 51 79 32 1 72 15 83 72 26 79 99 43 68 24 6 57 99 10 55 86 28 30 11 18 46 59 82 32 98 28 78 48 58 61 100 29 27 35 100 5 13 50 47 32 73 4 40 71 13 46 9 41 27 71 10 73 29 43 4 79 22 33 78 79 46 78 7 72 64 58 76 76 7 22 60 79 78 99 2 90 45 62 82 71 32 92 95 60 34 99 90 56 31 68 86 76 97 93 100 60 2 75 87 9 49 98 39 26 97 92 67 93 53 49 15 84 92 10 96 77 8 37 84 90 4 70 18 52 14 17 63 15 43 2 23 91 99 14 16 47 5 83 39 58 83 54 93 26 
15 40 2 74 77 38 63 32 7 32 36 72 100 98 86 43 99 9 85 50 22 53 96 78 87 35 35 69 40 80 94 54 19 47 27 47 36 41 31 94 25 66 65 24 15 51 18 66 59 3 15 32 55 10 9 41 96 96 61 87 27 6 92 97 4 70 44 40 11 26 33 87 91 98 62 57 48 80 22 58 34 36 41 40 98 1 32 93 48 92 32 74 49 23 23 52 93 18 43 55 43 76 41 33 25 2 89 24 81 63 81 66 98 73 5 47 25 88 92 73 79 23 98 79 45 20 83 37 37 25 91 79 52 83 63 76 85 4 99 17 66 31 83 15 55 39 62 80 27 5 52 57 27 49 36 23 21 70 12 57 94 2 88 98 37 
50 73 21 5 24 89 22 6 23 37 61 62 50 40 40 54 91 96 32 91 83 54 11 52 65 20 98 19 7 95 55 8 19 27 65 94 15 86 100 90 74 60 51 23 99 90 28 41 37 11 83 72 17 46 75 81 17 24 51 23 18 57 82 89 83 46 82 50 84 81 39 57 92 41 32 42 82 11 82 18 22 17 41 38 62 16 70 78 39 21 52 9 29 85 49 12 83 30 13 66 63 3 22 6 43 53 48 76 64 81 45 37 97 86 74 10 53 95 39 91 67 42 51 96 27 99 59 9 81 71 74 95 25 95 100 19 100 47 94 15 28 38 51 24 75 76 86 27 70 24 70 37 66 20 32 44 71 90 52 51 12 77 45 36 
23 44 54 74 91 99 88 70 88 38 45 63 13 30 41 35 6 62 71 23 82 54 66 4 43 69 54 6 97 50 41 19 93 46 93 35 44 80 4 31 70 1 45 34 30 38 68 35 99 90 57 32 43 74 35 37 42 40 42 38 89 34 9 34 79 53 20 74 84 24 57 53 24 53 87 5 90 6 92 89 96 48 72 90 22 7 27 15 46 20 5 87 54 13 20 32 65 39 6 48 14 14 53 89 66 91 94 56 48 85 96 95 84 67 85 57 25 63 72 71 82 28 57 35 40 28 19 56 66 76 55 32 89 7 20 54 49 65 61 97 49 56 91 85 23 75 41 99 37 64 69 71 91 77 57 82 56 75 37 22 2 44 53 
90 50 24 96 99 89 56 95 89 12 85 25 86 12 66 84 100 81 5 70 72 33 79 5 89 53 42 62 55 85 66 96 86 89 91 36 29 99 82 70 10 19 94 47 30 59 82 29 92 38 51 63 71 29 19 11 33 60 24 39 96 89 87 34 29 77 69 10 75 51 79 36 69 72 34 98 83 16 78 74 5 80 88 75 60 6 37 45 18 60 35 13 100 21 46 29 50 67 38 76 17 16 12 37 39 97 86 21 64 15 94 69 95 33 95 6 39 32 50 56 91 85 20 43 57 18 71 6 84 60 82 52 27 93 88 65 41 73 86 5 87 31 73 33 64 67 39 54 50 40 9 93 76 80 35 33 49 5 38 32 16 19 
35 42 63 22 6 4 46 43 60 33 74 32 17 89 50 7 42 52 47 2 44 74 81 78 6 30 34 96 13 49 66 48 42 81 21 47 36 67 90 95 51 15 78 67 3 27 74 44 30 72 45 73 45 77 2 3 58 35 50 71 35 15 70 28 95 90 75 30 56 16 76 58 30 53 25 32 32 98 27 61 21 23 34 65 99 87 19 57 74 68 79 8 35 100 88 81 89 62 11 97 29 38 54 10 91 30 41 22 79 19 34 99 41 67 64 91 54 34 47 27 2 77 86 36 76 73 16 17 86 78 13 14 16 18 23 58 48 15 31 26 85 64 25 25 83 40 16 36 73 14 14 26 43 51 61 18 76 29 34 13 58 
98 79 73 68 53 82 15 68 12 92 4 76 68 29 58 7 96 45 32 61 10 57 3 60 70 73 87 98 58 100 55 8 78 80 75 30 61 41 49 73 32 5 100 100 85 57 58 80 1 89 92 62 98 95 21 67 67 60 16 76 11 22 83 88 53 57 69 14 97 70 38 81 74 89 80 10 45 89 89 97 30 80 58 27 26 30 45 44 89 12 20 99 85 54 38 38 11 59 3 59 80 92 39 5 80 70 14 24 59 54 72 40 85 81 66 11 10 62 6 51 25 77 1 9 31 91 46 93 49 48 51 80 39 42 84 70 11 49 93 21 2 16 60 86 96 77 48 6 38 54 8 14 82 8 23 12 98 68 4 98 
68 7 77 58 48 12 28 10 60 72 31 61 88 90 99 83 19 46 40 56 51 99 22 33 7 44 44 56 63 100 54 30 58 82 40 57 46 67 66 57 38 48 18 25 90 68 60 8 13 51 15 64 50 36 96 8 79 91 63 94 42 68 23 99 2 62 55 47 80 73 55 18 20 72 94 9 91 5 16 4 8 31 19 57 66 14 16 97 56 78 90 98 98 64 96 51 78 3 49 57 75 3 26 94 27 72 55 17 76 70 20 83 52 38 91 70 3 58 66 11 88 7 8 85 70 55 35 99 57 35 8 31 37 33 77 63 4 31 80 32 52 51 14 4 41 57 73 43 14 90 5 1 96 12 37 17 67 23 16 
75 57 75 58 94 7 86 8 63 16 87 94 67 38 7 22 78 15 94 72 81 83 77 33 30 40 70 47 58 92 14 33 1 88 42 94 46 27 1 8 42 40 1 60 29 60 34 58 74 27 29 6 62 57 39 91 49 8 89 6 51 2 90 51 41 83 96 87 9 49 94 2 88 95 14 16 54 47 73 79 73 53 85 86 62 23 77 62 82 65 19 32 19 9 35 59 91 30 45 52 78 39 53 17 85 66 84 38 64 8 68 89 13 52 74 26 26 2 87 7 67 5 91 37 65 25 47 56 6 92 59 84 82 11 52 66 29 36 55 44 95 22 32 7 26 6 32 51 7 18 10 25 75 100 61 39 76 8 
46 81 51 4 64 84 67 68 49 47 3 55 90 97 76 22 56 53 27 87 4 85 57 65 10 31 64 22 69 39 81 67 71 31 70 35 14 88 54 14 34 8 68 76 56 96 97 11 48 75 50 3 59 6 67 20 88 82 42 8 72 74 74 43 5 96 29 70 83 82 36 69 41 3 44 96 50 40 7 98 66 8 52 24 13 19 96 52 52 37 59 24 10 33 18 66 80 98 88 62 79 23 30 19 77 25 66 27 64 24 76 29 31 27 5 43 97 100 94 49 88 5 24 49 89 41 67 68 90 54 81 68 28 63 38 4 87 55 82 3 79 57 31 9 36 87 4 32 38 49 32 25 53 55 74 41 47 
40 60 36 45 93 55 72 55 44 27 41 99 9 95 77 17 78 85 52 64 88 36 2 37 67 78 41 74 51 34 20 42 93 8 86 85 62 57 91 58 36 84 56 44 78 32 12 55 68 64 71 8 51 72 96 17 49 36 90 52 69 62 93 14 69 31 98 82 39 89 39 74 24 46 17 1 77 81 56 97 96 26 4 46 49 99 14 49 86 4 100 55 17 45 68 37 75 17 70 13 57 9 39 80 54 7 81 83 87 88 31 82 65 34 27 13 84 93 61 69 48 13 75 64 9 42 52 83 11 21 47 67 29 85 47 35 92 79 69 30 66 99 12 82 84 90 94 19 82 6 39 81 70 14 44 78 
7 95 12 17 16 11 84 96 95 82 82 38 60 50 20 77 100 83 58 35 72 3 5 6 60 44 86 82 57 82 59 63 28 23 80 43 33 15 91 79 96 72 69 7 74 88 35 25 70 44 12 93 98 16 50 57 59 88 90 67 69 1 82 96 23 61 91 55 27 33 85 74 4 53 80 29 40 66 6 61 9 17 6 6 84 55 14 95 42 4 61 62 4 42 10 78 54 100 32 80 32 16 53 87 21 84 68 12 49 25 73 9 93 30 14 76 84 80 70 78 35 83 91 90 76 100 67 30 51 50 61 82 17 66 21 89 1 40 1 2 64 25 10 56 54 76 83 89 55 53 18 41 87 9 82 
62 8 100 43 59 1 4 92 17 21 64 58 21 3 58 22 18 82 84 25 87 59 8 75 65 12 93 5 98 1 38 59 60 37 2 18 37 57 62 5 29 25 62 1 80 19 75 97 52 58 22 38 16 81 65 80 92 9 36 89 61 73 99 20 61 52 90 97 60 51 1 88 75 63 89 54 33 63 3 37 20 76 74 87 56 90 18 47 98 5 87 58 77 85 78 37 89 67 85 48 69 85 88 43 99 76 49 84 90 51 20 61 26 45 99 81 87 16 79 84 20 65 42 48 1 71 36 41 89 20 89 57 56 28 51 7 55 99 42 44 1 13 56 78 57 54 10 43 21 40 79 40 4 72 
39 57 42 74 97 82 45 37 38 100 64 40 58 70 91 99 13 91 11 20 21 20 25 30 14 45 70 92 36 25 63 74 33 4 99 82 37 43 70 74 95 86 14 52 55 4 3 20 46 13 39 66 84 64 48 98 60 69 89 96 45 4 69 78 59 68 59 96 62 28 21 56 13 34 60 20 89 62 39 87 26 77 4 10 92 51 59 52 71 99 47 16 2 67 93 61 86 3 56 48 82 76 55 47 62 14 66 2 27 4 88 5 32 92 14 24 94 24 75 17 22 73 32 24 39 76 36 25 30 91 24 11 18 30 9 79 44 74 33 22 29 20 26 61 63 91 36 9 14 10 25 88 34 
8 11 72 83 46 48 64 88 23 74 5 53 35 36 48 8 68 69 89 39 47 49 54 37 36 14 3 97 90 90 30 97 52 53 31 97 53 94 84 75 19 40 79 53 27 26 13 46 47 1 85 93 1 90 81 36 3 35 32 92 24 61 40 75 13 70 23 65 15 58 92 33 50 70 38 76 48 50 22 94 50 58 38 50 47 18 85 1 53 16 44 28 28 83 55 92 4 77 9 18 35 100 2 84 69 39 11 16 88 32 61 37 89 98 38 87 68 74 87 72 89 30 99 68 12 5 60 67 82 20 84 68 19 38 3 39 76 13 7 16 97 19 52 37 17 42 24 36 15 10 7 56 
40 57 23 3 62 34 22 95 53 5 14 23 94 68 14 70 80 20 85 28 38 88 65 6 81 88 41 96 97 99 51 88 8 25 43 21 11 64 15 15 20 80 90 14 47 3 35 78 74 19 6 63 58 22 69 39 9 61 86 57 12 88 97 19 12 91 91 74 54 57 41 25 36 30 90 82 32 24 11 57 94 16 19 52 89 39 42 97 100 27 6 63 14 54 33 77 44 23 3 49 79 43 73 14 72 63 47 55 38 57 11 32 25 81 35 13 20 76 62 71 2 67 33 67 72 65 43 15 87 45 63 17 39 87 30 62 1 28 16 39 84 78 70 60 11 4 73 30 31 86 100 
84 4 84 50 75 100 44 89 38 41 3 54 79 89 35 41 90 62 8 28 97 38 49 57 48 52 81 77 34 66 28 17 69 63 66 43 62 61 83 51 1 85 4 32 73 90 24 14 51 31 41 47 68 41 55 67 44 35 95 77 100 22 93 20 36 10 14 49 71 96 99 23 32 54 54 5 43 77 70 45 60 11 44 79 3 98 46 47 33 40 23 84 14 16 56 1 25 69 50 47 65 100 70 48 54 75 52 48 52 22 93 63 84 88 41 86 85 38 32 69 30 7 5 95 22 60 95 98 28 96 45 44 96 66 92 1 40 95 48 43 68 92 5 3 79 98 41 64 87 24 
84 16 30 40 62 3 99 9 53 79 4 49 74 51 14 65 51 5 12 99 48 31 90 4 34 69 53 26 84 40 49 19 7 31 59 69 33 9 29 37 87 32 85 61 83 50 77 85 55 88 83 54 71 25 57 4 45 62 81 80 1 29 98 59 11 8 79 44 17 7 32 55 91 17 15 25 66 92 9 72 31 44 25 1 68 34 56 12 95 36 43 47 17 40 57 27 100 36 22 16 94 54 70 84 22 37 8 39 80 17 11 10 12 35 63 79 20 70 42 66 58 84 64 74 75 21 52 74 56 74 41 49 79 11 85 100 99 92 38 78 60 100 39 23 87 1 1 6 23 
94 72 80 77 87 5 4 7 56 77 14 81 18 15 59 80 99 10 78 42 100 7 54 99 45 76 37 98 29 43 20 22 66 51 51 52 55 54 11 62 82 24 43 51 38 53 30 36 63 59 78 14 65 83 64 62 58 1 59 86 43 30 8 60 32 58 63 86 63 73 47 44 97 41 95 34 94 76 22 8 35 51 21 51 33 84 64 90 84 22 76 78 3 35 89 34 44 52 71 6 76 70 49 72 10 95 58 3 71 31 10 57 81 82 59 13 66 23 54 1 96 29 79 51 15 67 84 58 70 7 15 46 76 16 69 85 10 78 40 32 8 1 40 88 83 99 100 100 
73 54 100 20 34 78 70 1 97 6 10 66 12 25 63 87 40 32 23 1 61 62 85 69 63 24 56 97 74 8 96 98 13 95 18 98 25 87 98 21 44 8 38 55 84 53 93 75 36 16 27 96 77 11 64 91 87 20 39 60 79 34 58 91 81 75 88 5 13 38 77 57 97 66 63 80 18 56 54 53 71 80 49 99 91 12 42 29 83 80 88 13 66 97 55 46 23 43 2 36 32 78 44 28 43 6 7 13 61 12 65 31 91 65 82 33 29 23 61 11 54 1 76 19 97 30 16 20 24 17 7 55 46 2 34 41 7 40 53 20 51 69 2 94 34 83 26 
62 5 39 24 59 39 99 29 35 81 45 6 4 13 64 11 59 65 44 51 72 36 55 43 86 23 44 31 8 27 57 21 83 95 97 93 85 47 22 19 27 66 77 31 78 40 93 88 5 36 90 28 71 44 70 9 19 13 39 78 91 47 99 74 93 95 66 77 41 87 48 68 4 24 50 34 63 94 21 19 29 63 46 52 6 15 12 76 80 50 54 70 49 4 95 93 50 13 70 90 99 17 9 55 92 10 88 54 3 60 25 84 22 70 35 80 37 46 7 68 47 60 89 47 15 84 40 64 96 9 6 46 77 14 52 68 76 39 73 30 51 97 13 72 19 99 
3 55 96 10 22 43 21 10 89 36 45 28 99 92 88 4 38 16 70 89 83 45 80 8 26 30 56 39 53 74 37 8 28 33 17 1 27 37 63 67 24 7 47 23 99 34 78 88 50 47 28 84 43 59 91 69 40 47 59 93 72 47 52 52 79 68 52 57 56 14 24 32 73 70 6 23 55 83 10 4 82 89 40 76 48 82 96 87 28 54 31 52 1 82 3 31 1 54 88 9 20 63 40 44 84 45 66 38 27 27 94 60 15 33 36 62 14 31 49 94 37 31 45 37 13 47 19 65 52 58 73 23 20 12 18 3 8 83 93 87 9 86 46 24 70 
33 37 83 16 37 28 52 68 24 40 32 22 58 96 74 16 21 48 87 84 66 42 92 100 34 30 9 71 75 84 40 60 20 74 75 9 54 26 76 77 65 59 99 74 6 24 89 26 23 76 62 88 17 53 88 2 82 48 72 8 83 63 19 54 88 93 62 41 70 89 70 86 99 68 60 5 43 48 82 65 75 43 53 43 47 92 44 28 91 67 88 73 81 6 26 21 51 40 13 20 28 82 6 27 1 17 83 43 16 64 8 91 7 12 85 53 55 81 33 45 99 72 69 80 29 46 52 79 85 64 99 65 46 56 43 98 24 77 41 39 40 48 29 98 
11 66 51 65 46 35 61 44 6 29 75 86 26 26 65 11 90 15 27 87 22 21 84 45 97 76 83 36 75 64 34 85 29 36 1 26 22 61 69 79 89 44 64 67 21 28 77 62 94 55 48 15 75 84 59 71 59 94 58 34 57 43 70 37 30 71 62 51 31 82 29 72 25 93 38 98 72 66 59 66 72 7 32 46 42 91 68 52 36 77 37 92 20 7 80 49 29 41 52 59 22 80 82 99 24 71 96 48 88 54 65 59 12 96 4 53 38 23 5 73 100 41 16 19 99 95 19 27 87 70 38 61 2 71 59 77 42 6 76 81 59 40 40 
23 88 95 27 77 18 31 50 69 24 17 39 74 64 57 1 50 79 90 10 32 60 20 60 53 25 88 34 36 79 73 58 66 19 36 43 88 67 44 56 42 12 94 67 75 3 67 77 33 8 38 64 68 58 75 20 34 62 5 21 41 77 30 58 48 66 52 35 84 47 91 77 59 84 43 85 86 62 61 18 69 51 33 36 60 60 8 45 73 12 66 65 41 95 23 40 60 26 74 43 73 64 19 31 100 14 67 37 75 80 7 43 30 91 31 89 50 90 85 23 53 50 87 93 45 61 32 56 87 58 51 59 21 21 41 72 34 7 9 8 38 15 
3 67 5 33 7 55 74 92 29 26 93 67 71 89 28 54 45 14 11 47 24 32 67 16 3 53 74 63 60 12 77 14 30 34 98 37 40 71 80 68 97 72 86 67 61 13 20 57 78 31 3 53 14 21 68 68 73 94 31 33 5 59 98 34 92 96 22 83 66 53 2 62 77 88 28 89 52 100 45 30 30 99 34 95 19 2 62 92 95 44 76 51 3 73 36 46 68 58 29 86 62 30 47 38 17 27 26 69 26 22 50 7 20 83 1 39 36 62 82 82 6 9 84 60 81 20 5 1 77 33 38 38 15 84 28 31 62 53 51 39 75 
100 45 94 35 97 84 22 59 17 4 16 25 87 27 6 58 31 58 34 16 95 24 30 30 3 12 44 55 15 82 81 66 79 27 100 75 10 74 85 27 29 100 51 15 78 8 25 61 17 10 76 63 33 57 93 87 20 36 42 86 69 22 52 47 100 3 22 10 76 6 88 4 58 90 71 35 98 95 95 14 4 22 77 89 30 21 75 2 8 68 87 76 42 38 23 41 41 96 2 68 1 89 24 10 79 46 97 28 40 91 93 95 65 21 35 46 41 62 47 100 29 34 28 22 23 2 15 15 97 16 83 49 57 58 59 87 3 55 14 42 
97 58 88 13 79 23 59 71 36 57 71 16 90 98 38 13 99 52 27 47 19 61 95 75 18 5 61 20 11 26 13 60 84 53 72 62 75 82 84 62 39 54 77 28 3 14 92 53 17 71 51 36 31 98 62 1 2 75 72 13 100 85 24 35 37 95 48 63 29 32 24 67 37 100 46 92 66 38 96 82 60 47 69 90 44 31 42 97 5 14 9 56 50 32 43 86 79 90 100 7 73 75 73 62 74 70 53 39 7 100 73 18 46 41 8 41 23 1 38 79 14 98 87 63 82 29 100 60 70 99 18 95 73 42 56 99 11 8 89 
70 59 13 87 5 6 46 45 28 47 34 59 12 32 45 75 13 25 26 24 94 77 41 88 1 82 43 99 44 2 40 13 61 52 52 17 57 97 13 37 95 47 95 7 30 39 33 42 63 10 65 8 86 57 96 87 90 90 37 85 44 76 50 56 80 1 72 88 49 36 24 44 82 70 2 63 60 86 4 74 95 20 82 81 28 29 67 17 70 55 54 13 31 3 68 62 3 91 49 51 27 25 46 60 94 99 23 6 84 78 79 79 50 60 59 77 40 77 46 10 31 99 22 13 1 42 74 55 84 75 5 10 51 3 22 96 1 96 
1 85 73 80 15 74 91 73 51 31 1 96 40 83 46 13 96 46 54 21 100 38 95 56 99 97 58 20 93 11 67 93 47 92 24 61 65 15 85 15 45 85 62 84 67 7 96 14 52 2 35 3 39 81 59 89 78 68 61 70 78 27 14 76 18 38 36 35 52 20 1 48 56 63 31 23 21 78 36 25 31 22 27 21 3 37 10 80 57 70 49 34 96 62 62 66 51 97 52 2 17 52 49 72 66 31 46 87 61 34 11 91 55 89 12 57 26 21 36 82 42 36 67 89 50 28 6 100 77 57 54 45 9 2 68 74 85 
14 12 45 99 22 87 53 11 50 62 88 22 97 21 63 85 39 4 86 67 9 85 95 66 90 39 26 44 6 51 28 71 63 24 69 84 62 74 46 12 35 85 85 83 5 48 67 44 3 4 62 11 89 56 76 30 46 53 73 51 4 100 74 66 75 42 1 37 15 47 100 1 31 84 84 88 83 2 83 85 6 44 96 46 51 23 75 96 76 48 98 31 99 71 96 74 65 96 62 31 94 61 32 77 96 15 64 79 16 46 15 73 41 62 18 43 37 93 38 64 40 87 94 38 58 89 63 22 36 24 4 30 36 35 6 32 
49 21 62 17 18 28 89 58 90 7 100 26 51 89 89 90 75 34 79 84 22 42 57 9 17 61 38 53 95 95 36 96 67 49 12 84 76 52 41 17 10 92 94 60 80 82 1 7 15 80 90 88 73 47 97 41 7 86 45 53 33 32 48 99 80 11 35 8 63 75 24 72 19 18 84 98 51 84 56 18 15 46 5 39 92 53 80 50 91 24 2 75 56 50 25 87 60 59 94 74 86 70 98 4 39 81 53 89 16 9 6 31 6 63 69 97 67 100 98 9 76 99 83 83 100 60 69 12 18 15 85 55 36 82 10 
74 14 15 62 30 23 20 60 80 34 80 28 52 80 25 61 7 75 95 89 75 6 9 86 76 75 22 30 10 4 40 83 17 54 97 98 28 68 57 59 53 89 86 4 20 10 16 26 36 63 66 62 68 74 47 43 49 21 25 58 76 16 93 44 21 89 42 100 8 50 58 60 38 43 63 57 4 31 34 39 93 99 1 12 25 99 7 73 19 31 82 46 46 74 90 18 14 31 17 21 80 74 80 70 16 95 26 71 25 60 9 69 10 9 80 34 60 86 6 30 68 40 76 13 65 65 82 31 47 98 3 78 71 35 
47 38 29 25 8 53 84 69 21 45 29 52 79 88 38 36 18 5 27 93 70 92 9 51 74 55 49 76 84 71 10 31 61 38 55 20 42 90 88 14 34 17 66 12 56 55 100 73 11 26 17 80 17 77 83 42 83 83 18 67 53 27 97 65 65 3 85 58 92 72 24 77 40 89 41 96 95 40 20 5 65 89 37 34 65 19 75 100 1 44 66 5 71 14 70 87 16 6 44 59 77 67 87 17 7 27 64 1 18 83 58 35 23 94 20 88 64 46 87 16 90 4 72 60 17 93 98 84 98 41 94 75 60 
80 43 18 7 58 71 76 40 80 10 63 73 29 2 88 75 40 55 64 43 26 75 11 19 72 46 16 64 39 42 23 18 36 93 76 93 63 52 85 42 13 99 66 42 100 5 16 91 59 79 33 84 53 95 54 76 40 22 39 78 63 14 47 51 6 75 95 20 78 79 13 90 77 78 31 28 34 98 70 92 28 54 27 80 48 81 55 87 2 46 16 16 59 15 18 64 41 13 83 18 91 47 59 20 76 42 99 9 39 21 100 67 74 26 98 22 58 5 60 59 2 28 27 60 42 44 23 34 56 57 51 99 
3 61 70 78 54 20 38 45 40 37 63 14 14 12 87 24 68 46 34 69 25 60 28 66 56 50 99 63 58 1 13 12 14 34 41 67 54 78 63 45 14 25 10 80 37 96 3 4 94 88 73 18 48 100 36 55 2 86 17 11 39 82 23 52 15 63 70 20 41 33 65 6 57 74 37 45 22 91 49 67 79 73 84 78 72 71 32 25 57 100 36 47 81 10 98 96 24 19 15 64 3 31 22 12 57 58 56 30 1 56 96 79 28 31 56 52 2 39 76 10 38 63 56 71 24 5 18 48 75 84 11 
78 15 84 89 23 94 44 52 94 100 47 72 27 77 79 30 30 69 6 39 58 20 46 28 44 50 45 91 25 29 53 54 95 89 42 17 82 85 20 75 36 66 98 15 94 28 44 24 96 1 14 53 21 12 81 16 13 77 58 37 57 62 90 51 50 83 19 31 20 38 57 55 55 6 69 1 33 65 76 28 65 41 33 37 52 13 52 65 41 9 53 98 23 95 100 72 77 19 55 96 8 63 3 15 69 71 67 1 35 42 81 52 82 13 88 86 77 40 50 69 100 54 66 22 48 66 46 77 36 100 
24 95 62 26 61 82 49 27 83 35 20 15 86 54 79 74 39 55 65 40 75 64 93 41 38 93 58 83 69 45 34 92 39 95 18 52 29 18 78 11 52 98 77 38 51 55 11 41 61 75 80 35 90 24 75 27 16 84 61 36 28 94 80 19 41 49 70 69 66 99 31 17 48 7 54 98 61 16 38 73 42 69 7 32 93 34 10 8 17 23 96 97 16 75 67 8 23 88 76 88 38 58 4 86 64 58 35 76 25 73 48 67 93 7 98 85 40 59 45 8 81 40 4 49 66 22 56 88 9 
84 75 47 41 30 84 57 39 18 32 64 42 32 30 35 38 79 71 29 37 67 36 70 6 92 18 23 65 73 10 74 56 36 72 49 66 7 5 4 24 88 19 66 71 100 100 60 78 22 88 67 89 76 36 46 67 5 69 31 29 78 56 37 66 79 85 31 85 41 86 9 28 57 26 99 56 77 58 34 98 98 52 86 73 39 32 39 43 100 21 71 29 29 59 94 7 43 76 44 83 14 4 63 70 29 61 25 5 70 10 54 67 61 40 39 99 23 29 93 22 50 16 2 78 74 96 36 17 
23 31 51 36 34 13 5 14 25 30 70 95 39 24 61 52 15 100 2 37 28 95 10 29 10 11 58 35 58 94 3 81 24 54 16 10 66 21 23 43 2 93 37 92 16 97 95 30 48 97 18 28 43 27 56 52 37 14 38 95 59 41 27 82 94 42 91 11 14 66 53 67 58 41 59 25 90 53 54 37 1 23 64 43 49 72 46 85 37 84 31 95 24 57 28 69 51 71 31 16 36 36 83 93 76 93 17 65 45 22 54 46 44 69 88 44 92 34 28 28 69 11 22 92 19 2 12 
69 72 94 85 7 29 19 51 57 11 19 73 55 92 78 52 87 47 92 30 38 77 9 66 45 19 39 88 38 92 51 58 63 44 94 21 25 12 23 81 22 41 5 29 84 83 32 70 29 23 99 18 51 8 35 95 78 74 34 15 17 84 25 80 80 18 52 4 30 27 36 3 67 40 83 3 22 15 72 2 89 23 72 40 30 6 86 59 31 72 74 48 55 50 79 86 67 30 89 48 56 76 3 75 16 85 29 89 99 100 43 88 22 14 79 3 19 64 62 2 35 87 49 42 36 27 
27 54 8 68 2 16 43 56 42 10 40 70 51 39 21 93 78 95 58 56 49 76 19 62 29 6 48 77 47 35 55 25 89 15 92 42 30 87 97 23 96 88 44 46 78 64 90 55 10 47 62 59 75 33 20 3 38 20 80 36 54 86 60 94 100 4 87 81 42 35 55 89 75 98 35 52 14 76 7 23 23 20 33 97 52 53 51 89 24 82 76 29 68 88 23 67 91 61 100 84 48 54 72 22 52 58 73 17 34 31 91 8 51 24 56 54 28 6 95 51 88 70 79 55 57 
53 73 99 14 72 82 13 78 6 86 81 63 10 97 48 41 87 55 43 10 10 96 37 16 90 39 55 12 18 9 68 70 33 19 35 57 52 47 34 57 84 14 20 94 62 19 86 100 74 28 62 83 75 50 50 17 89 4 80 6 64 47 75 97 17 62 5 69 8 90 77 92 55 48 37 16 67 22 15 40 49 28 74 75 78 24 43 66 27 22 23 91 21 97 39 37 10 95 57 18 84 34 61 38 33 97 5 99 18 71 90 18 99 64 44 76 87 87 93 65 8 15 7 28 
63 97 17 73 91 25 42 74 58 54 63 43 2 67 41 71 38 83 40 88 46 83 63 84 69 7 48 29 73 55 8 35 3 76 59 94 1 100 19 10 5 82 52 6 100 45 76 37 27 67 24 72 50 38 55 70 96 54 50 68 60 58 3 63 33 13 8 33 65 26 43 69 7 94 27 7 38 54 95 16 21 71 87 22 60 93 91 56 99 41 23 58 50 77 20 82 42 27 67 6 5 61 26 63 54 52 21 44 58 16 11 78 38 98 99 97 42 41 4 40 81 79 50 
30 55 69 64 96 48 82 53 4 42 79 66 47 82 87 90 39 54 1 68 91 50 18 39 43 59 43 83 91 21 32 73 27 52 88 75 51 69 27 6 10 57 72 56 91 58 98 81 63 50 49 53 51 18 91 93 28 85 27 71 57 10 43 84 14 82 58 16 50 36 22 11 45 45 18 87 2 15 67 16 16 67 68 66 85 10 11 64 47 89 34 3 99 28 86 64 9 95 79 10 83 52 72 79 96 90 65 49 4 31 64 72 50 83 37 86 45 47 49 91 36 35 
93 86 62 31 1 23 77 79 32 11 83 4 89 30 45 5 79 48 88 94 19 37 77 8 22 73 6 22 63 93 56 7 30 18 37 30 40 66 61 23 76 43 78 17 72 22 21 2 22 8 48 92 96 76 51 69 48 57 91 10 1 46 16 31 15 5 60 54 70 20 29 97 14 58 13 38 32 86 91 53 93 38 96 41 65 47 9 12 55 99 73 55 45 41 37 59 97 97 65 18 68 45 14 34 2 27 71 33 12 13 37 56 3 33 96 67 31 57 31 37 55 
55 91 51 47 28 10 95 76 26 12 95 70 26 28 23 4 50 56 67 15 44 74 17 28 22 35 10 78 17 46 84 72 89 35 70 16 96 65 43 21 76 37 42 53 17 16 8 18 23 26 32 67 100 48 94 73 83 56 50 51 1 85 22 89 19 44 56 14 8 98 86 35 87 79 40 55 95 99 72 17 25 4 83 76 3 29 48 37 84 49 88 36 33 61 25 52 4 80 17 63 30 55 50 68 33 89 74 79 87 97 48 63 100 82 38 55 10 85 91 45 
85 30 33 18 91 57 21 46 88 89 9 69 95 58 88 80 98 61 58 36 58 5 99 9 87 88 63 48 25 6 45 9 35 77 78 77 85 50 23 72 91 83 93 85 40 80 64 89 41 74 24 50 30 74 58 16 62 73 16 86 30 12 46 16 88 24 93 24 25 67 95 15 49 39 100 40 19 15 28 11 88 3 60 70 77 69 37 90 41 52 75 70 63 72 86 2 95 30 25 72 96 72 86 44 10 37 83 80 4 62 90 91 64 49 12 92 18 49 81 
10 100 7 32 15 79 17 68 25 46 93 48 93 16 34 88 77 22 22 57 25 83 46 68 98 47 79 90 16 27 22 25 79 81 56 93 59 24 60 35 21 4 83 65 71 68 52 48 89 73 4 14 55 1 81 5 47 11 94 14 38 67 91 16 47 98 60 57 22 71 44 94 75 78 59 97 45 10 44 85 35 99 98 41 100 30 45 98 41 90 12 30 57 2 45 55 99 56 12 72 26 55 18 52 84 76 49 28 37 92 12 23 91 62 64 42 43 8 
39 35 98 50 64 54 3 60 60 2 15 71 25 41 77 42 92 60 69 92 39 6 84 3 28 26 64 43 67 58 51 5 93 48 7 8 53 9 20 12 10 34 35 35 26 11 28 70 23 97 61 13 54 96 15 33 21 30 76 39 88 26 44 32 25 50 91 29 58 10 40 20 96 26 6 73 89 33 42 63 81 55 75 34 50 90 67 23 19 42 61 58 19 56 41 43 57 32 71 67 41 62 38 88 40 95 61 28 27 2 90 60 8 64 93 10 5 
11 32 76 52 44 33 22 52 74 64 60 5 86 26 97 100 15 85 39 9 45 18 88 98 59 47 6 74 39 15 79 50 98 54 53 93 38 75 44 11 90 4 67 28 81 64 27 96 100 17 4 44 86 91 93 44 89 50 69 28 64 99 29 13 4 33 6 42 7 49 4 49 4 71 76 37 86 54 32 85 70 87 80 7 30 24 2 18 74 70 45 89 69 25 2 72 58 7 65 16 7 69 16 63 91 91 99 76 96 30 12 17 16 43 23 45 
66 24 63 39 94 59 28 14 36 29 37 45 87 2 60 45 70 28 7 12 18 5 87 66 34 98 82 2 92 5 98 57 28 12 48 73 23 75 38 58 55 75 2 93 28 13 37 49 40 44 60 10 48 98 75 34 95 56 87 38 12 36 94 92 48 41 16 22 67 54 79 21 80 32 65 59 96 2 7 36 45 18 97 44 15 23 77 61 30 63 98 42 99 91 33 98 84 48 19 50 53 49 23 84 80 87 42 75 88 100 62 84 17 10 28 
31 32 4 43 62 19 40 3 69 83 87 66 66 34 36 67 39 84 89 22 15 76 64 41 15 63 3 99 32 12 26 62 96 81 5 57 51 96 11 19 78 97 36 43 82 71 10 72 54 50 94 68 77 9 9 92 23 63 42 54 26 67 16 21 99 72 29 50 67 91 68 45 39 4 39 73 26 100 44 80 50 37 99 26 97 59 17 20 73 10 73 99 76 40 71 27 11 52 76 78 94 95 74 33 50 64 5 76 64 48 7 13 37 57 
90 33 16 59 4 40 68 77 90 96 16 61 22 79 64 49 8 57 95 81 41 45 96 45 72 59 45 78 23 33 34 13 17 1 71 21 41 38 97 30 85 64 42 6 42 57 6 1 14 1 33 54 97 29 51 68 87 95 97 62 79 82 74 95 83 96 15 75 85 63 4 70 79 98 27 72 54 33 73 19 33 5 25 81 33 75 48 72 21 96 33 99 77 58 93 59 53 60 85 37 22 89 58 100 86 85 72 39 17 44 10 1 100 
34 81 33 8 80 4 80 27 88 30 3 45 74 14 97 33 98 85 7 38 43 6 75 79 29 14 47 24 23 47 24 8 79 8 15 10 11 46 88 50 75 90 94 48 55 90 33 5 26 39 42 20 44 17 98 25 82 44 48 56 42 23 63 72 30 29 33 92 26 20 41 52 62 34 99 68 75 31 72 1 21 66 72 65 34 70 41 15 65 40 22 7 15 36 30 44 16 63 88 41 82 80 92 95 66 42 63 92 25 86 44 45 
51 16 61 84 85 1 50 1 93 23 7 7 58 89 2 25 51 89 17 84 21 60 79 38 2 93 29 78 78 73 22 29 88 35 64 24 87 14 24 79 88 83 85 46 71 87 22 21 27 39 56 99 98 86 36 51 78 65 28 8 37 2 36 76 88 51 51 74 64 74 53 52 8 89 49 78 27 70 50 6 60 6 4 58 43 40 60 21 4 88 28 92 41 15 19 28 65 69 1 81 42 5 84 50 46 84 79 72 5 29 29 
17 86 33 74 80 24 33 52 27 72 31 70 12 45 40 91 62 8 92 94 1 48 29 2 93 64 81 17 20 61 45 36 98 29 9 77 52 94 29 30 17 11 51 29 56 90 19 69 97 62 14 98 62 94 51 54 57 31 22 76 43 19 12 92 99 72 21 51 17 49 80 34 59 83 14 66 72 84 86 21 98 51 70 59 44 20 64 52 3 86 28 45 56 91 89 54 62 9 4 31 9 36 64 19 70 29 85 41 12 22 
61 9 73 30 67 68 2 31 20 4 68 99 100 75 89 88 28 2 96 84 32 4 71 47 23 40 75 59 32 87 80 45 47 4 26 66 72 27 48 43 30 67 41 82 41 29 69 20 82 65 3 14 68 25 60 90 16 87 100 48 25 80 44 71 35 69 88 58 48 35 100 29 1 40 10 41 20 79 61 2 43 15 15 62 92 26 4 7 64 3 6 88 34 49 11 69 70 98 26 17 85 78 45 85 17 55 78 89 33 
38 90 27 4 56 88 95 33 91 2 97 46 59 36 79 8 46 47 29 96 25 45 80 2 41 64 70 47 41 58 31 30 47 57 34 54 97 28 87 39 81 83 84 40 70 63 99 16 61 27 11 37 23 42 38 15 5 8 62 98 17 44 27 16 1 12 69 49 92 55 87 72 89 23 63 59 37 61 26 49 39 88 86 13 29 23 80 33 82 41 82 51 84 9 66 36 72 34 36 63 41 23 87 81 97 49 39 33 
62 16 33 52 3 18 65 31 93 44 16 26 36 97 76 71 57 41 59 29 27 94 91 67 68 77 47 16 78 38 48 91 53 81 42 56 50 58 38 42 1 53 68 88 50 43 11 6 36 69 34 62 62 77 80 82 5 26 97 82 15 97 72 68 29 14 75 78 71 12 72 24 65 39 63 14 33 73 71 68 41 5 81 55 81 60 88 85 38 84 19 52 32 90 71 60 55 45 90 78 9 61 53 73 51 15 38 
83 88 8 3 80 64 35 34 44 95 73 81 32 57 99 35 88 40 6 100 47 2 89 24 10 49 28 34 99 42 71 33 81 31 87 61 94 22 46 90 68 19 70 99 27 20 85 14 11 90 13 57 92 53 32 53 1 59 87 51 1 9 36 33 39 22 93 33 95 39 22 62 9 43 12 35 14 97 48 24 38 13 81 29 65 64 34 18 23 20 20 75 28 55 7 19 29 52 51 23 42 24 37 50 18 48 
84 31 44 83 54 82 47 86 62 64 50 47 81 24 66 52 50 46 7 56 64 87 7 66 61 48 41 97 49 10 97 32 40 92 67 45 25 13 83 87 76 84 85 8 7 51 60 56 48 18 63 63 4 22 80 64 21 20 13 70 29 9 53 20 100 19 16 25 84 98 63 59 81 47 19 39 49 78 46 48 95 9 62 50 30 41 65 2 12 29 71 92 37 24 11 89 94 79 65 77 76 79 88 9 77 
6 47 78 35 93 25 81 1 39 30 82 79 46 83 91 75 6 34 63 81 97 3 74 75 67 51 50 97 90 10 74 47 57 3 81 1 79 61 53 17 42 34 96 87 68 38 61 25 23 24 5 19 26 79 93 45 81 95 41 70 4 66 16 12 68 48 12 47 8 64 15 49 49 10 35 17 99 48 41 22 71 98 92 48 76 85 92 8 31 85 29 86 50 44 98 70 43 61 68 50 25 82 50 73 
44 36 41 94 83 34 15 5 31 7 53 58 43 96 65 25 80 93 10 82 88 59 3 30 20 70 31 96 3 32 20 46 19 13 40 2 98 6 58 28 64 62 37 6 58 1 82 89 45 92 70 32 2 72 13 73 93 95 68 48 26 88 93 44 52 84 97 49 42 55 28 5 68 64 63 25 64 44 66 60 87 35 43 89 59 55 61 3 49 81 50 26 20 95 21 71 30 18 19 71 24 46 28 
91 9 42 68 24 37 33 83 76 19 25 64 29 31 76 84 31 56 33 56 75 79 76 97 9 45 15 31 20 12 10 63 20 51 82 95 40 14 29 15 84 5 30 13 87 5 48 17 13 80 24 39 59 100 36 19 96 50 49 68 62 11 30 33 61 11 80 52 76 8 18 59 65 47 23 51 4 70 68 16 2 91 54 12 42 89 30 90 91 30 57 4 40 38 36 53 48 67 4 23 27 22 
33 91 20 8 93 23 77 60 38 30 3 92 41 96 32 70 37 22 52 93 25 91 30 13 43 29 79 99 51 5 72 36 47 91 43 40 14 71 51 51 1 5 94 41 1 26 63 37 99 66 82 76 56 63 88 51 92 18 49 94 23 20 29 69 10 71 60 23 94 11 26 94 15 71 86 67 48 100 56 47 65 37 22 21 99 61 71 42 78 71 36 52 90 16 73 51 39 32 26 32 94 
51 25 9 73 62 75 21 62 82 19 26 18 92 98 69 52 20 62 81 90 97 33 31 65 5 82 3 88 7 34 82 9 10 42 81 71 68 1 32 50 71 10 67 62 7 87 13 27 49 94 68 97 78 99 61 82 80 63 21 38 48 2 46 57 43 26 28 11 79 11 60 49 20 78 11 79 65 75 5 65 20 24 13 97 22 74 30 53 88 51 90 88 4 35 96 47 13 23 9 91 
86 68 91 5 97 53 83 13 28 39 77 99 63 42 48 36 15 77 89 54 79 30 93 35 65 89 33 29 63 41 71 48 60 61 5 56 14 87 69 93 78 97 43 92 38 90 79 4 19 19 10 49 49 2 83 65 90 15 93 53 7 63 52 66 75 56 22 40 95 42 84 72 90 27 15 80 16 93 35 86 64 96 35 12 50 69 76 91 36 20 95 42 82 47 8 56 2 81 48 
48 74 31 71 15 57 85 94 25 30 81 10 93 76 96 56 77 65 31 68 52 2 62 93 83 8 52 90 62 32 37 9 57 68 80 72 76 16 17 100 97 49 10 89 77 57 44 53 21 26 20 72 27 82 17 61 41 68 3 54 52 39 15 8 58 94 31 34 61 100 33 58 48 94 98 24 51 94 77 23 71 96 47 98 29 63 10 22 82 12 75 33 3 89 93 12 34 75 
45 47 74 30 4 22 75 1 45 25 94 73 100 65 69 46 14 49 60 75 70 93 39 97 78 93 37 70 4 23 44 1 69 18 30 24 91 4 76 35 81 22 8 80 38 28 77 3 28 88 77 50 80 67 98 57 59 34 78 63 8 74 63 28 91 44 51 81 99 79 67 79 100 26 10 37 5 38 39 33 25 67 34 57 34 31 65 92 16 43 6 76 16 20 3 58 15 
6 90 14 84 8 44 35 34 54 71 90 91 61 74 68 27 7 24 60 37 40 4 5 34 9 80 1 81 82 58 95 39 99 60 74 7 4 8 92 57 78 81 99 38 55 66 17 13 41 76 2 81 79 6 14 40 85 15 72 18 24 18 9 23 78 82 81 81 90 72 89 19 4 87 9 58 5 25 71 45 100 72 77 31 29 91 22 65 57 93 34 32 10 42 6 39 
24 86 19 65 9 7 83 13 46 91 22 50 15 44 46 67 67 23 49 95 65 70 59 73 14 93 4 75 86 10 14 9 47 84 25 56 43 8 20 88 50 41 89 17 85 34 35 3 56 83 98 72 4 8 44 17 100 48 43 86 9 8 46 55 92 71 62 34 30 81 73 31 74 61 47 58 94 81 12 2 15 9 73 18 17 17 86 68 16 29 5 24 36 3 30 
79 25 92 12 6 72 84 36 45 44 35 54 90 67 66 91 82 26 15 99 94 83 85 62 98 65 18 73 52 72 3 31 96 94 94 1 17 78 89 14 73 23 19 14 41 36 4 74 62 71 25 7 53 61 20 51 25 38 75 76 9 77 58 57 22 52 57 91 29 45 56 53 19 74 67 12 62 22 85 23 92 9 29 97 69 1 99 45 38 73 73 98 2 30 
54 75 81 63 65 61 59 20 14 78 46 32 41 7 5 25 81 49 86 61 45 6 61 43 51 50 67 23 48 68 52 1 43 33 15 59 45 74 79 58 3 76 41 43 82 46 19 62 94 4 74 90 10 35 84 12 84 50 86 83 70 37 36 12 21 50 70 18 23 100 75 25 27 68 19 8 13 38 21 58 93 47 47 2 81 30 65 16 31 50 99 100 39 
34 63 11 83 33 28 58 84 55 82 11 22 1 70 86 90 43 43 82 89 41 36 21 22 100 36 52 2 34 4 40 19 66 2 54 50 30 11 34 36 92 96 57 44 17 94 33 59 88 15 99 28 50 19 1 1 55 52 2 40 55 93 59 73 95 12 22 76 22 55 11 65 2 19 61 19 12 93 29 99 59 28 78 60 46 78 61 52 81 62 92 88 
7 50 60 1 13 81 76 86 88 38 2 41 56 62 11 19 7 40 17 17 19 46 77 16 75 89 68 55 2 59 94 8 60 53 60 24 86 35 9 25 72 62 65 79 24 76 97 82 67 65 50 37 62 26 52 36 66 19 43 68 29 36 27 88 41 87 11 26 73 71 2 45 33 66 75 8 93 24 41 59 40 90 95 2 16 99 37 33 17 31 100 
46 67 79 85 7 65 96 84 37 18 37 33 50 2 60 9 95 83 49 5 22 39 52 23 6 50 12 38 18 42 90 63 60 68 100 18 84 95 53 20 64 89 5 66 91 64 74 37 46 23 41 19 61 44 42 18 45 5 55 63 46 96 77 58 15 76 75 98 22 28 70 86 16 74 51 6 37 76 94 34 98 87 52 10 30 45 79 27 49 34 
89 47 81 65 4 96 93 78 93 14 57 62 51 73 87 53 30 23 29 24 8 78 62 60 40 43 4 18 69 53 3 57 51 84 74 54 31 18 83 23 31 40 37 34 12 75 38 93 50 66 16 57 96 29 16 87 72 20 4 40 24 7 97 74 42 22 27 72 39 61 46 21 100 34 6 63 9 44 56 10 61 23 66 56 52 82 42 23 53 
98 62 76 56 10 49 49 31 27 20 21 87 17 42 39 3 47 1 63 90 56 72 51 79 37 58 30 70 52 52 22 49 65 49 56 75 97 4 57 75 75 78 14 43 71 52 45 17 52 59 59 8 30 61 86 19 70 67 88 73 70 62 21 34 10 28 60 59 31 17 33 5 46 98 48 68 49 44 84 1 3 94 60 84 6 97 54 76 
15 94 48 84 55 21 69 16 100 29 74 31 97 59 87 94 56 86 61 57 82 96 9 36 90 68 19 47 16 25 22 30 18 22 13 24 94 81 39 93 61 13 75 57 23 62 2 30 99 62 86 80 58 94 15 99 61 86 45 76 10 19 5 27 92 69 50 85 50 88 29 62 52 4 71 26 65 72 56 63 34 41 95 43 87 9 93 
99 94 89 75 55 59 31 81 50 52 82 86 53 70 15 14 73 18 84 51 34 56 6 48 41 98 42 35 84 3 27 83 48 67 9 3 26 91 83 27 42 65 13 94 86 27 60 10 96 43 60 29 50 17 76 42 15 70 76 50 72 54 84 19 21 92 21 46 35 4 24 28 20 36 74 57 14 33 66 61 27 78 89 77 94 17 
18 8 86 46 58 57 99 41 75 19 85 48 16 19 3 40 98 22 27 71 78 93 3 95 53 30 72 42 58 66 10 75 25 95 20 82 3 71 75 29 89 11 76 57 29 78 48 26 99 74 49 28 66 51 75 71 32 46 64 89 63 73 16 88 19 87 21 21 57 95 49 46 5 25 54 85 54 1 63 53 26 11 32 44 13 
6 14 45 4 77 33 18 49 48 5 67 35 26 39 91 20 39 88 77 15 93 13 69 93 75 73 19 37 56 14 50 14 27 94 17 3 26 34 3 26 91 21 12 16 59 54 87 49 42 15 64 34 28 32 79 2 56 49 39 11 62 40 24 88 33 92 42 10 26 44 35 16 64 46 83 74 52 21 74 93 36 37 78 63 
20 56 16 75 56 6 86 17 45 61 4 77 53 45 87 78 40 73 45 55 71 79 80 22 99 54 14 34 42 43 96 62 51 64 88 6 69 25 23 14 86 78 90 38 75 28 67 66 1 63 21 71 41 52 92 91 57 57 25 99 99 72 12 1 35 51 7 4 76 81 17 61 10 58 50 36 86 16 2 86 78 74 8 
70 25 99 60 82 7 84 32 5 8 43 58 94 93 16 97 20 48 65 80 57 75 81 45 60 96 46 97 25 19 4 94 95 2 54 28 8 89 59 64 48 1 73 42 46 88 90 65 35 55 97 44 81 77 88 40 25 85 36 49 55 91 95 49 44 100 29 3 88 87 18 36 40 91 29 85 78 18 1 65 24 97 
60 4 26 99 95 50 83 82 50 89 72 44 89 15 43 17 17 83 4 35 70 43 77 98 79 6 67 79 70 91 28 81 94 53 79 41 54 13 22 3 1 94 99 90 60 41 58 77 75 61 63 44 55 39 93 33 44 60 12 66 50 39 46 95 43 77 35 96 41 9 50 42 2 48 83 61 89 40 89 63 53 
51 59 7 41 51 40 85 62 3 2 63 93 99 58 87 75 44 82 16 4 31 9 5 79 43 18 19 34 6 33 38 9 43 45 1 94 36 37 55 90 38 18 34 37 27 20 63 22 1 30 26 83 90 82 13 84 99 83 70 57 68 7 17 10 3 17 55 38 54 62 79 43 79 12 31 57 31 46 30 83 
75 7 18 17 89 30 100 39 65 69 95 32 28 63 93 30 80 48 68 85 9 98 79 39 10 62 95 40 7 76 23 81 83 40 49 71 21 1 9 37 21 56 68 48 18 61 78 49 60 97 85 68 94 16 6 3 77 52 95 83 27 17 15 9 8 64 31 80 64 92 17 84 99 36 84 16 96 61 17 
7 9 1 74 54 16 79 57 44 82 3 26 9 19 41 69 78 56 52 57 71 43 73 54 41 61 89 8 8 1 76 15 9 29 88 63 96 19 71 40 100 73 65 60 43 57 81 72 12 32 28 82 26 53 88 18 13 76 77 20 77 53 34 37 33 74 51 28 92 73 67 43 97 84 55 39 40 35 
62 4 18 42 85 43 94 24 12 58 52 88 29 80 92 15 16 24 88 19 4 31 91 70 25 88 5 79 78 97 65 40 100 82 81 36 76 26 12 87 35 63 27 15 42 70 29 9 46 68 79 49 50 70 70 75 9 75 5 38 71 22 29 22 3 61 57 31 38 68 69 72 82 95 87 75 17 
67 84 62 35 62 62 36 83 31 62 43 5 67 81 27 88 61 100 42 22 9 72 59 28 41 83 10 87 21 84 3 87 19 16 21 33 77 9 67 8 70 10 64 36 42 43 75 54 42 69 27 50 40 86 78 32 20 39 19 40 22 73 26 93 89 99 25 17 7 43 76 28 52 40 16 45 
34 90 51 27 10 77 77 50 62 6 33 33 44 51 72 17 76 50 9 16 100 85 32 58 28 60 85 31 51 100 28 84 90 78 10 51 54 38 100 68 95 85 100 38 87 24 55 62 73 15 77 72 100 61 81 79 72 65 9 22 65 36 5 6 13 66 56 19 56 8 86 50 92 85 88 
78 8 94 40 32 60 68 55 11 80 35 89 51 100 50 72 64 85 28 69 50 46 76 68 1 83 53 50 74 89 89 4 97 34 95 80 94 14 35 4 94 69 45 96 68 94 20 83 30 99 3 79 44 79 98 96 61 2 98 87 91 86 90 39 72 36 18 65 49 52 20 94 73 16 
90 40 9 61 75 39 59 77 69 55 7 19 2 20 20 99 6 62 37 47 52 8 82 70 24 82 73 95 76 45 11 65 37 19 77 11 9 87 39 78 93 46 96 95 65 67 93 22 81 29 20 32 88 1 53 11 82 26 6 57 22 16 73 58 86 1 20 95 88 11 24 80 56 
19 74 72 37 19 93 69 99 12 1 87 64 53 49 97 30 6 6 52 21 30 61 59 31 33 53 18 43 76 49 98 46 75 21 34 93 13 3 43 76 3 81 91 7 30 87 89 35 44 92 8 74 52 66 56 84 70 25 78 45 73 75 42 99 47 75 91 11 77 86 86 31 
66 76 90 95 15 30 82 10 21 41 35 72 58 90 8 79 66 85 23 91 12 16 89 10 90 32 21 19 17 6 1 82 34 90 29 100 71 62 61 91 54 96 15 11 37 22 89 3 58 63 93 21 78 33 31 19 64 51 37 80 8 90 14 93 31 94 92 2 55 53 92 
8 100 6 70 36 79 10 38 89 24 82 61 1 15 91 71 30 93 60 10 53 49 75 45 79 68 37 80 22 41 72 81 40 29 2 27 60 11 65 48 34 98 8 86 64 51 56 94 95 67 55 47 15 29 92 94 96 80 25 69 20 48 1 11 77 2 37 36 12 53 
35 97 3 94 34 66 44 89 59 39 56 65 37 22 93 28 15 40 7 92 60 78 39 60 40 15 61 77 2 24 81 88 20 83 82 53 49 77 94 59 67 1 76 4 22 68 31 89 60 90 80 19 19 18 79 59 85 91 87 38 15 67 26 34 2 59 39 2 35 
84 12 2 84 87 57 57 55 39 97 66 28 28 84 99 46 14 57 82 5 95 71 71 61 48 4 14 6 94 15 93 77 27 46 12 13 2 21 19 40 17 84 20 45 20 18 42 85 26 75 89 20 45 59 32 45 15 46 2 60 60 94 89 38 91 52 51 44 
72 21 84 89 57 55 85 76 24 26 12 49 52 53 20 48 63 51 92 77 96 94 89 8 39 77 45 82 80 47 25 52 68 60 92 24 14 76 51 89 53 62 37 56 14 56 3 77 59 95 5 54 40 45 13 30 21 58 11 53 56 88 4 23 47 95 98 
13 22 48 1 26 62 38 81 75 45 83 3 55 29 8 61 20 52 73 50 25 82 12 77 38 99 32 12 46 26 10 58 99 9 10 24 70 99 4 45 44 38 47 50 67 6 10 38 10 83 39 34 16 51 62 53 1 93 65 98 70 26 7 68 34 17 
43 4 15 98 100 10 35 46 60 53 4 69 91 13 3 29 98 19 31 59 71 32 51 87 81 20 64 88 39 98 4 81 1 18 78 100 28 64 97 87 17 100 7 59 64 10 39 61 28 70 19 50 53 21 89 33 92 52 72 30 1 75 62 53 45 
91 52 72 55 1 10 23 52 68 33 16 77 71 76 56 92 47 58 96 67 46 81 11 49 52 92 50 27 54 2 71 96 6 94 50 58 55 24 9 22 56 76 99 79 4 6 70 50 63 66 68 60 46 78 9 49 70 10 75 75 63 97 70 68 
90 72 25 96 95 86 18 51 61 68 81 64 73 50 65 88 67 33 47 64 10 7 13 31 16 39 5 79 88 75 98 29 98 23 25 92 60 42 94 20 9 74 36 33 76 100 20 42 32 67 58 94 25 22 24 41 60 81 71 47 7 68 28 
4 42 52 47 1 93 41 73 53 66 8 85 41 59 57 35 91 75 92 36 99 13 11 91 24 43 61 23 49 81 50 4 74 1 51 27 45 91 99 49 56 58 33 49 16 89 83 58 63 26 93 14 90 56 4 13 98 17 87 47 97 36 
2 22 88 52 48 84 94 98 32 2 55 17 50 23 57 32 32 20 9 77 33 98 32 88 10 81 4 49 27 52 36 81 74 24 32 21 59 26 19 91 27 25 59 76 99 15 59 31 86 67 59 70 64 90 58 25 70 61 73 49 13 
9 29 38 84 12 58 94 37 28 36 15 5 94 90 55 9 100 37 94 18 95 64 33 36 73 58 58 33 82 58 97 42 38 86 77 49 96 71 38 23 6 52 79 100 94 34 60 93 70 53 11 17 68 43 52 40 52 61 25 86 
18 73 27 7 59 4 56 54 26 93 28 31 44 7 82 89 92 41 82 13 46 44 29 65 38 33 5 42 45 81 27 15 53 5 21 63 8 76 16 85 20 96 16 16 54 49 4 45 90 37 9 87 80 90 51 18 22 55 11 
18 87 37 32 40 41 53 54 1 28 22 85 100 17 52 15 70 1 18 66 42 55 74 28 86 63 78 55 36 85 65 54 71 1 85 62 94 37 16 94 17 37 30 16 5 82 30 74 34 99 39 75 53 12 54 91 27 31 
45 62 67 10 15 38 62 52 51 55 88 18 100 56 54 30 71 58 63 52 83 96 51 73 22 55 37 75 45 63 57 42 24 24 3 91 13 64 42 15 19 81 33 18 37 86 99 59 96 61 11 30 8 13 3 29 67 
39 3 64 1 12 57 76 35 59 18 99 22 59 13 92 40 97 62 28 35 60 86 30 73 48 11 80 60 13 9 79 3 63 42 55 26 50 83 12 8 100 10 29 59 75 73 50 71 34 77 5 45 14 86 17 62 
97 49 21 61 9 99 64 71 92 18 97 41 100 8 48 52 70 29 10 44 1 11 66 86 39 23 30 52 8 99 65 4 47 86 17 55 36 80 77 28 49 25 20 1 33 20 52 54 48 13 49 100 23 14 85 
61 36 66 64 96 64 29 51 10 66 67 16 1 98 93 80 47 17 52 99 1 71 2 54 70 14 54 69 88 20 5 100 7 70 63 2 86 43 53 95 8 71 63 61 69 55 40 67 71 91 65 24 13 18 
77 82 31 83 50 18 2 6 69 8 28 31 10 13 26 14 59 33 84 21 45 52 75 85 70 98 27 86 21 40 3 49 73 85 31 75 54 84 80 22 92 7 5 53 19 30 66 78 14 1 98 59 5 
25 95 74 22 73 60 94 64 14 94 37 99 77 11 52 60 90 26 51 49 30 55 67 11 20 96 24 21 94 34 25 70 80 50 43 53 61 36 68 75 81 4 25 57 14 28 17 56 53 19 56 82 
26 22 92 45 70 68 17 63 1 93 84 33 95 26 85 55 13 52 81 93 8 5 50 73 33 18 80 85 88 35 19 13 9 62 10 78 29 26 92 82 71 75 14 65 100 50 71 12 53 52 56 
60 56 5 85 40 74 64 77 62 99 95 74 7 8 83 84 37 61 75 70 83 1 83 47 52 32 17 15 84 68 70 96 76 27 80 67 100 95 43 13 93 89 39 51 97 73 86 85 33 12 
54 67 12 36 13 63 19 82 77 54 1 99 49 28 25 80 95 76 75 37 89 19 26 27 22 74 99 7 58 84 71 11 50 34 98 15 97 16 96 25 69 48 75 70 76 99 49 70 75 
75 58 63 46 83 41 67 8 39 25 65 74 47 27 24 81 24 38 29 39 85 53 60 32 80 29 7 78 29 28 4 56 86 18 1 20 58 19 28 49 43 44 22 90 71 45 70 94 
82 50 85 18 2 44 50 33 72 8 11 52 36 66 7 21 84 7 40 41 25 19 89 20 63 63 61 85 7 82 78 41 31 62 58 84 5 59 17 28 67 79 32 2 44 38 74 
27 97 65 20 73 84 60 92 98 22 4 82 29 85 11 21 15 73 78 51 29 37 67 9 3 45 40 56 40 29 29 67 25 93 86 98 76 45 41 25 67 45 6 47 29 69 
67 96 41 44 46 21 32 64 81 86 60 72 41 99 1 69 65 25 14 2 22 89 47 63 66 65 7 23 11 87 91 77 34 83 72 31 56 56 94 36 41 53 8 82 4 
8 2 68 84 15 22 6 56 20 20 21 84 78 95 46 16 86 74 50 68 45 80 75 52 74 11 93 78 70 74 81 29 27 1 12 42 22 69 97 41 88 69 76 65 
63 21 81 100 94 82 20 90 61 94 42 86 56 86 16 25 11 48 53 37 48 17 78 21 85 26 13 73 46 88 89 9 60 21 60 5 2 79 47 63 73 40 100 
28 25 15 5 35 63 57 71 62 73 1 35 58 78 47 82 24 35 70 84 46 91 43 51 44 22 97 6 46 36 58 73 60 72 77 46 86 86 16 100 10 68 
34 19 46 80 52 69 66 74 4 12 16 46 62 59 67 10 17 64 45 74 37 56 97 65 1 83 2 68 34 64 88 67 34 33 98 86 53 64 59 8 27 
74 53 88 32 72 97 100 35 93 73 23 100 70 40 52 4 93 19 37 56 58 55 90 42 52 27 46 67 37 53 93 62 6 80 45 29 28 45 63 72 
17 38 71 38 77 22 41 69 93 77 25 50 83 66 92 35 44 37 1 32 90 94 93 47 25 37 75 5 33 89 76 50 26 47 39 2 68 80 71 
12 8 47 62 91 64 5 25 59 41 77 90 82 22 82 80 47 70 54 51 55 43 26 56 68 24 94 22 92 73 44 3 81 90 16 23 5 20 
99 63 13 75 52 46 97 85 26 95 6 31 45 60 25 22 15 45 46 9 66 89 81 9 43 13 50 59 35 6 30 33 68 94 60 71 92 
56 7 69 50 12 99 46 24 76 67 38 20 64 98 37 52 31 97 47 43 46 57 30 51 86 14 70 32 73 40 23 80 46 91 81 9 
41 78 32 16 97 22 87 60 19 23 64 49 19 10 44 16 66 73 18 3 38 87 86 63 78 8 94 75 50 27 84 91 4 67 58 
52 88 45 12 59 67 27 7 38 36 50 53 53 74 71 55 64 57 41 26 87 100 71 61 50 97 96 92 53 63 49 4 2 93 
67 60 12 93 67 49 28 68 53 80 94 23 87 57 32 79 34 18 78 4 78 79 53 74 70 5 88 71 60 89 15 27 49 
26 19 67 26 47 86 79 78 31 53 16 87 84 94 72 53 24 28 83 2 80 56 24 36 43 46 95 83 60 21 83 38 
92 1 15 38 87 45 67 69 98 83 8 33 28 79 38 51 58 20 5 37 27 80 24 21 25 71 3 36 43 86 25 
34 38 40 23 76 84 90 45 33 24 52 18 51 30 55 54 40 26 58 76 52 89 52 72 13 22 74 100 16 11 
25 50 49 64 72 24 99 13 68 84 88 71 53 39 53 7 44 92 32 1 19 35 89 70 6 53 43 79 52 
59 42 76 60 90 91 83 65 42 96 85 25 35 55 77 73 59 35 16 50 18 68 69 52 8 90 9 60 
33 87 64 43 80 91 2 21 82 84 86 23 31 22 99 66 28 27 90 87 13 58 36 30 25 56 33 
85 46 41 96 30 79 59 72 59 50 73 79 83 56 16 5 87 89 55 4 17 81 93 55 93 50 
42 74 27 98 6 11 95 98 6 24 76 17 47 34 66 19 65 48 26 32 4 64 73 10 67 
41 90 60 95 34 61 36 59 87 85 16 49 31 13 7 6 88 23 52 74 88 70 90 87 
48 73 42 11 45 51 30 85 92 89 31 77 1 67 35 88 3 50 36 34 62 42 39 
1 16 43 74 55 64 15 41 11 88 82 74 32 32 3 69 75 91 99 51 43 17 
85 30 20 86 18 5 47 11 95 100 27 37 25 81 1 40 74 63 27 7 36 
10 91 38 78 65 80 77 16 23 93 52 52 64 38 21 20 36 84 67 35 
10 3 60 42 55 99 67 18 77 74 5 86 16 43 64 80 22 40 95 
96 84 99 100 100 36 20 71 71 3 37 58 64 92 17 58 98 67 
24 15 43 49 72 28 64 14 43 96 87 34 42 83 18 40 82 
69 75 53 39 98 8 28 55 71 19 23 80 16 41 56 83 
35 56 54 62 72 19 57 67 5 90 8 39 59 100 72 
27 74 25 18 23 84 97 77 6 15 51 86 82 43 
93 16 77 48 21 91 19 39 47 37 96 36 45 
86 95 44 58 73 69 34 42 92 17 38 20 
22 4 23 59 38 65 51 53 42 99 26 
32 69 64 30 6 11 65 50 49 11 
45 6 36 65 91 77 56 7 67 
28 80 22 50 39 59 66 89 
64 7 87 89 90 56 4 
19 61 67 36 62 15 
46 58 72 33 22 
62 62 30 68 
28 57 47 
1 58 
37 
