24 3
9 55 81 66 32 85 5 98 70 86 5 20 88 6 73 82 38 97 64 99 65 5 80 
79 1 89 70 80 40 9 4 48 15 36 66 98 21 70 95 90 7 52 61 46 57 
33 28 46 29 43 96 45 47 27 76 99 68 45 31 7 5 34 55 19 70 72 
17 90 93 63 79 100 14 91 45 22 23 24 67 3 18 14 100 64 41 75 
15 8 71 45 14 76 78 20 46 47 91 62 88 84 77 66 35 90 56 
31 64 30 7 82 85 24 96 84 40 36 10 54 43 80 98 8 7 
27 28 53 74 18 66 61 53 42 79 39 84 86 70 99 68 76 
80 52 51 75 35 90 62 96 43 56 27 92 64 34 19 43 
38 92 12 55 4 65 49 34 55 84 72 24 82 91 51 
61 42 2 88 28 43 49 23 86 5 49 77 20 34 
95 62 23 38 73 78 94 89 26 79 44 9 2 
67 42 92 70 2 33 23 41 60 65 90 34 
2 46 35 79 65 68 25 78 91 15 50 
20 60 39 45 90 82 5 92 100 46 
83 21 99 68 43 40 79 60 29 
65 61 26 99 91 90 66 68 
19 8 34 68 27 93 58 
23 82 91 27 25 43 
72 60 63 23 27 
58 62 57 17 
90 21 77 
67 19 
20 
