21 6
35 72 96 68 74 1 67 92 95 22 21 46 85 91 92 32 1 14 92 48 
29 63 83 70 60 71 41 42 88 53 78 74 76 25 41 1 26 59 92 
72 32 64 69 16 54 13 48 55 26 91 2 54 6 36 75 65 6 
15 7 93 19 36 18 46 12 11 46 37 69 89 8 1 53 29 
16 6 41 15 60 66 58 13 72 63 49 46 79 54 13 37 
99 31 24 16 77 36 26 74 72 47 63 32 47 15 60 
14 72 52 81 84 17 38 96 88 52 96 86 30 50 
98 67 100 80 90 15 8 77 93 82 1 39 96 
32 37 62 43 50 33 46 30 16 62 19 64 
2 70 59 39 100 60 88 18 59 67 59 
26 75 36 70 8 36 60 3 19 96 
64 13 97 48 58 79 16 71 49 
31 72 19 89 62 70 1 49 
39 11 16 97 88 42 32 
57 49 19 68 3 37 
15 18 1 64 65 
58 94 32 81 
42 62 52 
12 3 
14 
