100 3
97 13 72 67 15 5 89 35 16 90 97 97 28 7 12 82 79 63 21 95 79 99 46 92 19 27 82 77 74 41 21 70 54 93 88 20 49 76 55 64 17 3 12 44 9 24 78 87 38 98 33 69 96 30 60 66 56 42 95 81 34 15 2 39 7 90 59 7 17 65 71 34 67 34 29 27 57 6 65 95 55 97 63 50 27 74 68 34 67 62 67 1 76 68 91 35 9 49 93 
26 13 63 11 31 97 39 57 5 97 21 51 51 70 65 53 48 39 20 81 5 81 99 57 8 19 48 94 27 48 87 4 13 1 14 43 49 53 52 54 49 72 56 51 93 21 3 40 11 22 73 67 2 71 76 62 89 23 55 68 22 93 71 86 94 85 81 94 89 32 47 89 55 55 39 100 75 42 39 37 63 11 3 17 34 78 78 74 52 84 41 26 77 64 11 22 48 43 
15 36 26 14 24 81 68 14 80 94 55 70 82 18 33 84 34 66 14 63 91 17 98 32 94 26 95 5 47 94 99 14 81 25 27 56 57 46 69 88 91 24 57 72 93 89 7 78 6 72 40 97 41 37 80 34 63 26 38 61 19 89 74 51 13 52 6 69 49 26 8 91 1 64 14 93 5 21 70 10 44 61 58 84 98 37 18 12 14 7 24 84 95 98 34 59 1 
91 27 2 17 34 92 69 50 6 62 54 78 83 15 21 44 25 57 93 61 74 4 27 80 79 10 27 28 44 85 29 86 64 82 54 49 25 23 98 30 84 3 59 18 70 32 61 94 88 53 6 13 8 32 92 87 42 70 14 37 55 94 22 18 27 76 18 52 50 16 33 85 70 92 2 91 23 63 36 62 67 42 74 27 25 17 65 18 87 30 54 93 24 28 62 2 
55 79 53 4 46 86 40 16 29 41 58 3 55 94 64 22 35 89 100 11 5 64 29 43 93 34 35 68 13 96 70 67 75 22 22 20 59 61 87 87 54 45 89 8 38 52 81 24 40 80 34 97 95 14 39 88 48 74 7 12 21 76 31 95 50 52 67 60 65 53 47 70 97 35 29 86 39 10 9 30 41 95 26 36 8 17 75 7 42 81 19 62 9 49 9 
10 52 75 69 68 79 15 37 76 2 66 61 92 27 22 21 67 16 99 54 23 15 80 82 8 61 100 21 21 100 29 82 3 55 50 71 34 17 59 61 18 24 21 9 2 42 81 21 57 79 74 32 45 54 13 4 66 64 25 38 15 5 19 17 60 68 87 45 36 98 5 5 73 25 13 75 19 46 95 27 76 20 10 21 73 22 76 90 37 100 27 51 5 45 
20 16 65 58 60 100 55 64 5 28 40 69 54 10 14 48 37 90 67 46 62 92 20 37 81 8 89 60 59 45 4 30 12 20 87 71 20 42 86 76 21 77 96 74 87 10 21 75 51 39 72 64 82 91 52 15 99 40 74 9 36 29 38 47 1 76 69 72 17 6 47 89 83 42 62 21 3 34 95 5 25 66 68 6 9 72 72 59 63 45 67 99 26 
56 97 26 31 66 97 100 71 95 88 5 88 2 25 91 35 71 47 59 89 67 17 97 38 88 55 100 85 73 98 62 28 95 87 10 12 35 9 34 81 49 39 68 50 15 58 36 86 5 95 74 71 63 22 60 2 28 59 38 100 9 99 79 55 37 40 66 71 1 99 3 49 89 71 98 4 28 33 41 84 79 66 6 93 87 17 47 66 76 84 65 36 
83 95 90 19 34 7 42 86 5 44 34 46 66 83 49 46 68 89 29 98 54 87 91 92 3 37 57 30 20 73 65 54 19 54 25 4 12 18 90 69 13 23 14 79 6 62 24 25 2 4 22 7 42 64 98 45 52 6 26 24 78 91 77 96 96 53 99 60 70 88 28 35 63 41 13 20 54 88 44 55 91 17 13 33 81 10 29 32 15 54 55 
44 96 84 39 44 36 89 3 6 29 30 40 91 22 4 10 75 91 5 81 81 21 93 65 1 54 93 85 20 99 39 63 46 22 53 89 58 41 43 15 69 24 6 11 45 61 72 71 51 76 51 83 49 95 100 49 100 44 85 19 94 24 81 40 97 85 80 6 26 75 72 46 98 77 57 43 89 80 65 91 56 16 26 56 62 25 56 62 20 41 
32 14 64 65 53 12 49 84 18 26 58 89 72 56 18 80 50 6 59 14 49 66 81 74 21 95 98 77 8 17 17 39 82 32 3 86 43 4 70 60 29 27 1 100 34 18 31 35 75 90 49 23 7 81 96 28 75 45 56 82 14 24 73 95 55 27 81 49 30 2 61 59 80 61 10 14 30 41 48 56 82 48 79 88 29 26 67 55 71 
22 89 36 45 61 82 51 87 14 52 69 15 12 79 95 24 88 8 5 28 7 60 61 55 38 49 83 64 15 89 86 37 77 73 33 37 54 36 76 68 87 96 34 50 74 28 73 61 87 77 41 46 36 1 100 26 1 34 41 16 22 78 4 51 50 88 87 55 23 14 74 61 9 8 10 82 87 34 95 26 10 87 71 98 39 22 75 40 
55 15 55 28 92 10 78 93 97 17 47 72 30 21 32 91 80 94 24 66 27 70 91 89 56 13 38 47 34 12 86 88 78 92 68 21 53 97 13 49 13 11 72 95 31 56 37 62 1 60 28 27 82 70 67 89 83 4 35 16 67 20 56 44 63 75 64 15 71 76 16 36 87 87 30 69 94 18 83 94 29 10 73 10 79 39 99 
13 43 85 29 61 5 36 5 19 10 68 34 80 96 49 15 34 87 96 54 81 65 36 26 94 45 98 55 76 37 53 88 31 90 68 91 46 55 95 64 64 15 49 96 10 49 62 43 36 10 96 68 74 32 45 67 28 43 74 55 31 78 95 61 67 62 3 12 69 50 76 32 64 24 27 25 73 89 19 60 98 14 79 23 97 23 
42 77 17 15 31 47 92 25 59 11 39 62 22 7 11 49 90 26 25 17 50 49 57 68 8 6 33 38 80 82 12 21 58 29 87 88 75 79 65 34 89 55 47 62 61 57 11 2 34 35 18 83 83 26 2 42 83 86 31 63 67 42 35 24 70 22 64 97 100 80 82 40 34 28 53 46 36 63 47 21 49 17 55 31 94 
56 24 77 41 54 91 60 96 25 83 17 46 98 65 97 29 46 88 62 25 41 59 12 3 58 84 4 26 38 34 19 45 58 47 38 11 89 97 58 14 31 75 11 81 91 8 9 37 95 23 13 87 81 77 42 90 60 45 15 50 78 86 94 87 84 31 50 73 27 7 38 10 33 48 90 24 55 98 12 2 20 76 40 53 
4 81 42 16 25 9 65 55 94 10 41 77 41 42 1 19 1 38 28 85 86 17 8 92 67 71 45 86 99 85 38 2 65 32 17 90 40 33 96 33 43 36 61 35 30 62 5 30 51 85 14 36 53 74 80 19 44 24 57 42 60 94 96 77 77 64 18 16 97 13 100 91 100 13 25 29 26 29 58 76 13 24 12 
66 97 43 36 92 18 92 86 78 38 33 54 14 96 71 82 92 35 33 34 34 45 58 63 70 39 72 46 3 47 9 20 43 51 56 87 68 47 24 97 36 56 50 50 51 72 83 95 6 15 28 40 12 38 54 81 28 77 78 30 24 86 2 66 88 57 4 8 55 79 4 91 34 6 92 37 29 26 83 87 40 62 
78 51 99 31 84 78 7 13 8 30 51 9 48 38 17 3 97 23 82 1 13 67 58 56 3 86 81 37 72 73 99 49 75 49 31 58 27 38 71 86 19 21 46 18 10 62 21 7 84 2 59 49 68 68 4 23 53 37 59 77 61 9 77 35 58 60 45 36 49 67 21 67 39 66 37 48 79 57 6 62 10 
16 62 29 83 18 51 88 54 62 16 14 70 92 100 27 3 44 14 51 10 34 70 48 51 6 48 81 62 53 95 71 21 56 99 3 73 2 90 78 63 5 43 32 49 95 11 3 38 76 54 100 62 23 47 12 80 46 93 41 51 87 63 71 94 13 73 67 66 15 96 28 71 91 12 71 85 74 74 22 49 
79 21 10 1 20 74 80 65 18 72 67 56 86 37 49 50 62 67 68 76 63 47 98 5 58 69 89 83 42 62 84 20 35 45 72 6 70 3 22 87 26 89 42 63 25 91 64 86 9 31 13 71 78 11 27 87 31 67 70 24 29 5 95 15 49 66 20 71 20 93 57 97 81 51 11 58 41 74 95 
1 5 8 72 82 70 50 68 100 17 89 23 97 93 17 11 94 34 82 64 5 74 72 53 7 22 63 64 14 36 58 15 40 17 38 73 86 87 41 37 55 81 59 51 26 27 61 19 12 94 34 16 68 57 68 26 31 82 89 44 18 98 10 9 15 99 82 52 86 74 89 92 54 47 43 79 26 55 
49 37 49 34 5 68 91 24 93 73 6 33 16 23 30 78 31 96 76 64 48 13 37 36 5 91 34 99 21 11 53 22 48 53 55 4 72 97 27 16 69 32 48 37 6 30 14 89 77 89 52 24 54 41 11 58 83 97 56 3 7 60 24 6 13 79 61 84 27 88 100 96 71 99 84 29 80 
97 17 57 37 20 32 90 60 95 99 42 43 6 97 49 66 20 7 30 50 19 13 29 6 64 76 29 15 59 57 94 7 25 2 43 96 86 85 56 80 35 49 22 41 45 22 6 17 80 87 18 99 51 46 4 67 21 84 81 31 40 26 37 16 80 32 12 65 68 19 44 2 67 17 94 64 
38 51 32 18 37 1 68 88 47 23 54 19 7 86 50 98 11 38 14 42 69 77 6 88 95 1 90 13 17 83 28 7 34 11 76 70 12 43 9 10 65 62 28 23 47 29 21 10 19 86 51 39 14 9 27 8 9 16 20 78 50 100 84 35 10 11 57 21 53 65 30 69 27 10 44 
25 90 16 86 8 1 89 47 66 97 73 73 57 40 44 86 41 43 69 76 5 31 32 25 83 96 7 4 74 16 47 51 57 62 88 65 14 76 63 79 24 87 3 33 78 46 18 18 41 39 45 45 69 28 21 4 76 27 7 1 94 5 51 51 18 39 67 83 66 81 61 90 67 15 
22 96 12 91 13 52 29 10 48 98 37 69 1 12 95 59 65 41 15 15 91 32 5 9 14 23 89 26 64 7 40 37 2 51 27 66 55 56 75 2 5 64 22 57 27 69 15 91 9 29 58 51 12 62 59 25 36 47 2 99 5 93 35 6 95 62 71 49 69 98 3 73 61 
24 29 87 44 95 78 52 23 87 2 86 48 12 62 36 10 63 34 14 55 69 19 49 82 90 50 50 87 52 22 99 27 50 37 71 44 14 74 18 52 76 55 100 39 16 87 49 78 20 62 84 40 81 32 21 22 33 70 60 36 43 58 63 44 94 85 39 60 58 8 11 85 
62 62 24 77 48 72 6 20 33 89 59 65 73 80 38 5 1 97 41 44 6 55 87 52 91 26 63 48 33 73 33 95 87 8 23 86 79 29 57 63 69 16 80 93 47 17 50 47 66 42 90 71 96 29 22 86 54 36 85 38 61 69 84 47 76 59 84 6 39 41 21 
7 56 100 100 2 68 1 100 33 42 90 4 89 70 77 74 75 13 10 12 73 79 48 71 6 6 6 64 44 46 84 2 53 35 53 6 2 53 58 35 94 99 90 82 68 18 7 42 82 17 5 6 47 52 28 4 9 34 67 52 31 50 54 36 84 6 93 86 11 50 
72 4 48 61 38 15 78 44 56 12 12 13 17 10 64 45 14 73 30 80 76 60 82 81 95 65 39 40 2 49 89 73 4 37 85 41 51 15 37 59 26 100 71 94 10 86 90 75 10 19 6 86 79 87 66 25 4 4 64 57 4 53 82 8 41 66 48 43 80 
36 1 57 36 23 3 97 61 92 23 70 11 28 7 89 67 25 65 22 80 29 78 84 33 59 91 25 25 90 67 56 78 20 65 65 42 67 61 54 58 35 24 68 14 82 8 80 6 25 1 86 5 79 21 37 89 11 61 65 52 79 73 29 98 37 45 92 55 
57 45 64 91 20 32 5 2 91 84 59 15 37 44 19 67 64 7 55 26 19 72 30 98 44 10 95 32 55 38 86 11 83 49 2 2 32 6 55 75 41 14 41 29 9 12 95 25 70 2 50 89 73 31 38 16 41 84 99 95 22 84 5 4 84 58 57 
68 63 64 94 56 29 34 36 37 97 31 13 67 84 15 7 56 45 44 23 85 79 73 79 100 56 36 55 91 93 64 10 8 27 55 15 55 41 50 43 37 32 56 3 15 70 9 22 14 4 96 51 83 68 81 34 75 16 89 18 9 4 27 16 30 34 
82 36 74 31 78 10 63 85 65 29 54 25 51 20 29 98 22 63 66 2 48 40 18 88 9 78 91 88 45 20 21 26 55 94 56 85 3 70 69 19 99 75 44 1 46 24 98 19 38 63 20 85 55 89 73 63 66 63 50 10 35 22 87 41 15 
95 25 70 64 46 88 62 72 31 62 69 54 12 87 43 74 58 28 80 47 100 95 12 14 44 74 100 66 60 41 32 54 17 1 70 14 89 31 37 71 45 5 77 56 43 19 81 1 46 13 47 97 7 10 63 2 83 62 67 95 2 51 100 71 
51 69 84 91 52 21 62 48 77 90 55 72 8 35 72 6 99 70 2 5 79 16 7 14 78 25 60 31 75 59 1 78 28 37 68 31 9 81 78 85 70 32 8 30 18 31 35 17 100 36 21 31 4 27 96 81 4 55 63 78 13 16 55 
92 52 75 22 12 55 99 48 77 82 56 6 100 86 40 68 86 27 88 68 30 67 63 62 70 17 25 47 81 92 54 73 95 28 94 6 34 45 53 10 26 8 15 77 94 54 44 31 33 84 50 62 2 12 76 71 80 100 69 60 43 74 
84 37 1 30 94 35 74 46 44 51 6 11 80 99 16 75 81 48 58 30 10 59 93 85 81 72 36 50 83 30 75 67 66 76 96 59 62 21 56 57 23 61 67 2 11 83 77 91 30 86 72 91 97 16 75 77 39 62 78 22 91 
53 40 8 28 87 18 41 7 74 97 29 34 64 83 45 98 11 87 27 96 11 70 92 26 96 21 65 58 98 38 100 50 29 60 29 15 77 69 73 50 18 53 84 33 35 80 30 45 66 8 93 76 77 36 54 73 56 70 82 54 
7 33 55 87 92 84 1 69 4 25 70 73 77 53 5 64 84 34 60 50 94 52 77 70 88 30 94 43 99 27 48 57 60 3 43 3 38 95 71 93 19 41 66 48 45 70 11 29 56 22 30 49 74 6 70 13 88 16 7 
86 42 7 43 53 9 37 56 98 32 78 90 2 70 7 49 67 77 11 95 84 33 76 32 58 81 1 70 68 68 28 6 10 34 48 62 94 36 69 91 67 47 33 21 68 39 69 34 15 32 80 98 64 55 81 73 36 34 
42 55 1 21 60 62 55 59 76 100 95 44 91 13 42 23 33 10 13 54 95 28 85 75 77 100 29 10 72 64 95 65 71 95 85 82 57 91 41 32 91 87 27 33 99 21 7 32 82 19 85 76 98 21 50 27 20 
79 36 91 94 30 7 16 76 91 98 32 34 38 15 76 24 94 8 22 14 14 5 95 32 41 70 30 61 72 56 80 50 43 22 95 72 28 11 47 71 8 31 4 97 97 79 20 42 38 93 55 51 98 1 82 90 
23 63 51 94 18 82 95 12 4 89 83 83 51 82 53 58 64 8 54 12 38 25 54 75 70 60 25 67 13 59 8 35 21 58 80 91 40 74 2 43 14 37 77 65 70 30 74 85 37 28 48 75 4 53 1 
73 13 26 91 77 36 99 63 56 56 42 98 47 15 52 41 28 40 18 44 61 47 18 45 35 45 92 61 100 45 62 73 9 39 15 37 74 13 99 81 21 40 31 67 6 82 8 33 73 25 29 33 23 46 
29 57 42 20 70 41 16 31 65 76 21 80 12 94 92 62 26 64 1 56 31 6 89 38 91 61 14 19 93 36 64 21 44 5 93 13 97 60 95 62 88 15 41 99 60 84 61 38 48 13 93 30 19 
82 19 61 94 32 31 39 19 94 11 62 50 55 27 46 15 73 59 2 40 99 52 99 35 64 36 34 77 81 63 47 14 81 59 59 12 89 97 82 82 8 43 83 14 21 80 28 94 39 81 33 89 
85 83 23 48 71 8 24 3 70 22 16 50 80 74 13 68 23 94 1 82 89 35 95 9 15 75 54 53 55 38 93 91 21 68 39 43 75 14 97 45 36 12 94 67 37 59 87 11 52 87 92 
40 74 87 1 88 13 54 92 19 92 84 10 64 3 48 58 78 13 54 22 100 17 67 67 5 25 5 16 29 43 7 68 16 45 68 3 57 74 94 28 65 30 37 80 32 36 37 61 48 42 
34 48 58 1 66 14 77 70 29 5 12 88 25 28 84 44 82 93 17 28 20 33 9 56 12 40 91 100 53 90 93 86 89 50 38 54 16 67 75 44 71 39 83 47 18 67 91 99 59 
7 78 78 40 86 85 3 78 75 55 30 16 47 15 5 49 5 10 64 71 37 7 93 75 90 40 44 56 30 42 66 88 72 43 79 57 27 82 34 53 36 15 68 82 82 24 30 86 
34 93 56 22 52 48 96 93 39 91 100 20 84 65 8 55 59 38 12 85 19 97 89 6 12 8 40 45 32 21 30 17 66 37 38 17 84 85 61 75 75 60 94 10 76 1 65 
34 39 28 70 9 24 58 67 87 65 6 31 48 26 12 16 91 48 5 59 84 41 19 58 67 30 51 77 5 4 41 90 94 68 59 54 91 68 20 30 85 77 60 84 3 24 
100 45 71 4 56 54 45 26 63 11 8 14 87 64 69 79 54 14 46 64 67 89 32 39 18 68 15 29 51 69 52 2 66 75 58 73 28 54 98 91 16 5 56 55 69 
76 33 74 89 31 37 7 19 20 45 88 39 12 68 90 32 72 43 97 46 100 69 25 53 19 67 69 23 22 23 43 49 7 16 37 37 53 44 55 24 40 94 63 3 
62 4 35 85 46 31 30 46 52 54 50 70 21 70 92 94 92 35 95 51 2 31 87 54 26 94 30 18 87 92 20 100 95 54 84 40 37 65 37 88 71 87 57 
43 8 100 36 100 86 30 2 88 13 88 93 90 81 22 7 20 13 79 19 59 32 55 51 68 19 87 55 41 25 63 83 33 63 71 84 48 52 85 87 64 24 
80 6 5 53 64 24 18 42 94 76 74 100 26 93 71 65 100 11 41 14 94 73 76 64 8 76 15 44 14 31 68 45 88 24 98 51 99 15 93 92 42 
18 44 20 10 14 84 61 24 76 75 69 1 2 84 8 29 51 4 43 81 71 87 68 94 84 70 44 50 62 35 44 79 78 63 41 43 98 1 67 73 
27 87 73 29 71 33 9 21 36 51 53 58 90 72 3 73 41 46 75 3 32 18 33 10 32 73 4 29 26 70 53 4 57 78 84 27 10 93 99 
97 43 51 54 84 22 8 9 62 53 83 64 84 52 49 45 83 21 49 63 98 70 67 2 78 44 37 56 5 29 54 1 24 4 6 7 25 13 
15 39 17 49 54 53 100 2 49 34 75 49 48 72 19 15 25 48 58 62 4 15 90 9 15 65 65 73 72 41 37 86 79 54 35 33 6 
86 34 6 20 8 55 19 32 25 33 8 72 43 69 27 57 11 88 23 75 52 95 98 44 32 36 23 37 22 7 94 7 92 99 78 52 
5 97 83 29 81 90 53 23 11 31 31 73 70 6 47 21 52 45 17 83 32 39 71 53 45 64 59 36 15 89 87 19 85 21 48 
17 63 52 40 25 82 22 97 4 27 43 76 31 39 92 13 70 30 36 22 26 99 33 14 65 21 52 84 57 73 83 73 87 34 
64 11 67 38 7 70 16 1 46 46 92 37 11 13 19 46 87 96 96 19 9 61 91 61 44 47 85 26 71 71 11 35 33 
77 24 39 99 39 91 96 85 82 84 95 47 2 40 33 50 35 3 58 47 93 70 90 91 54 67 13 76 77 99 60 6 
22 50 56 61 41 51 45 74 86 91 20 88 82 52 37 68 54 46 15 98 16 4 40 21 71 53 97 99 51 8 4 
73 58 59 85 98 61 81 71 47 71 43 86 4 46 74 71 52 19 85 49 86 89 89 7 11 93 55 9 43 62 
65 67 19 75 51 68 36 31 39 34 53 33 19 56 78 92 27 29 62 63 30 48 3 70 6 13 62 12 74 
56 73 90 23 44 64 25 11 51 8 1 84 60 33 2 68 11 45 46 91 59 8 20 58 11 89 63 75 
2 74 100 58 98 41 80 41 5 56 52 7 63 52 91 75 37 44 42 99 41 39 89 99 46 61 8 
8 1 22 35 3 47 86 60 44 27 91 37 31 46 88 89 61 91 79 35 79 75 28 77 15 66 
18 65 63 78 72 23 78 93 57 80 91 42 91 34 68 33 70 50 31 9 39 91 52 69 25 
30 43 4 59 57 69 76 73 83 5 44 5 82 88 61 14 78 55 56 64 22 89 85 24 
19 46 14 9 97 82 85 78 25 88 88 33 8 15 6 42 19 1 47 53 41 59 66 
70 13 21 85 87 61 70 62 79 15 75 39 63 56 23 92 32 62 32 65 21 46 
22 15 65 22 61 17 14 71 34 84 36 6 68 74 67 89 35 45 55 9 36 
69 16 58 61 48 72 44 64 44 89 85 58 53 58 70 21 72 41 54 7 
76 60 74 49 78 15 35 74 69 95 9 38 62 19 50 9 90 93 24 
85 33 8 43 38 66 64 58 89 4 64 95 31 75 20 31 52 34 
17 25 55 11 34 44 73 52 45 33 93 89 9 77 21 16 71 
58 33 35 68 73 90 31 67 73 5 39 55 8 24 72 32 
78 34 17 73 6 68 17 91 12 5 99 41 78 66 11 
35 51 97 2 23 39 84 42 11 40 80 65 47 55 
88 31 33 22 47 57 79 67 74 21 78 30 71 
70 7 37 81 94 39 29 47 61 67 31 54 
29 22 85 46 69 40 33 51 24 6 97 
80 85 15 5 57 45 35 28 14 93 
16 94 86 54 75 33 66 41 15 
20 70 36 4 67 56 95 99 
6 18 57 55 98 41 69 
54 49 13 40 76 27 
33 91 72 70 44 
46 54 10 39 
68 81 60 
56 36 
26 
