120 5
5 63 10 31 12 21 27 83 85 27 32 93 69 99 93 63 20 24 98 9 96 100 86 88 90 75 25 3 90 12 14 46 74 23 76 86 95 55 20 80 81 51 72 1 2 16 64 21 91 13 81 38 12 66 25 53 92 49 8 33 12 21 79 86 95 6 23 89 60 42 20 92 45 43 93 46 10 56 18 1 68 50 38 31 15 63 84 58 63 43 90 75 63 68 12 57 74 86 97 33 79 17 25 75 11 69 72 21 24 89 21 43 90 10 25 4 24 60 13 
87 2 3 13 64 22 76 72 47 61 69 32 91 37 8 66 47 76 37 67 99 78 39 93 67 49 69 23 72 29 35 10 30 89 74 46 11 49 69 57 61 37 88 52 25 95 17 72 70 5 90 20 82 29 64 49 29 33 23 52 13 57 14 94 46 87 91 8 88 60 16 48 48 4 51 73 50 19 96 72 24 37 43 5 65 59 5 45 43 27 97 55 36 62 48 33 48 39 40 87 50 55 87 97 10 37 21 12 56 16 35 31 53 77 35 69 35 92 
66 77 70 14 83 5 75 31 89 74 21 28 61 70 35 47 18 96 83 39 59 90 6 93 20 10 22 7 31 56 50 96 85 19 61 19 76 35 49 64 8 21 44 68 42 78 14 60 25 49 50 84 90 7 28 62 69 49 20 99 57 69 46 41 39 6 59 14 92 60 78 99 32 21 19 74 50 84 85 26 32 86 61 74 92 89 35 60 37 54 10 93 74 7 85 12 12 44 26 3 55 55 54 38 27 72 11 28 55 47 53 39 32 14 64 76 2 
98 87 38 3 49 83 76 55 67 39 67 62 64 21 16 70 26 54 96 49 16 75 56 15 28 94 98 93 9 73 46 6 12 35 60 60 17 87 14 84 25 32 45 41 53 13 62 30 18 58 79 85 84 34 99 11 79 97 55 87 21 100 44 32 35 3 91 51 41 5 86 17 36 31 57 40 43 71 22 12 80 100 96 63 33 95 74 63 43 80 49 63 80 92 95 14 46 37 16 38 41 2 54 29 84 63 20 78 33 41 89 12 92 84 74 76 
30 99 38 24 79 38 87 10 81 33 75 26 69 90 15 10 43 69 90 26 31 61 55 15 2 43 26 45 79 51 21 60 2 10 84 32 48 70 41 28 2 15 6 70 56 20 31 99 40 72 76 22 33 31 36 86 25 13 30 55 16 2 15 17 12 50 48 59 19 88 38 72 2 43 93 9 15 76 59 54 99 35 76 31 17 11 68 93 76 50 48 91 51 14 7 14 63 6 24 33 93 62 56 46 4 100 6 18 75 65 72 74 99 99 56 
67 9 24 11 36 73 58 26 75 23 84 89 85 89 12 17 33 25 24 30 29 24 36 98 50 100 21 75 50 19 31 68 80 6 78 15 30 88 93 56 10 76 96 95 17 60 63 1 84 87 31 64 62 18 62 11 69 82 38 70 53 20 37 32 25 66 98 6 53 90 61 63 18 57 57 86 16 71 86 51 9 68 15 70 37 76 33 5 9 70 26 13 89 62 96 65 28 94 70 80 35 82 42 4 90 50 89 57 73 27 8 81 94 22 
3 83 49 87 39 9 8 65 22 48 26 69 12 5 62 33 37 49 66 30 52 56 32 41 64 4 19 71 36 64 44 38 46 44 24 85 5 83 49 78 30 26 46 93 31 8 77 19 56 43 48 59 50 79 51 13 34 69 36 70 33 79 7 78 75 83 14 79 65 62 56 47 40 1 91 22 60 68 40 67 62 39 26 63 18 76 27 3 97 62 72 29 93 31 58 67 13 72 97 29 85 52 27 24 4 18 97 64 37 36 30 98 75 
55 12 44 83 38 46 79 52 70 59 44 100 68 62 64 39 10 44 76 61 23 51 64 40 48 27 28 83 9 77 9 15 88 4 97 25 2 27 28 71 85 71 22 53 84 85 43 93 80 70 5 2 21 69 93 20 47 20 54 7 96 63 22 83 18 18 60 19 97 87 41 33 10 62 85 45 98 80 38 78 49 94 31 21 14 24 40 13 95 94 19 43 8 40 77 25 10 36 96 6 75 36 38 36 50 75 80 47 6 69 76 6 
63 59 27 76 82 18 40 28 63 59 70 70 98 47 47 7 34 42 64 60 29 54 95 78 28 27 25 33 95 52 38 9 10 16 37 43 34 76 71 96 86 92 18 84 90 64 42 24 57 58 35 85 11 82 63 38 8 39 22 54 90 11 15 100 79 51 42 12 78 64 59 64 8 28 99 97 43 92 72 99 49 7 84 59 88 98 48 47 36 21 100 77 32 66 76 10 16 70 73 46 85 83 61 92 11 59 89 53 50 12 4 
99 18 39 9 57 36 57 55 23 29 55 99 60 20 27 21 88 48 93 85 84 28 45 76 38 55 16 42 4 79 97 54 97 35 15 5 22 23 60 44 51 66 95 11 37 73 31 76 72 76 60 55 3 56 82 92 10 49 85 14 28 82 19 76 68 33 32 90 55 91 85 6 8 31 68 45 3 50 72 26 77 32 33 31 87 66 22 49 15 59 62 94 40 32 21 7 65 4 48 71 47 33 28 54 63 47 50 18 97 22 
43 25 5 75 56 43 93 29 91 7 87 4 52 78 36 24 37 52 27 36 74 73 68 2 79 31 100 28 100 48 1 42 73 5 69 28 48 61 8 90 19 47 94 22 76 81 97 64 32 23 100 5 48 67 58 78 49 58 57 48 5 58 42 29 14 62 8 61 22 16 51 92 14 96 13 89 76 9 53 59 83 4 63 30 70 73 59 71 82 16 70 38 73 11 67 86 72 26 99 45 41 1 36 6 96 48 95 23 8 
99 81 91 2 43 72 23 67 31 93 100 46 63 38 70 25 56 55 49 81 5 93 74 5 29 79 52 28 25 74 36 75 54 78 76 49 49 99 67 79 43 67 76 57 56 45 82 11 52 82 43 8 74 16 13 54 47 16 34 23 90 69 98 43 98 73 43 46 23 10 77 18 76 4 74 83 1 7 93 52 88 87 11 14 3 23 19 1 91 52 23 80 72 72 74 69 45 17 15 19 78 43 36 5 46 10 87 46 
68 31 49 56 17 60 21 71 34 39 71 24 43 46 3 14 17 29 35 13 97 1 32 74 43 19 30 40 80 16 86 48 46 34 55 62 45 75 33 79 65 55 2 59 52 57 25 21 37 59 33 33 11 16 58 53 35 87 44 14 2 29 13 99 15 67 12 59 93 96 89 58 51 43 68 54 51 92 74 87 50 59 71 12 74 28 64 60 14 8 74 67 88 86 17 2 5 28 13 97 24 53 6 26 95 74 79 
45 65 53 31 67 11 1 78 36 80 94 96 45 53 21 11 40 58 27 94 62 7 58 11 30 10 16 7 57 89 85 1 54 89 84 72 51 36 49 39 16 94 34 60 46 6 23 38 15 1 83 77 59 92 39 88 1 54 46 57 43 31 10 48 71 45 19 74 80 19 12 47 13 97 59 58 2 33 47 16 33 29 44 92 20 82 31 73 36 77 81 30 59 42 77 81 86 47 54 66 65 17 64 77 13 22 
87 14 54 33 82 39 62 77 82 33 59 64 57 46 40 38 27 50 79 3 83 65 1 88 82 65 5 45 94 17 19 80 83 72 12 64 10 25 40 43 10 50 7 66 47 98 3 73 48 34 75 82 50 75 69 31 92 73 27 85 90 45 64 72 17 27 87 78 52 78 21 13 28 27 78 74 24 33 47 23 66 73 4 15 100 25 97 91 97 23 75 38 68 90 61 36 16 47 13 19 25 85 31 4 63 
61 77 87 93 75 61 10 48 17 76 99 41 72 89 37 94 15 27 13 4 87 100 71 34 65 90 10 49 72 65 12 32 93 50 24 68 10 33 67 26 60 65 66 31 5 55 77 19 81 41 74 67 41 44 52 5 85 13 53 57 77 16 40 70 17 64 89 79 48 55 4 8 71 22 90 27 28 66 45 8 59 70 26 99 65 30 3 50 42 7 58 71 23 97 40 39 12 80 17 12 86 73 71 56 
46 60 82 73 78 78 32 36 99 9 86 63 90 88 64 32 94 21 54 68 70 45 59 81 24 27 44 9 99 14 16 96 26 49 20 55 78 3 42 76 64 27 90 53 14 54 36 59 26 89 27 95 33 85 28 56 63 71 64 14 37 31 9 14 79 81 68 56 83 61 31 46 39 73 99 4 26 34 62 51 23 40 98 7 24 25 63 87 47 78 100 83 61 60 96 39 40 15 95 75 27 77 20 
65 49 70 68 26 4 30 77 78 69 74 36 45 50 50 83 96 80 34 79 40 45 26 78 85 93 24 59 71 53 30 36 1 100 55 79 55 84 7 84 5 80 19 1 81 69 35 76 48 20 6 87 64 84 16 100 76 40 10 46 92 40 33 44 91 88 22 45 23 28 80 79 59 50 79 91 18 65 67 17 84 72 55 48 55 71 47 82 62 57 80 5 48 12 48 38 99 22 34 22 1 65 
100 12 14 31 2 84 95 20 100 79 44 7 78 50 77 76 32 90 84 63 94 83 74 93 20 25 14 5 98 67 69 49 30 35 79 31 18 26 3 17 56 46 75 33 95 51 60 78 40 44 92 85 26 18 78 98 42 43 54 39 9 75 87 38 9 18 21 78 43 23 46 98 20 21 82 66 71 93 96 63 88 87 47 66 4 76 63 45 19 68 35 27 94 74 17 2 43 37 31 85 11 
77 34 82 97 67 47 19 59 42 33 99 81 32 64 84 7 78 81 25 45 67 4 39 40 20 92 82 8 23 18 18 99 3 51 47 69 97 65 80 39 98 30 71 29 93 54 35 70 86 12 66 53 15 56 44 34 48 78 93 22 95 62 72 50 12 18 70 8 34 1 98 31 30 68 11 22 74 98 43 59 9 9 63 23 64 7 8 63 84 52 36 30 13 7 31 24 76 1 83 10 
1 81 92 83 100 3 4 25 100 47 84 60 7 46 34 70 4 41 85 39 92 20 21 56 79 51 79 54 3 13 15 56 45 7 38 45 61 41 69 12 39 4 71 97 2 4 19 5 96 3 96 39 74 16 94 52 18 24 58 21 36 72 76 81 30 13 77 90 5 97 53 96 1 23 92 54 78 10 58 25 64 5 63 38 72 8 89 90 31 46 62 19 18 89 99 99 1 27 89 
57 23 93 4 75 68 96 28 45 57 38 70 21 42 84 58 14 92 46 55 74 44 16 92 13 4 42 11 56 68 51 64 43 44 68 17 11 63 97 7 19 34 28 91 27 12 48 92 55 46 46 28 89 13 20 53 68 61 63 75 81 66 39 23 9 58 39 71 72 35 77 42 20 5 33 47 68 80 38 22 77 36 1 65 100 72 69 20 33 32 94 13 49 84 87 57 41 25 
79 12 12 55 54 31 11 86 29 30 17 19 51 94 54 4 10 5 75 79 24 7 62 18 71 10 1 57 18 94 34 96 5 45 2 10 27 13 47 56 94 64 74 45 9 79 100 18 83 74 48 7 33 9 76 55 70 28 64 39 21 97 34 78 93 88 87 19 52 34 74 45 49 99 41 57 77 40 26 12 14 26 70 98 86 45 52 56 24 15 94 97 63 80 74 55 67 
12 74 70 97 99 14 45 50 55 53 26 94 31 37 59 56 6 56 93 2 60 100 78 74 46 74 37 25 99 43 43 10 68 12 59 19 25 55 68 31 8 93 25 90 82 35 97 39 91 89 93 50 89 70 75 34 43 63 10 93 6 4 2 25 15 60 43 91 15 10 22 74 55 98 15 88 32 63 26 74 51 70 75 91 39 50 76 33 64 85 25 21 40 79 46 54 
90 88 97 4 50 70 29 56 67 95 43 50 57 20 24 60 90 98 50 80 99 26 13 15 62 89 35 2 67 80 7 57 20 55 12 69 76 93 24 42 87 18 44 96 37 19 55 78 68 4 58 67 81 22 81 95 10 67 48 29 47 6 85 66 61 48 34 36 40 9 30 79 26 25 74 62 43 28 92 10 83 49 28 64 70 60 10 31 27 57 59 73 62 95 90 
74 43 75 62 82 35 43 12 60 67 85 73 9 64 64 70 47 64 98 62 85 9 23 16 35 79 26 59 92 21 100 18 15 74 31 48 8 73 60 19 39 96 92 99 60 7 68 58 71 17 19 7 26 41 22 12 71 100 71 14 72 70 31 86 96 61 33 55 85 92 74 23 88 17 73 99 23 41 56 45 57 74 52 34 66 25 46 88 24 16 1 95 37 84 
32 84 96 65 39 81 8 12 55 95 28 28 93 2 20 48 47 28 73 50 62 90 74 7 77 50 74 78 96 62 13 28 46 60 92 36 40 99 99 47 46 78 26 90 79 45 90 77 72 62 26 85 52 52 43 80 1 16 9 48 30 21 75 27 81 18 62 72 69 60 18 66 37 43 55 67 39 44 44 63 58 21 47 9 72 90 40 24 57 49 24 38 69 
98 64 1 68 77 73 88 36 42 53 24 37 7 91 75 3 86 37 60 58 36 20 82 77 59 57 85 7 80 23 28 30 38 28 97 15 52 84 2 94 36 26 30 94 68 56 96 5 45 55 14 32 26 95 8 85 52 92 43 31 66 70 60 4 98 8 70 1 91 71 94 78 48 75 72 67 83 19 23 27 26 37 58 51 31 17 35 34 60 78 17 26 
99 76 81 96 36 2 49 26 72 42 56 72 69 79 90 51 97 13 29 22 49 38 73 31 54 59 65 65 36 81 42 35 8 74 82 43 75 82 21 99 76 28 70 44 6 59 46 2 23 26 76 71 63 48 54 68 6 18 32 94 50 74 80 9 47 13 52 22 95 24 72 22 51 41 65 56 51 62 9 74 87 84 96 49 83 49 16 89 18 99 34 
19 24 65 28 71 29 31 44 75 54 15 96 4 7 12 11 9 73 19 34 59 3 30 59 85 30 26 25 100 25 10 18 48 26 97 70 55 27 65 81 80 31 77 35 37 40 45 98 13 64 31 23 18 60 34 2 42 59 79 41 35 88 10 83 14 7 4 20 33 69 100 13 51 28 99 40 68 44 37 32 7 67 6 76 79 39 77 20 98 7 
12 32 95 21 66 60 27 22 79 60 42 30 24 92 58 22 31 77 65 67 60 23 86 65 50 64 4 27 35 53 85 46 36 79 66 2 90 93 75 68 4 16 50 79 59 7 100 42 35 17 60 94 91 45 58 41 60 13 19 94 65 3 91 1 34 57 54 23 1 80 43 56 95 92 34 5 50 33 46 84 1 6 29 92 50 86 84 62 51 
54 55 15 56 46 67 41 54 72 16 54 51 58 9 97 1 42 2 50 26 99 85 27 4 13 70 6 50 5 67 100 58 73 67 65 70 85 6 23 57 21 28 59 30 88 56 30 81 9 79 59 59 15 37 63 27 58 20 28 62 38 28 19 10 46 35 32 30 40 6 38 12 86 49 41 25 56 22 6 64 52 16 74 66 52 36 92 61 
7 72 22 44 99 92 6 96 26 89 77 18 94 15 29 79 15 22 4 70 43 61 85 95 28 58 12 31 46 4 91 52 75 12 48 25 55 53 72 80 41 48 97 86 14 78 17 28 51 20 97 45 32 81 91 11 91 3 41 36 58 31 87 84 94 34 60 48 38 31 27 30 30 76 16 44 5 32 23 7 3 72 51 86 4 42 96 
94 44 36 29 1 18 68 84 11 53 43 58 91 25 36 72 54 63 39 49 67 70 72 73 24 43 76 61 98 17 56 92 12 43 20 64 60 87 99 70 40 93 79 82 17 15 5 22 77 44 71 96 65 42 68 41 36 95 1 33 63 57 24 74 51 96 89 11 34 87 32 25 31 11 6 99 25 63 21 53 6 91 48 70 84 68 
10 71 62 11 3 25 19 79 50 21 26 39 83 59 77 15 36 8 77 93 6 1 55 78 53 60 68 1 82 3 68 91 73 81 53 28 5 23 58 55 44 35 45 26 93 73 92 80 80 68 73 38 20 27 67 25 87 87 77 20 89 96 10 14 76 15 41 81 89 50 87 84 84 83 62 28 55 53 8 87 73 80 76 92 6 
42 16 44 28 44 63 17 39 25 82 15 91 74 47 79 23 85 15 6 67 76 85 73 80 92 59 52 23 34 96 81 76 63 24 55 7 39 23 45 63 4 59 5 77 57 35 51 41 49 8 59 24 93 32 4 36 90 55 59 76 50 39 3 65 14 57 71 52 80 15 66 35 26 22 64 34 57 14 75 5 22 33 29 14 
64 32 49 6 38 59 33 40 49 35 4 63 43 26 66 22 92 84 9 17 5 72 51 61 85 77 18 6 61 46 71 77 29 72 82 18 30 66 9 79 100 12 93 42 89 10 16 81 93 24 49 50 47 51 62 31 27 79 89 40 24 59 16 4 30 49 22 12 14 30 42 13 94 86 6 82 95 21 14 88 96 63 89 
42 13 50 25 92 29 13 31 4 23 98 8 5 46 81 68 59 10 9 23 55 94 80 89 88 1 2 27 48 16 15 42 81 17 66 72 45 30 54 48 4 51 55 8 48 35 75 58 97 35 32 3 80 11 91 68 63 45 46 11 60 13 4 92 29 69 15 73 50 68 72 53 70 79 13 69 65 39 26 13 74 57 
16 53 20 6 72 82 2 70 44 14 82 47 5 62 67 20 86 16 39 57 21 61 87 85 81 52 23 7 64 96 15 79 1 34 37 72 68 90 93 11 3 74 58 60 35 76 79 72 44 69 29 64 81 15 48 62 18 22 68 82 18 34 12 70 20 48 93 87 90 86 97 92 59 6 51 46 82 81 17 77 50 
97 40 82 64 39 43 81 60 62 14 29 96 26 98 67 25 91 53 14 76 1 6 86 7 8 83 40 89 52 68 90 100 59 23 63 97 66 96 8 27 9 89 74 34 38 40 59 28 92 24 55 45 81 93 3 89 27 42 29 30 61 70 30 19 92 44 15 57 39 74 36 48 62 9 33 100 1 43 79 44 
67 86 88 47 30 90 87 56 83 15 86 43 84 67 61 28 10 27 84 49 1 19 48 14 80 32 65 32 27 96 75 45 81 63 91 62 4 30 69 87 96 6 29 80 72 42 59 34 68 42 82 20 13 81 34 44 64 98 75 90 45 49 34 25 63 77 38 67 6 7 5 1 12 85 32 36 26 90 69 
46 84 2 65 48 82 50 91 97 48 17 87 44 17 72 69 80 48 6 98 5 64 2 58 76 38 41 11 64 83 79 9 66 80 25 65 13 75 55 61 74 23 47 17 39 71 85 70 18 43 67 75 58 20 32 33 10 72 95 73 6 25 33 71 56 57 35 20 31 41 81 4 63 79 21 54 49 57 
23 19 51 42 93 61 13 76 93 22 99 40 46 5 16 78 27 72 87 14 91 69 54 71 73 69 50 45 74 50 53 48 68 56 89 60 16 54 87 60 27 86 51 73 42 67 2 68 38 88 81 80 57 87 3 81 7 4 77 80 53 81 79 21 36 20 32 3 73 19 15 51 56 65 23 97 31 
77 16 20 16 97 100 24 35 54 4 41 57 32 72 9 13 2 81 100 21 65 55 93 35 69 44 90 33 18 38 16 94 53 35 10 1 86 85 87 39 41 79 47 72 50 8 36 4 88 88 24 52 42 17 86 10 12 27 94 81 16 61 27 69 96 36 21 33 20 8 24 60 86 70 84 88 
77 71 91 17 58 14 20 99 82 6 60 45 84 6 26 100 66 52 20 13 39 40 98 10 99 21 22 85 42 57 24 71 27 66 87 85 79 58 35 13 63 47 57 99 52 34 98 69 37 17 82 75 8 79 37 7 51 58 43 92 14 66 62 40 83 100 76 61 58 11 25 72 57 34 70 
8 67 19 28 4 87 9 30 95 87 66 1 37 75 95 81 40 12 94 80 94 94 7 6 3 17 31 26 73 16 96 32 82 66 60 37 53 20 19 47 59 36 99 47 11 45 27 50 56 21 81 49 66 88 54 68 56 36 45 81 51 92 64 85 58 23 73 10 95 43 8 53 79 58 
99 41 2 26 42 9 98 75 9 63 62 14 82 69 50 78 49 52 70 13 88 27 87 61 88 81 3 47 85 33 4 84 73 57 61 67 17 10 41 25 24 54 38 57 22 39 34 23 91 3 35 78 29 73 90 68 6 45 14 90 77 69 25 2 77 37 68 93 46 8 69 69 61 
59 25 34 97 11 56 39 13 42 69 94 15 10 61 72 54 75 61 83 95 38 84 72 74 3 16 72 62 37 92 74 95 17 7 43 79 15 34 91 56 2 84 22 11 97 93 17 23 6 99 17 43 34 40 68 36 8 39 49 44 31 22 90 99 80 84 77 94 17 19 2 70 
3 23 33 99 68 49 73 73 99 89 67 32 81 34 19 88 25 67 83 7 40 24 5 19 7 33 65 76 51 66 45 5 40 77 55 7 77 27 31 75 68 97 58 48 83 28 35 59 46 69 65 85 92 21 56 50 53 20 25 55 37 22 12 76 50 66 83 27 45 13 53 
12 62 63 59 96 90 45 54 88 65 70 72 8 42 79 57 94 50 34 100 86 55 11 62 4 29 44 82 73 8 87 36 21 49 94 16 90 90 21 77 6 42 1 13 83 79 21 28 29 54 28 14 60 90 27 16 18 70 97 90 30 35 77 50 83 22 66 25 11 38 
1 68 80 53 80 62 84 1 42 64 6 69 29 66 58 56 81 28 77 29 69 6 64 46 56 46 67 73 22 78 62 23 97 93 27 77 7 10 29 48 73 34 16 2 99 25 9 31 52 85 60 21 91 23 66 98 20 32 22 42 61 83 16 58 76 42 86 82 4 
14 29 76 47 96 29 98 20 37 80 24 74 39 44 64 61 61 13 33 92 34 74 5 68 89 62 43 82 47 76 85 12 56 13 10 51 93 7 23 30 87 46 55 77 41 70 90 1 82 22 44 67 47 48 34 87 61 29 68 59 4 5 70 12 17 80 14 9 
38 36 90 76 33 44 53 25 13 42 25 46 15 21 12 61 20 98 47 81 26 14 39 81 18 9 92 86 40 6 95 77 93 84 53 78 80 5 2 44 98 79 90 12 99 53 72 18 50 70 50 75 35 89 56 53 49 99 90 88 56 84 16 49 20 68 26 
51 72 27 94 21 57 83 32 55 36 55 25 85 76 74 12 11 14 19 15 14 17 4 53 25 88 69 73 59 36 50 9 60 28 2 80 85 37 64 91 24 70 15 8 46 89 71 56 54 89 70 68 58 73 20 82 12 40 6 22 76 55 30 35 34 84 
66 18 20 81 9 43 51 75 2 48 15 25 55 69 13 76 88 22 100 59 3 12 99 60 85 74 66 15 60 100 50 77 69 69 58 29 63 60 4 16 59 18 40 13 38 5 88 25 26 39 84 81 50 82 40 87 7 6 1 18 5 2 94 25 22 
3 54 84 14 57 51 72 74 43 36 64 47 75 88 72 14 23 52 15 4 92 1 62 49 53 79 5 54 25 29 75 27 82 10 41 90 61 12 16 55 100 79 1 74 66 72 87 89 76 2 44 19 2 58 19 7 36 23 60 60 51 35 39 85 
96 79 74 8 42 89 62 41 67 62 67 85 86 53 73 13 6 68 83 60 25 1 66 13 23 25 24 73 11 14 9 59 92 83 66 86 71 28 78 90 41 44 74 78 49 46 90 54 65 72 13 42 72 78 6 46 55 81 71 17 95 79 75 
86 61 41 23 84 20 1 73 12 96 46 90 44 43 31 98 59 55 62 100 78 92 57 24 46 38 94 62 32 72 37 69 85 29 92 68 100 44 92 11 39 37 52 83 79 83 32 89 89 93 89 66 84 45 89 81 82 34 43 65 58 31 
34 94 11 77 61 10 20 52 20 58 40 24 92 70 6 23 58 94 68 46 11 3 43 100 84 76 85 78 93 94 60 26 87 70 2 99 31 73 50 2 82 41 25 74 10 30 48 68 75 15 65 86 18 59 37 1 87 21 30 79 67 
89 56 53 58 57 52 88 81 53 89 62 94 14 35 3 95 35 22 70 49 39 7 18 49 43 70 35 15 99 65 81 87 20 34 96 28 85 83 8 37 24 70 82 89 56 85 83 90 58 4 91 48 10 8 97 52 30 83 67 28 
48 47 67 67 32 62 95 16 45 2 5 20 23 86 8 79 22 90 68 80 46 58 79 55 18 75 7 47 58 25 26 5 23 92 71 55 54 17 22 50 71 26 69 93 12 76 71 85 17 91 16 62 100 95 69 69 69 27 15 
78 3 41 34 25 32 57 31 37 73 53 86 43 30 54 88 93 81 58 78 50 100 93 63 52 87 31 20 8 9 35 85 11 27 71 36 10 27 18 47 99 70 32 94 100 38 81 92 18 90 69 19 42 14 82 93 100 64 
12 59 73 98 96 83 24 66 70 34 92 88 80 42 9 63 35 60 100 15 52 70 57 72 88 98 85 69 90 37 85 53 95 57 51 90 91 26 55 13 59 98 52 90 40 12 5 74 72 4 41 75 25 49 46 13 46 
83 33 87 71 17 39 65 25 89 7 68 67 13 32 25 63 35 67 2 46 23 27 17 78 19 91 3 67 89 15 12 23 99 50 93 68 89 57 44 29 15 63 95 80 94 72 42 80 90 43 26 12 69 94 89 40 
37 91 6 77 57 70 99 56 19 91 75 59 99 18 88 14 81 34 45 26 57 86 6 46 80 83 9 100 76 98 39 64 40 45 92 49 14 90 56 84 32 30 43 31 99 82 96 79 15 40 5 72 77 62 69 
56 44 78 55 71 27 94 35 18 38 26 66 3 68 73 86 99 54 28 81 53 9 76 31 76 67 87 47 43 48 67 98 91 44 53 62 70 98 48 88 35 25 5 89 44 78 74 43 83 54 23 35 14 51 
18 89 17 4 87 12 4 54 9 46 49 13 59 19 62 58 58 96 83 14 36 26 43 62 20 26 15 95 60 80 97 29 21 65 85 7 76 88 12 37 85 61 49 44 31 11 1 40 58 35 53 46 13 
48 7 84 73 21 30 84 52 26 13 72 91 97 31 66 36 42 2 72 54 3 15 36 65 68 75 74 54 80 19 66 27 25 2 51 97 31 34 49 57 98 72 47 46 2 64 33 96 18 5 49 20 
71 37 84 38 63 57 92 42 28 9 20 52 10 70 1 41 56 1 49 53 72 95 51 74 10 83 69 27 87 69 46 58 5 81 47 68 90 90 61 17 99 33 20 60 2 20 52 9 72 100 14 
44 46 64 17 56 46 85 82 33 5 80 90 10 60 88 29 1 78 89 69 28 73 89 87 27 60 39 35 32 90 48 75 36 11 43 91 9 79 24 41 83 3 82 92 15 69 72 15 46 61 
84 25 85 24 12 11 35 2 46 18 91 45 44 26 8 86 68 16 64 92 56 47 46 89 90 60 9 62 27 55 74 62 31 58 37 42 69 71 43 66 41 86 10 84 11 17 70 79 32 
85 22 39 83 67 27 25 79 36 86 5 42 11 66 72 68 2 66 88 24 60 53 64 45 15 48 56 83 69 86 67 5 59 5 88 25 84 12 3 71 49 59 64 59 24 87 78 77 
4 66 53 64 70 16 8 84 15 15 19 35 100 85 40 10 41 79 35 24 42 89 46 90 48 61 100 23 48 77 52 51 42 4 66 64 71 74 99 38 88 17 72 40 1 63 1 
42 93 35 17 34 76 63 75 23 75 74 97 22 3 48 25 96 51 90 59 74 15 58 11 55 74 82 46 27 97 46 68 89 33 84 23 8 98 49 82 73 23 78 46 77 78 
22 72 80 64 31 53 78 40 63 84 13 97 29 39 93 27 58 81 11 94 55 18 91 4 51 15 78 80 61 54 57 34 25 37 97 7 89 27 46 4 10 11 100 91 1 
92 17 59 24 79 52 79 96 94 34 98 61 11 77 73 64 86 6 40 22 3 47 62 29 92 65 90 54 16 80 55 59 48 13 83 26 16 13 73 61 98 70 21 8 
99 93 23 84 99 62 57 53 60 18 33 4 35 22 57 50 2 11 61 1 75 95 27 90 7 51 51 4 21 71 63 71 16 37 54 66 98 10 18 10 79 50 13 
13 71 69 15 24 32 75 25 6 69 3 96 27 53 98 82 25 20 96 95 35 32 100 100 81 61 69 90 40 18 54 4 41 75 18 16 6 44 92 63 64 94 
58 42 99 7 75 75 27 70 22 13 1 73 13 82 34 33 23 73 3 77 28 43 3 98 10 8 93 2 70 57 47 80 50 97 38 25 72 64 46 45 29 
99 17 93 32 50 25 54 74 27 82 54 21 84 51 31 43 43 84 13 51 82 44 1 79 81 77 2 97 22 98 77 72 14 69 3 16 93 57 41 20 
90 94 92 74 44 22 16 39 57 80 89 39 75 41 69 8 69 70 56 43 67 32 14 32 100 17 47 44 25 40 15 14 33 7 39 29 80 55 19 
37 86 59 27 13 100 95 20 20 64 75 62 82 58 76 65 9 92 64 52 68 3 67 81 87 25 20 15 4 26 85 92 63 44 18 75 43 12 
46 62 27 72 76 8 29 51 73 37 94 36 89 61 90 7 93 76 31 64 91 86 89 75 78 52 70 95 78 12 7 24 26 33 47 1 93 
76 3 17 64 48 4 4 60 93 10 52 68 92 16 10 78 56 37 7 59 6 1 37 70 59 12 95 44 58 47 36 85 1 4 49 48 
7 4 59 99 66 10 66 57 77 76 86 85 64 44 43 69 97 31 38 55 94 84 50 4 82 85 88 82 40 88 81 46 92 91 44 
9 53 10 17 29 37 55 13 100 98 8 68 94 38 58 1 32 41 50 35 23 87 74 56 26 14 89 72 5 79 15 65 31 76 
81 12 64 35 24 15 33 83 83 78 73 92 78 4 84 28 90 6 66 15 14 91 28 54 14 84 32 81 48 63 8 29 74 
72 63 49 86 47 84 20 25 56 11 2 11 95 81 100 52 46 14 17 89 94 70 54 77 2 34 25 16 42 53 41 13 
67 41 50 14 24 70 38 79 32 91 89 26 72 40 30 69 6 46 9 99 68 63 75 69 96 51 36 37 55 76 1 
22 16 51 87 92 20 24 70 51 14 11 29 37 50 10 6 7 7 14 5 74 76 32 94 24 34 29 60 89 56 
13 62 24 63 48 15 34 71 36 36 36 46 16 73 48 25 30 54 32 43 11 57 71 94 51 94 27 79 5 
67 87 17 28 10 31 27 24 64 49 59 52 85 57 67 9 56 44 38 61 75 80 23 83 2 16 33 47 
95 64 52 13 50 20 93 59 51 19 34 66 68 92 17 4 100 84 12 55 27 49 68 53 80 90 87 
82 6 20 80 52 83 31 64 84 51 56 42 1 75 27 18 94 18 35 97 70 70 8 76 48 8 
43 52 87 33 38 20 90 57 100 41 91 82 4 26 32 12 67 84 38 45 2 31 63 88 79 
84 57 38 59 4 45 54 55 83 86 92 3 75 1 54 67 43 35 22 69 19 33 87 2 
70 32 55 52 46 42 82 29 98 19 39 1 15 92 7 98 29 99 52 55 99 5 21 
41 39 43 61 57 27 48 11 97 79 17 100 24 59 82 4 8 100 42 61 15 86 
67 64 14 17 15 21 67 19 41 60 9 35 20 66 62 67 28 10 45 44 9 
20 54 90 23 62 42 65 74 8 50 40 71 15 57 85 35 23 55 28 82 
63 62 54 80 23 20 7 32 17 3 93 36 56 34 59 69 75 75 42 
34 76 82 4 90 90 40 77 64 94 4 98 57 17 51 36 92 22 
95 75 38 97 67 74 52 1 84 21 27 58 14 61 33 47 16 
74 36 56 50 52 49 5 1 57 22 3 45 13 24 39 87 
14 35 54 39 38 6 22 10 32 31 24 44 63 70 60 
88 58 15 38 61 15 42 61 72 15 63 16 27 38 
6 66 51 40 71 89 77 76 62 39 59 92 62 
3 6 31 14 94 40 28 31 100 94 24 12 
17 91 74 32 17 64 89 34 14 28 4 
55 57 31 16 95 90 8 8 44 65 
90 57 58 30 36 40 81 29 64 
93 98 6 66 81 74 81 70 
8 95 97 11 1 5 42 
16 51 83 75 58 78 
40 48 34 97 29 
21 37 9 1 
52 1 98 
57 19 
79 
