100 4
59 45 30 70 38 46 26 12 78 92 43 17 9 99 20 75 78 93 92 16 34 82 76 83 68 74 43 66 91 25 8 1 21 37 70 58 35 48 22 12 91 64 80 51 14 100 26 92 44 69 7 77 50 34 11 17 59 5 35 49 81 42 1 1 30 23 11 64 70 32 27 12 47 59 63 61 10 88 52 53 8 10 81 57 43 43 26 54 48 60 2 80 53 55 81 82 77 91 46 
98 74 24 61 20 82 23 80 91 62 83 43 69 44 75 78 39 18 3 92 17 14 45 96 66 99 28 47 75 18 44 24 91 68 85 63 1 59 42 44 21 77 86 41 20 13 18 58 30 20 1 98 85 46 93 50 44 21 49 71 90 92 94 33 11 30 95 64 89 88 7 61 64 44 1 36 56 19 45 37 90 46 34 27 91 79 76 34 99 76 56 40 20 2 72 82 31 18 
45 71 6 51 31 21 95 32 8 2 2 53 39 43 50 72 69 40 50 97 25 100 72 33 92 91 34 63 73 16 33 69 87 38 20 17 10 66 100 18 67 53 22 5 96 71 29 16 62 30 12 38 82 36 70 73 78 55 87 2 71 19 71 57 8 90 25 18 7 77 87 25 81 60 82 76 82 10 44 43 91 55 32 72 42 54 44 20 8 83 21 78 1 91 86 9 32 
63 78 90 91 64 15 71 23 96 99 4 57 42 98 47 48 29 19 90 82 14 61 42 96 81 71 49 24 57 57 7 71 34 97 61 49 63 31 71 58 81 26 14 22 75 12 22 3 30 11 37 96 23 30 43 3 100 91 78 8 99 37 30 84 85 90 32 47 73 54 56 53 31 69 27 5 80 48 60 62 10 48 9 32 77 3 86 28 94 16 36 44 52 65 28 88 
7 11 34 31 17 89 35 47 9 13 4 40 60 63 53 21 10 61 4 38 64 90 65 9 5 52 4 8 69 83 95 27 94 80 9 62 20 43 8 28 56 11 19 67 25 72 88 86 84 91 75 99 32 92 59 88 43 63 47 63 45 93 41 90 72 49 51 91 92 11 70 99 73 41 65 50 12 4 35 47 47 10 46 30 1 56 70 95 18 16 10 15 9 50 56 
32 99 59 23 42 69 44 40 93 84 56 42 47 12 77 94 10 38 91 39 38 46 8 84 16 76 93 30 84 43 85 15 41 43 89 34 63 33 73 56 68 28 49 15 91 25 60 100 14 50 39 51 95 98 35 10 73 79 91 56 21 28 23 13 22 11 46 37 95 70 92 63 50 92 29 40 17 88 40 30 37 78 33 83 75 19 45 100 97 87 55 70 14 29 
34 36 40 32 24 86 1 15 100 50 58 28 90 26 67 29 8 55 58 40 90 84 10 34 83 58 20 90 79 86 18 13 73 9 44 96 95 96 62 46 98 19 26 87 45 92 67 52 47 76 43 36 59 4 21 42 61 92 31 92 77 100 4 1 9 99 96 55 46 9 100 43 80 25 81 24 69 47 27 67 22 21 2 33 24 74 26 36 65 8 27 94 7 
82 94 67 32 42 21 78 50 73 72 29 49 53 4 17 51 82 83 25 2 36 57 77 9 82 65 26 89 43 19 95 77 12 62 8 5 34 37 7 58 9 87 7 13 91 75 63 24 10 87 78 45 43 6 6 76 70 31 64 65 49 11 41 12 24 100 17 9 89 75 67 97 61 73 61 3 47 23 27 56 62 4 53 4 9 58 32 31 40 95 95 88 
57 87 51 80 86 19 89 74 93 55 22 54 79 82 8 77 57 34 85 18 37 37 73 98 46 4 28 85 51 74 24 7 60 74 39 97 45 27 71 37 33 44 42 11 78 50 39 34 35 23 51 24 11 75 21 56 79 100 92 29 73 15 87 84 41 25 80 85 3 2 73 35 46 15 97 75 16 88 8 50 10 10 73 21 84 45 28 14 44 20 94 
68 86 81 51 26 57 83 62 60 84 35 46 81 1 95 7 16 82 14 65 43 75 90 63 59 34 91 24 78 10 18 97 95 50 48 73 6 82 34 17 17 20 63 50 20 9 56 87 42 22 4 84 96 93 47 54 26 89 78 55 98 47 52 44 96 51 68 53 84 54 70 100 73 32 1 45 92 57 31 33 78 34 16 73 78 14 79 56 2 8 
10 51 54 13 95 1 15 14 53 50 67 22 50 92 5 50 88 48 58 70 80 35 4 48 60 81 61 38 88 63 97 98 13 2 62 59 2 29 25 6 78 43 28 27 34 84 29 73 32 86 43 63 73 98 10 84 30 71 73 18 85 69 67 97 70 28 8 23 56 32 28 86 74 7 12 60 43 92 84 26 30 26 88 54 23 98 37 5 20 
9 22 4 29 88 52 50 67 59 72 75 42 51 60 16 10 71 27 4 15 10 29 96 88 16 49 62 65 37 66 84 45 39 87 25 26 39 74 93 49 97 19 91 47 78 58 8 100 84 11 14 45 39 9 84 7 9 46 71 45 63 55 41 2 93 65 27 31 38 71 80 34 89 22 33 18 79 40 18 14 3 31 58 93 92 42 99 52 
39 70 97 1 76 37 2 68 54 81 99 91 3 30 77 44 51 9 61 81 100 78 94 2 61 3 95 52 96 45 55 34 14 51 87 89 40 88 57 93 20 7 35 23 88 11 18 90 71 78 70 71 8 15 24 68 69 70 71 65 15 25 50 80 28 36 69 67 76 77 11 95 35 45 17 22 56 86 63 78 64 84 100 71 98 24 90 
66 45 12 82 59 36 32 91 63 19 59 81 94 87 91 89 21 36 57 94 43 43 8 20 58 91 20 80 40 95 69 57 39 80 39 50 67 22 40 30 40 50 62 34 88 53 22 8 88 30 53 82 24 12 1 81 2 72 60 41 66 80 49 5 11 87 6 78 60 45 59 100 46 20 85 33 72 58 92 11 87 96 92 11 7 45 
91 8 16 3 100 82 82 48 38 45 87 43 22 46 39 32 97 36 51 81 68 75 38 59 37 77 54 29 87 60 73 29 19 40 83 70 21 17 69 10 61 55 4 34 53 94 65 1 29 15 82 96 41 71 6 78 99 11 58 37 22 30 18 40 21 100 61 94 16 30 3 28 84 59 61 88 52 25 89 33 92 22 80 32 44 
86 61 43 48 18 79 70 47 96 61 20 48 22 13 15 51 15 43 86 25 3 74 77 28 14 61 71 87 40 2 30 25 63 24 73 80 55 94 79 2 54 98 49 27 62 16 77 76 58 63 1 60 88 29 39 53 89 9 39 28 63 20 5 77 96 29 8 50 74 38 3 27 87 4 54 48 19 82 76 76 96 76 87 83 
56 78 87 96 38 77 75 100 97 31 28 44 59 36 45 84 25 47 11 12 50 16 59 20 49 34 47 45 61 86 79 68 63 66 63 52 42 90 52 90 20 31 33 31 18 77 14 43 24 76 6 25 91 16 97 92 50 43 36 62 28 14 82 42 79 96 94 73 85 97 62 57 79 95 87 97 23 100 91 98 76 96 23 
18 11 71 9 12 13 96 26 93 10 7 86 40 54 79 12 91 27 26 47 6 72 33 2 94 84 92 92 11 87 66 29 49 36 89 61 100 85 86 92 46 44 30 37 97 8 49 87 87 26 33 92 97 17 93 90 1 36 33 11 74 98 91 22 33 32 34 85 68 19 28 13 62 57 49 11 65 49 97 3 74 82 
94 22 98 38 64 50 25 96 61 98 94 3 71 78 34 5 62 1 23 90 65 37 46 66 99 62 14 47 64 40 80 9 13 78 46 76 79 70 72 39 19 65 42 90 94 27 94 8 28 68 97 92 56 94 57 6 8 23 53 23 14 32 32 26 61 29 2 40 99 73 30 69 89 23 58 82 50 3 41 29 23 
37 20 30 83 29 36 42 3 88 64 16 71 47 41 32 76 94 71 26 66 52 46 6 75 4 40 76 58 80 4 80 69 75 10 51 3 45 44 5 84 7 72 54 6 65 85 33 58 7 10 24 11 55 81 85 10 20 60 68 52 15 99 20 89 8 22 44 4 65 100 39 23 72 93 28 36 29 12 93 88 
21 68 98 76 49 34 85 20 45 4 71 59 3 90 47 62 63 90 18 27 42 56 50 13 48 29 48 29 93 92 16 13 60 13 40 60 46 77 31 90 32 2 100 34 43 46 96 6 88 13 84 29 20 85 93 68 66 40 48 58 83 63 22 94 27 62 53 72 90 36 13 21 89 12 55 31 9 2 88 
48 66 72 28 85 8 20 4 73 11 51 30 46 65 52 39 91 65 44 14 54 79 78 26 67 41 32 49 2 33 89 49 50 12 29 87 19 100 42 92 63 45 73 8 9 76 46 52 40 89 65 45 19 95 71 85 35 2 86 36 87 74 37 88 85 17 74 3 16 16 46 78 60 19 37 20 94 83 
71 86 23 36 82 42 82 52 78 16 6 63 4 44 36 40 31 72 8 5 75 23 72 20 53 31 38 41 50 84 75 73 21 98 60 2 91 41 6 20 56 11 35 59 6 22 50 36 94 57 92 68 32 63 39 36 45 29 76 47 12 51 19 32 100 78 85 42 18 90 61 25 100 95 36 57 69 
85 93 62 94 84 29 77 47 19 12 91 47 87 89 58 89 7 41 88 36 26 29 53 15 42 30 67 88 65 23 56 1 67 69 94 51 49 70 49 68 33 91 14 20 80 24 60 86 64 48 74 41 28 26 56 21 7 74 61 71 48 16 72 15 85 17 65 33 39 65 100 71 55 66 42 34 
89 2 72 52 1 45 93 28 22 100 1 29 25 61 51 72 28 74 38 64 91 54 97 81 18 48 51 73 65 93 58 53 46 81 57 46 25 49 25 99 100 25 79 76 37 29 99 65 55 37 28 45 42 76 25 60 76 27 84 40 71 93 93 16 74 49 13 50 49 90 48 100 66 78 27 
3 59 25 67 13 13 46 57 7 74 33 18 49 11 1 40 82 45 32 49 18 32 62 68 32 3 67 83 68 45 9 70 3 86 88 15 98 86 23 4 59 7 73 7 17 73 46 50 70 30 99 87 13 12 6 45 14 73 27 81 69 88 3 23 73 90 89 70 27 11 26 85 69 98 
91 85 23 89 35 92 18 85 30 30 96 36 26 61 60 53 41 80 40 95 2 12 37 90 33 63 52 10 48 20 60 90 56 34 78 42 77 95 26 58 77 21 93 2 81 4 6 74 83 97 20 36 8 56 77 93 19 80 54 18 51 65 7 7 50 85 100 26 31 26 84 7 98 
28 61 79 84 66 4 18 63 23 54 22 31 82 66 1 62 20 18 64 36 24 22 86 8 22 11 91 47 46 97 44 26 9 74 9 75 29 26 89 4 31 10 34 65 76 86 26 47 3 41 82 26 63 19 86 84 82 76 82 27 24 77 4 33 3 12 59 31 90 47 86 20 
56 71 84 83 56 61 81 58 54 15 36 16 33 73 51 14 100 84 93 23 60 96 7 14 60 65 45 49 11 82 20 19 53 56 53 8 68 34 18 73 100 53 88 32 25 90 98 24 25 90 98 37 37 57 50 48 21 46 96 84 28 68 54 32 75 6 39 94 91 56 67 
42 60 6 74 36 96 23 11 72 64 9 8 52 17 10 100 37 55 95 72 34 14 25 65 88 83 56 82 25 11 48 67 23 5 92 58 100 14 69 24 29 29 31 80 45 92 79 81 47 26 5 32 39 29 97 79 63 52 12 88 14 11 54 36 15 97 94 67 62 14 
90 90 42 72 69 86 16 100 18 14 25 22 45 15 3 93 45 65 96 8 4 10 18 9 97 85 5 42 3 66 55 44 55 96 15 76 33 82 27 51 95 51 24 40 17 78 32 62 95 80 69 98 89 39 7 37 75 11 79 77 77 33 20 83 29 86 10 13 68 
36 63 62 38 39 1 55 16 85 68 10 64 88 8 4 78 66 40 52 76 70 28 4 3 99 39 83 85 48 95 52 84 10 65 21 48 18 27 15 2 46 77 17 34 36 72 11 1 63 15 28 33 94 32 35 93 70 17 77 69 63 80 52 72 44 25 71 61 
3 38 14 49 66 30 82 1 53 44 53 16 10 80 48 4 11 82 96 32 50 72 1 64 3 4 88 46 80 58 59 83 47 72 31 12 54 64 64 6 59 16 21 69 96 20 72 58 53 67 90 2 90 90 18 44 45 5 89 25 14 99 7 61 71 89 24 
24 4 88 81 62 3 54 82 98 73 5 56 26 23 97 79 64 38 96 7 82 52 48 6 66 46 12 78 16 52 1 91 55 88 24 69 43 77 50 40 1 55 47 78 29 43 57 93 32 4 99 14 56 46 19 73 92 83 50 59 34 2 50 41 90 25 
9 32 1 10 23 53 16 22 31 45 16 39 37 48 42 87 61 49 33 31 73 24 65 74 34 51 76 83 91 17 7 51 100 59 60 22 12 28 95 42 72 11 80 60 58 73 46 70 74 30 100 46 5 17 20 39 67 95 73 57 63 32 7 62 90 
18 35 53 45 30 46 68 40 77 79 49 50 77 18 75 58 69 72 63 85 91 1 51 37 73 59 51 4 17 12 46 87 47 50 83 76 96 3 67 72 81 15 73 9 84 47 67 52 71 29 89 13 81 39 50 5 50 100 61 66 64 6 4 10 
55 87 37 2 89 3 74 21 17 98 30 100 97 48 3 67 28 91 79 8 82 80 64 31 32 24 48 95 81 4 56 88 90 92 41 78 94 14 50 62 64 31 61 60 78 15 78 5 6 56 64 39 88 28 21 19 3 68 65 36 23 20 75 
12 11 15 41 4 81 91 65 44 21 77 55 51 91 32 55 48 39 71 86 78 50 6 96 4 26 12 39 48 31 13 12 93 28 52 96 8 42 12 3 15 40 57 65 83 88 71 82 78 41 68 56 42 25 3 46 50 15 36 50 97 49 
61 90 28 12 37 87 6 1 89 72 40 45 36 74 84 58 56 13 51 23 68 92 99 23 37 49 89 25 98 85 73 58 26 52 21 63 38 26 63 26 97 54 70 84 28 5 42 35 17 92 9 85 35 7 59 24 55 47 48 4 83 
20 13 9 71 34 71 8 11 85 85 60 38 54 95 17 58 36 3 74 79 11 10 14 18 68 37 24 66 84 28 49 55 92 9 77 77 79 36 40 15 20 99 4 25 93 73 82 81 75 7 59 86 69 24 3 88 60 78 54 95 
57 54 1 49 62 77 77 92 12 16 6 83 66 61 7 11 33 40 91 8 47 1 45 67 77 47 54 36 76 59 83 33 12 83 33 25 12 9 16 75 25 73 58 42 86 16 52 18 56 94 77 54 95 21 20 71 19 73 58 
95 84 92 79 95 75 11 72 38 19 87 12 95 12 21 37 97 37 88 66 92 82 95 97 28 15 16 98 86 40 7 32 23 99 10 70 25 20 41 14 38 79 25 85 90 98 21 38 34 8 56 77 41 50 25 68 16 40 
17 1 31 76 32 54 74 41 23 50 12 63 63 2 93 39 86 35 88 6 24 73 65 79 1 6 80 25 25 48 64 94 48 95 69 32 100 94 24 22 43 36 36 57 37 28 47 22 14 35 79 38 7 43 16 8 100 
48 32 25 95 48 70 94 94 38 25 93 31 1 66 25 88 53 81 76 32 79 97 46 13 27 83 20 69 50 79 21 97 10 97 91 9 66 85 2 3 61 94 33 61 11 9 100 63 41 75 47 19 23 92 32 49 
74 3 70 75 81 90 72 42 86 14 51 51 98 52 5 11 98 89 23 8 97 23 23 37 97 69 55 72 12 38 20 37 40 89 11 72 30 82 14 15 96 64 17 45 67 21 55 64 9 30 24 5 52 98 93 
100 66 100 71 29 37 91 65 29 31 27 100 61 9 13 27 56 28 96 52 47 16 59 10 77 88 85 33 39 82 26 90 99 25 61 79 61 3 43 41 85 70 41 97 30 5 76 37 85 71 88 31 86 46 
92 14 85 77 47 75 10 72 65 61 48 77 39 60 31 82 1 15 3 41 12 84 97 39 20 81 9 59 63 46 57 55 60 41 83 6 16 92 29 32 52 76 8 43 35 38 24 35 4 78 27 67 61 
24 5 32 56 13 90 19 59 98 73 70 39 7 27 6 98 55 37 2 82 96 44 16 33 19 3 88 48 81 55 60 56 59 91 12 24 32 30 34 30 54 3 20 60 29 25 9 83 13 62 16 8 
57 31 92 75 85 79 74 66 33 33 21 44 23 84 67 7 13 100 36 18 54 7 29 82 83 38 16 95 99 31 2 56 13 45 82 98 23 56 15 8 88 87 51 63 71 69 69 35 20 56 5 
73 62 33 54 96 70 21 90 21 3 43 28 15 87 61 64 61 16 30 68 56 69 70 70 39 38 38 25 57 45 29 81 58 62 86 53 83 6 42 55 60 36 82 27 22 43 90 34 10 72 
54 17 40 23 86 30 13 23 54 21 19 35 2 76 48 87 28 82 45 21 37 56 56 18 82 29 12 24 63 22 95 16 38 34 90 76 15 2 50 20 75 69 54 76 44 53 14 72 35 
10 92 71 66 100 40 47 28 52 22 90 25 16 57 14 1 47 89 15 48 39 35 22 7 40 49 2 93 15 73 27 24 17 49 41 16 88 40 43 39 61 85 15 29 41 29 29 87 
69 96 87 59 30 60 65 21 9 67 13 23 91 91 98 59 39 91 74 79 82 69 17 42 53 84 70 45 64 51 32 32 46 70 43 27 29 59 47 37 25 60 11 68 2 61 26 
41 51 52 19 32 72 87 25 76 22 47 20 85 97 3 69 42 72 11 20 1 69 66 37 46 77 100 65 79 60 42 71 10 93 41 93 16 79 17 91 1 15 11 37 11 13 
5 4 85 67 23 37 36 89 25 33 65 24 97 95 83 90 65 44 35 5 88 50 84 5 41 84 19 3 20 82 67 77 37 3 43 60 39 30 100 64 14 16 87 62 11 
22 52 75 17 86 32 5 87 15 9 27 50 79 81 21 12 48 97 49 50 92 60 41 73 11 4 87 26 42 100 88 63 51 15 80 88 46 84 75 12 44 53 61 74 
34 33 38 33 82 38 34 25 97 74 97 59 77 35 84 71 35 24 33 37 38 64 25 83 99 99 46 94 3 6 20 88 90 57 20 71 94 54 95 42 27 44 100 
56 78 35 26 64 58 10 1 47 26 77 29 24 75 74 70 29 31 89 17 73 97 36 43 90 41 90 83 20 85 34 27 14 20 52 78 30 13 30 76 38 6 
57 62 32 82 31 60 65 71 76 37 67 64 31 8 56 72 90 75 56 75 1 70 94 4 47 23 17 76 51 6 33 7 67 64 88 49 23 52 71 51 40 
37 66 71 44 21 42 85 48 98 11 100 19 5 56 17 79 72 44 29 29 76 87 48 39 75 96 13 78 67 63 18 55 80 40 99 53 33 35 100 82 
46 51 100 2 6 16 80 29 59 61 58 86 47 5 24 73 52 89 3 70 3 72 25 83 11 75 35 95 61 86 77 6 36 76 7 94 44 39 22 
54 51 79 92 97 35 15 22 87 55 24 56 58 95 32 92 57 6 78 51 67 63 27 24 50 55 31 43 50 21 17 55 71 95 46 19 30 13 
40 68 67 63 23 76 9 55 67 17 12 44 68 78 58 46 2 8 52 84 2 1 4 18 8 26 65 53 44 94 65 84 61 84 98 35 59 
59 89 26 75 1 69 42 30 27 40 83 86 91 66 39 44 21 57 51 46 21 55 42 66 20 77 78 3 74 12 61 84 53 38 59 5 
7 52 86 85 43 69 22 34 34 60 29 7 68 31 4 88 85 45 5 4 21 82 58 47 46 71 30 50 8 40 54 66 44 39 2 
86 59 75 71 45 35 99 51 54 81 54 42 66 51 98 21 23 80 31 69 77 1 51 26 8 42 79 26 85 69 27 23 28 54 
93 72 88 44 74 41 24 79 34 41 29 32 62 52 63 92 72 39 44 22 16 3 16 46 28 100 14 7 74 93 60 67 16 
99 10 89 91 85 20 77 26 48 60 39 51 74 82 23 64 25 96 79 79 63 24 7 15 37 65 88 82 76 54 97 26 
15 38 16 52 57 44 77 56 3 67 7 76 48 81 91 24 28 69 2 91 92 8 5 81 24 92 14 51 98 10 76 
12 99 92 63 55 87 91 63 42 57 21 69 56 1 60 79 80 28 81 70 72 40 74 52 64 18 65 14 15 26 
90 78 77 33 93 83 71 83 45 12 92 65 81 47 17 40 26 97 19 6 66 90 97 92 93 60 61 9 26 
75 87 67 52 63 51 44 45 21 79 90 33 22 6 65 68 23 4 45 19 22 2 36 64 99 79 56 10 
39 17 35 65 3 1 69 65 3 64 9 24 42 50 8 15 56 72 83 30 75 79 100 48 81 87 11 
31 66 19 40 56 35 75 73 37 27 41 53 30 4 13 53 98 15 60 12 22 31 46 51 57 25 
50 56 57 88 67 87 5 37 26 61 71 52 85 59 79 25 63 60 80 27 64 77 41 75 41 
62 57 86 12 13 62 13 68 18 53 86 4 57 22 82 69 44 33 53 54 63 77 68 22 
9 95 85 85 35 59 25 97 15 63 60 79 24 25 99 42 77 84 97 85 58 78 54 
53 63 6 7 25 35 74 47 95 68 31 79 55 42 56 51 56 18 62 87 41 38 
85 34 14 68 83 99 77 12 4 30 74 61 36 99 47 61 97 41 81 79 72 
35 20 27 37 28 44 98 14 36 88 50 70 1 17 52 51 94 63 6 75 
89 67 10 87 65 22 35 6 2 13 77 36 33 3 24 12 98 74 77 
33 61 26 54 13 94 57 16 87 72 21 61 60 39 22 98 4 96 
32 9 97 44 37 85 28 91 60 91 88 33 67 72 93 92 26 
6 86 82 73 24 53 93 37 64 32 10 61 87 5 44 47 
54 88 83 38 67 25 49 58 12 82 76 35 26 68 12 
83 5 46 55 80 98 48 16 14 31 26 74 17 82 
18 63 35 57 97 24 75 21 73 84 84 6 60 
18 31 79 30 14 35 75 68 14 24 67 30 
89 97 7 63 65 40 32 27 27 40 75 
50 14 95 74 50 30 79 9 48 10 
39 29 75 73 55 42 86 30 9 
67 19 57 25 33 74 65 64 
52 91 55 27 92 68 73 
18 69 3 96 77 2 
57 67 30 31 91 
36 25 77 65 
85 95 83 
93 72 
67 
