27 3
66 67 64 92 92 28 14 54 15 41 45 95 36 71 39 93 94 65 9 92 31 56 74 71 74 60 
80 51 30 22 96 47 41 60 39 84 39 4 38 54 45 34 100 32 4 39 24 49 55 84 40 
85 92 14 8 65 73 87 15 55 60 63 53 52 74 91 36 12 95 25 17 91 58 17 22 
13 55 97 62 61 33 53 45 24 66 4 88 91 90 55 97 2 17 49 53 90 40 40 
53 86 64 70 76 73 86 49 86 92 97 99 52 29 51 48 52 69 52 92 59 93 
46 7 46 62 55 99 3 46 90 55 83 6 76 58 78 13 58 15 56 55 65 
59 83 16 7 87 84 10 78 94 54 23 52 100 84 6 50 38 4 91 44 
86 96 20 96 26 84 53 40 40 7 5 98 42 72 56 28 7 17 57 
100 71 79 51 22 14 8 23 51 63 13 46 1 61 17 96 86 1 
100 77 92 59 33 89 100 4 97 79 10 13 35 61 35 65 63 
8 78 23 30 80 85 95 25 85 55 94 32 40 94 32 16 
37 90 49 25 41 4 73 19 66 86 5 26 72 69 89 
80 46 11 61 77 47 55 53 32 61 46 15 100 91 
46 68 27 35 68 4 75 23 76 45 88 13 49 
14 37 17 54 68 14 16 28 42 62 35 95 
45 95 92 60 47 83 57 66 61 92 85 
64 18 7 92 15 95 4 63 60 92 
32 13 59 97 28 87 91 41 21 
85 38 67 28 97 13 62 53 
30 23 96 14 38 66 21 
29 80 15 85 94 26 
76 77 38 35 26 
17 73 16 9 
45 52 46 
11 79 
94 
