21 5
9 55 63 69 38 95 8 23 68 40 43 52 89 92 9 24 51 80 86 25 
60 63 2 33 75 64 93 88 94 64 74 2 18 36 23 7 83 82 29 
50 73 23 53 13 66 61 37 68 40 22 45 100 36 46 84 62 62 
28 50 7 91 75 60 8 11 82 14 93 15 94 94 87 68 47 
100 33 59 88 52 99 61 96 50 96 94 33 58 55 60 59 
61 50 33 20 9 95 54 74 39 20 67 85 7 34 31 
58 18 89 45 69 39 57 65 88 52 58 72 61 64 
31 71 76 32 56 47 40 50 100 13 41 72 31 
25 78 16 55 87 33 95 83 54 86 39 18 
73 90 27 45 3 42 27 73 17 59 28 
63 50 30 15 15 70 86 45 94 15 
61 100 53 45 46 35 98 31 73 
67 56 14 93 52 68 86 78 
41 2 88 20 17 38 1 
83 4 70 20 48 15 
86 60 66 38 5 
12 24 54 94 
48 21 49 
61 13 
100 
