27 4
5 51 33 71 49 97 45 47 5 19 95 55 51 65 60 54 74 86 41 74 3 20 54 47 64 59 
28 92 80 43 84 36 46 68 6 94 16 2 92 20 73 38 26 23 2 85 76 75 22 16 100 
24 87 54 22 50 64 49 94 43 44 29 30 89 97 35 34 12 36 25 84 8 62 9 82 
15 46 57 89 67 24 88 43 11 93 64 12 56 65 5 50 8 34 79 48 30 65 33 
93 53 57 76 12 70 37 94 84 82 50 72 100 26 11 94 36 4 58 47 11 22 
4 13 81 37 43 80 18 8 12 62 60 20 90 23 89 26 16 72 59 18 95 
58 43 5 52 78 60 61 76 23 34 79 35 66 67 77 45 84 36 56 46 
47 75 87 70 15 12 85 86 70 2 80 79 96 36 82 73 48 42 1 
70 27 79 4 92 46 32 36 81 68 43 78 14 69 64 83 83 27 
20 20 96 21 51 27 69 39 60 41 86 54 41 55 80 72 10 
72 17 41 59 49 8 54 27 22 22 42 56 57 69 75 28 
16 48 79 42 16 17 2 8 54 55 1 8 86 72 69 
9 40 9 68 88 69 73 66 42 94 8 97 2 76 
72 30 91 71 60 85 86 28 38 45 81 44 45 
40 29 68 8 38 7 68 57 47 36 29 12 
77 74 71 74 76 98 97 57 89 67 68 
25 4 95 62 100 27 5 45 18 85 
12 25 22 71 92 30 17 80 58 
80 56 32 3 81 59 100 77 
67 40 95 34 64 50 80 
77 50 6 33 94 23 
18 57 99 91 79 
42 21 95 21 
30 27 29 
13 29 
9 
