27 5
74 45 45 2 51 78 30 94 47 72 64 61 2 84 15 1 29 49 17 71 65 92 66 57 6 81 
58 8 39 33 65 12 78 61 65 80 39 94 26 37 17 89 49 18 25 63 18 5 63 87 76 
27 30 93 36 36 25 93 95 63 78 59 26 55 71 90 86 9 36 11 98 52 100 98 22 
76 61 91 80 75 77 7 2 7 100 89 94 24 81 40 39 58 98 16 64 68 6 2 
29 93 12 78 44 63 75 17 90 87 8 22 62 84 28 15 42 27 3 87 3 35 
26 41 45 75 56 8 95 13 61 75 57 25 52 53 87 26 69 29 65 76 50 
26 12 77 92 53 56 94 92 58 28 69 50 72 44 57 32 90 22 92 64 
78 16 67 30 55 92 99 83 8 26 84 85 37 60 76 42 15 69 33 
24 97 1 25 20 96 82 51 85 55 95 100 84 62 66 14 16 10 
64 50 17 89 85 2 78 45 77 19 11 98 3 87 94 55 11 
65 51 44 16 87 98 62 39 82 23 4 47 91 13 62 40 
82 2 25 83 79 21 11 49 83 8 51 69 53 6 80 
18 8 75 85 94 73 46 32 6 20 88 4 10 100 
65 2 33 66 78 67 97 98 78 45 80 37 96 
1 42 53 32 11 60 6 47 53 30 44 37 
87 63 24 90 73 75 54 74 8 72 51 
26 20 48 55 16 79 92 63 79 85 
15 62 95 74 68 93 79 49 36 
67 36 98 90 25 70 16 31 
43 75 54 45 1 25 44 
55 40 75 98 3 5 
34 17 67 80 43 
34 72 21 34 
7 87 69 
5 28 
46 
