21 3
50 80 59 78 82 23 58 23 16 16 76 26 16 52 61 85 18 80 1 92 
68 42 74 15 78 19 54 23 30 96 8 31 27 18 61 8 41 18 83 
8 85 58 33 1 61 45 37 79 24 89 22 43 31 95 57 8 66 
63 83 47 10 90 78 36 60 90 95 52 7 77 59 91 86 43 
91 47 88 80 77 63 68 98 58 98 44 66 58 61 28 40 
8 37 81 37 24 40 26 19 43 32 47 1 22 33 44 
65 31 83 44 7 97 11 56 54 61 51 20 18 12 
99 57 71 88 37 7 11 29 32 81 71 15 28 
24 88 12 19 4 42 53 99 100 49 62 7 
55 22 57 26 39 68 24 47 38 63 35 
96 74 63 79 6 86 93 85 9 33 
48 79 36 41 31 35 40 31 48 
46 37 69 3 62 59 22 38 
5 12 100 39 7 25 54 
38 31 39 82 15 99 
14 15 77 2 55 
59 88 95 89 
35 92 26 
3 46 
39 
