70 6
29 27 89 68 93 89 53 44 56 79 2 57 95 12 97 22 25 75 43 63 16 19 47 95 51 61 49 27 24 97 80 5 23 69 72 67 9 77 63 64 55 64 20 2 76 68 23 52 43 17 14 10 88 13 56 90 73 5 16 48 53 95 52 28 15 76 94 23 4 
56 87 58 72 58 11 47 78 85 50 20 54 16 81 41 28 89 30 52 93 45 51 97 91 55 24 58 30 70 80 85 25 18 94 48 76 5 46 5 89 96 76 42 11 56 34 38 44 63 41 88 59 91 85 2 45 60 59 26 29 38 10 6 8 4 53 35 8 
99 39 48 94 14 42 4 21 75 93 65 90 33 4 100 75 40 1 72 100 11 97 28 1 59 33 8 62 86 42 21 36 32 20 29 45 61 84 65 88 76 81 77 60 37 28 86 76 81 57 27 91 54 55 91 64 39 50 25 76 43 97 11 74 68 91 70 
29 74 87 68 1 19 96 12 55 23 50 83 3 6 9 46 11 15 36 74 6 38 50 81 80 46 44 6 66 86 75 94 12 61 13 64 32 8 76 86 30 25 20 85 82 29 30 93 95 17 66 100 54 16 33 86 13 28 91 30 13 65 23 24 78 87 
88 9 94 15 46 76 91 66 12 72 46 41 64 40 9 82 92 15 49 76 100 13 3 90 43 67 6 17 43 35 4 30 95 49 96 41 24 86 58 35 9 3 27 73 94 36 6 85 2 54 60 1 18 14 42 60 81 99 77 23 86 32 4 80 80 
99 20 4 36 29 90 44 31 17 68 25 4 73 61 57 78 73 9 96 86 50 55 66 100 83 40 85 14 43 17 46 93 88 1 80 17 90 24 47 58 43 23 13 16 84 69 93 56 77 40 41 78 95 59 30 29 50 66 43 45 82 40 37 70 
40 69 86 29 44 84 39 86 7 51 1 90 72 46 97 48 85 37 78 31 47 7 60 97 72 54 41 6 93 29 75 32 49 12 12 92 47 50 78 53 53 30 94 24 27 90 23 12 79 100 94 25 58 5 73 82 58 65 87 2 46 13 85 
94 76 97 38 22 98 15 75 50 96 20 73 23 10 96 86 88 47 79 64 5 84 89 86 93 5 24 47 50 88 31 96 63 27 33 84 25 99 10 74 94 30 99 16 91 46 53 30 92 32 93 96 67 33 33 11 38 8 57 39 95 88 
34 57 66 18 93 42 68 2 68 14 83 66 81 73 11 34 2 2 17 47 50 83 79 34 45 68 42 2 7 36 41 92 45 6 62 37 100 81 38 67 94 21 32 75 45 94 8 47 47 24 93 96 58 23 30 2 43 23 55 1 58 
95 92 2 53 5 38 52 86 28 70 79 100 53 5 44 46 12 42 92 87 34 40 44 9 21 98 3 43 52 3 100 99 46 54 3 51 43 6 88 22 75 18 21 27 23 17 72 86 58 15 73 92 6 68 52 26 65 54 68 69 
56 20 67 1 25 69 3 67 74 42 41 100 60 61 26 82 77 49 67 35 15 91 78 21 59 81 98 23 86 18 91 41 89 9 93 13 77 48 31 2 89 71 1 100 84 78 81 60 78 100 46 93 90 75 65 100 55 62 23 
40 79 65 32 67 74 77 31 2 76 62 56 64 84 56 16 67 86 96 79 63 47 24 55 89 51 19 88 5 33 62 97 11 79 28 30 52 56 60 5 31 73 60 47 57 68 62 23 5 9 53 67 8 29 74 96 79 44 
35 83 76 49 31 39 27 11 68 30 66 27 86 49 52 98 95 8 65 8 82 69 16 35 87 23 15 60 70 93 4 57 27 79 57 58 17 35 68 36 16 85 15 1 33 66 98 27 25 14 34 6 82 2 92 69 76 
6 80 98 98 83 54 77 14 62 34 82 96 53 18 11 37 32 11 70 49 61 48 73 74 34 78 8 35 22 28 62 27 7 59 77 90 64 5 55 25 38 36 72 42 53 82 78 36 45 99 84 5 47 56 78 80 
86 37 66 59 64 79 85 71 38 13 12 53 69 66 30 6 1 1 99 6 83 77 93 27 75 29 83 73 36 12 4 21 49 21 79 12 100 16 34 89 80 45 41 49 10 22 6 63 23 5 20 57 33 64 35 
59 92 17 32 28 80 87 100 28 8 31 92 7 98 77 47 29 22 87 29 83 9 87 97 83 43 16 39 75 32 73 33 23 41 16 2 20 3 54 100 62 84 91 68 33 67 14 61 40 52 42 75 12 28 
71 46 70 39 84 96 70 8 80 44 48 96 46 20 50 99 19 11 34 61 30 66 79 95 78 19 98 71 93 10 98 15 55 19 53 91 14 22 50 46 18 50 93 63 69 94 61 87 4 46 99 85 11 
77 79 40 95 76 11 39 37 60 54 44 79 6 86 44 80 35 89 97 84 33 11 52 26 23 90 29 68 88 65 78 65 95 17 11 23 79 50 59 39 55 54 17 60 39 12 91 26 53 39 9 85 
49 61 11 71 2 91 38 90 56 67 6 2 36 16 24 14 17 35 52 71 88 20 83 79 84 73 4 36 64 12 20 12 24 30 35 78 73 24 67 80 43 24 81 78 39 5 43 8 91 47 78 
30 66 60 8 1 85 63 36 48 27 56 11 2 37 45 79 61 21 97 40 63 20 73 92 11 77 34 18 19 80 95 48 98 55 8 98 91 70 86 38 96 93 48 98 29 45 28 42 17 25 
81 79 44 53 22 54 81 55 71 51 87 18 99 36 24 6 33 14 27 70 51 23 62 50 72 43 46 99 84 62 23 16 92 19 21 13 72 1 20 95 52 6 12 2 93 35 7 25 100 
33 95 2 7 8 51 30 50 49 29 33 62 3 49 54 21 69 18 45 21 89 39 24 46 2 25 38 88 83 15 87 68 61 88 26 68 90 56 18 38 36 50 100 38 50 5 59 70 
74 3 91 15 93 66 60 94 43 98 81 25 12 19 44 24 6 22 91 47 29 8 37 64 10 36 1 59 92 11 81 17 65 71 31 57 36 91 2 78 40 34 55 3 52 50 26 
9 71 16 56 99 76 92 14 37 79 67 47 22 77 27 38 94 97 69 2 85 11 4 62 50 89 68 52 41 18 77 1 40 44 8 91 19 51 4 55 81 70 2 2 99 28 
92 44 77 12 45 61 22 48 74 23 37 94 74 29 63 2 81 2 97 89 44 68 39 100 74 20 21 27 73 71 7 64 14 83 75 59 95 48 58 20 70 46 13 95 74 
75 48 55 29 45 95 24 64 33 23 37 4 96 64 77 66 70 40 80 4 67 38 98 14 95 17 36 41 82 30 66 8 30 72 36 74 66 12 37 51 34 25 54 81 
88 82 47 57 74 26 60 40 63 9 5 9 26 40 1 59 22 67 66 51 90 54 76 56 65 64 6 50 88 11 31 28 93 77 36 66 2 96 57 16 56 61 24 
33 53 25 91 26 43 57 76 32 10 3 87 74 66 44 23 5 55 5 32 47 81 68 64 82 15 20 49 70 80 73 3 84 49 45 9 91 1 36 22 62 38 
9 87 55 4 10 12 58 66 95 56 47 14 19 80 28 90 29 50 22 53 4 5 1 48 66 91 1 1 12 62 39 72 49 45 76 10 56 33 27 51 41 
73 64 11 5 44 1 33 45 22 37 48 78 37 47 43 27 99 44 90 13 34 62 13 78 89 74 86 73 100 88 13 73 3 24 77 98 76 61 42 49 
49 41 26 85 88 69 63 38 64 52 50 97 65 62 26 53 35 63 26 35 50 90 59 53 65 87 50 40 99 44 88 47 84 66 31 23 86 45 61 
49 48 62 45 65 24 22 17 10 85 94 96 34 36 54 38 100 40 40 92 38 83 31 36 66 96 66 41 81 62 1 81 10 62 77 74 37 99 
42 47 83 88 42 68 23 48 58 74 39 97 65 77 31 48 12 48 43 30 88 76 43 88 56 52 2 33 77 38 83 19 36 65 6 30 84 
28 77 41 53 15 89 18 43 19 65 7 67 59 88 6 86 30 46 94 82 47 26 58 36 60 28 24 24 33 53 59 12 29 52 65 95 
40 34 38 11 50 96 29 60 83 34 46 12 79 39 45 77 16 55 65 75 82 88 50 67 40 8 30 20 11 94 14 51 79 3 13 
28 98 41 40 32 26 85 96 57 75 40 85 90 94 49 16 28 36 65 94 27 24 75 46 87 69 12 37 99 66 1 79 16 41 
18 47 18 54 42 74 28 34 59 69 79 59 84 6 47 100 51 73 75 26 71 61 46 34 49 96 99 49 74 14 41 43 61 
59 96 54 84 75 87 94 43 66 53 78 71 99 29 74 23 4 99 93 16 96 78 65 91 77 65 17 42 58 59 2 16 
55 8 51 81 94 45 24 59 49 53 82 99 82 7 73 37 5 66 4 52 95 68 42 71 85 58 13 42 69 66 9 
23 25 59 3 19 55 78 29 55 31 10 5 64 68 78 52 24 95 55 75 89 23 69 60 59 78 24 52 46 41 
60 20 66 70 23 36 77 52 64 31 34 26 36 97 93 13 48 17 7 55 43 95 77 11 6 87 89 81 38 
34 74 97 54 91 18 28 26 94 31 89 77 65 66 12 13 59 76 13 27 34 67 69 80 95 80 38 81 
20 70 70 53 43 18 58 33 35 85 10 81 68 99 57 32 64 20 96 74 95 8 52 80 26 21 59 
20 52 48 52 71 18 73 23 12 90 33 45 77 69 54 57 36 4 13 19 20 32 15 45 78 22 
97 57 100 17 67 19 68 15 23 90 32 95 64 43 37 96 39 13 65 45 69 52 48 81 71 
19 64 85 64 41 58 12 97 57 28 63 28 47 29 2 36 12 96 99 55 84 47 45 96 
63 89 64 14 89 44 84 59 7 20 74 99 78 85 47 86 64 10 13 62 90 14 97 
2 62 48 8 45 46 52 93 8 93 56 21 81 52 5 39 10 24 13 9 53 49 
55 39 13 16 3 74 58 69 23 59 82 22 66 78 67 69 70 74 61 26 94 
41 29 50 32 90 26 96 98 78 44 5 68 56 72 71 82 29 91 56 39 
72 77 4 49 43 25 19 68 85 96 13 78 76 63 9 65 40 56 15 
69 99 19 37 7 42 59 40 71 1 95 61 72 71 17 20 65 41 
90 32 25 37 44 2 64 58 62 29 97 17 43 18 16 13 6 
74 54 16 13 76 16 7 37 87 29 53 58 93 45 100 24 
69 88 19 23 52 77 84 80 25 1 74 94 68 86 99 
93 91 66 5 19 81 63 55 67 43 59 77 35 3 
28 10 23 15 80 45 66 8 81 97 33 81 70 
78 100 7 29 92 98 94 48 16 75 62 22 
93 4 32 69 90 86 96 99 8 63 78 
5 28 86 85 77 70 17 46 99 68 
53 27 11 2 21 10 17 95 71 
90 39 26 21 8 15 6 55 
65 13 69 94 69 97 31 
53 25 52 21 70 51 
88 74 77 98 75 
49 7 43 95 
29 32 34 
54 52 
93 
