32 4
23 62 4 7 64 44 68 82 58 81 68 68 14 7 82 99 83 15 74 7 6 80 57 100 6 23 100 85 92 14 12 
66 76 15 73 39 59 92 20 68 73 39 35 38 97 16 89 79 82 14 38 40 94 94 39 51 16 90 35 60 3 
99 25 30 13 49 68 71 41 39 38 65 29 24 54 26 91 42 56 25 56 93 64 1 87 54 3 54 95 38 
13 49 36 90 79 100 38 46 71 30 85 60 46 13 36 100 38 78 41 94 2 48 38 17 48 24 70 51 
78 16 40 42 65 27 31 43 26 69 40 48 50 24 60 96 89 95 95 78 72 87 23 26 35 61 42 
34 84 64 84 13 79 75 55 43 1 85 85 79 5 25 26 7 100 85 2 40 31 48 18 55 34 
92 80 20 52 73 54 88 36 89 52 15 64 6 57 64 43 94 94 99 70 20 5 21 56 58 
61 87 5 30 93 39 21 24 58 25 96 11 12 32 52 63 98 15 21 54 30 63 99 24 
13 20 95 18 41 50 75 53 88 80 82 80 70 54 3 79 78 51 42 41 82 93 4 
31 7 76 84 88 90 35 11 2 54 5 19 94 7 46 46 94 77 79 26 98 33 
80 76 10 30 17 51 63 61 6 93 19 81 29 7 70 63 69 71 16 26 42 
62 32 39 7 25 67 86 50 64 18 82 91 79 11 60 29 74 20 34 18 
39 66 46 97 35 8 65 58 76 42 51 37 73 41 43 50 7 80 51 
22 49 32 12 28 43 71 56 68 43 42 85 33 7 83 81 94 90 
97 3 17 39 5 53 11 97 48 60 55 27 63 76 28 94 39 
55 36 62 62 55 4 55 92 88 14 74 68 59 15 64 13 
32 54 17 84 65 13 83 76 67 62 38 94 89 84 32 
95 71 93 56 26 48 63 17 35 76 42 54 34 56 
70 46 87 23 14 23 39 78 5 15 96 66 4 
89 6 87 72 100 58 65 56 35 64 18 3 
51 45 44 4 78 99 73 75 38 48 88 
12 86 17 68 52 12 86 56 100 91 
94 71 91 3 87 98 37 51 67 
91 1 11 34 56 40 85 81 
14 22 28 53 85 13 69 
52 65 32 37 72 31 
28 65 53 18 20 
92 67 8 42 
33 99 94 
43 32 
1 
