200 4
31 23 41 83 9 60 57 95 34 6 33 67 63 78 37 40 96 1 78 53 93 51 62 45 24 21 47 100 66 3 1 48 77 93 82 37 53 38 31 86 96 16 4 58 45 40 49 40 40 79 44 85 29 57 29 52 29 27 3 94 82 55 93 10 48 74 47 52 64 29 37 11 96 93 68 41 84 68 32 24 46 76 60 74 32 40 77 61 66 79 6 47 34 99 57 33 24 55 84 87 35 72 97 31 64 16 23 48 36 54 23 81 29 82 7 13 21 83 73 86 14 78 85 99 28 93 31 52 47 14 90 81 37 39 63 1 6 85 48 41 39 22 74 19 3 80 31 23 14 55 60 27 85 44 77 12 36 59 15 34 24 57 67 61 95 29 61 52 66 60 45 56 81 18 26 35 97 57 57 62 63 68 89 47 64 17 59 51 76 25 85 99 81 3 11 27 83 71 31 
48 82 75 55 14 92 81 48 40 89 56 1 51 24 41 98 39 58 8 89 85 84 25 35 65 27 46 43 10 68 25 9 50 99 64 63 42 96 11 33 84 18 34 34 41 26 83 79 35 90 20 71 74 44 6 90 71 3 84 32 70 9 40 71 7 55 34 1 50 96 33 85 13 18 19 6 44 1 36 30 43 55 1 16 99 6 57 21 8 40 52 29 48 43 100 7 50 85 59 51 80 91 36 44 61 6 1 4 58 37 85 100 91 85 67 41 42 23 13 1 63 64 30 62 59 29 20 8 13 78 58 44 21 45 39 81 50 40 36 8 76 20 7 18 57 26 11 98 48 23 99 62 39 80 76 97 8 95 56 72 25 13 67 97 58 5 29 59 44 64 66 71 35 25 41 43 50 3 41 49 25 91 11 15 70 86 11 29 32 66 100 8 31 18 56 40 22 84 
98 18 99 16 40 86 40 32 28 41 34 68 89 11 10 99 25 79 36 88 7 20 5 58 27 87 27 83 26 1 18 76 18 17 91 9 2 30 93 29 70 78 49 58 88 58 9 65 89 96 4 47 15 8 57 94 47 83 28 72 83 45 99 52 61 89 13 14 70 5 95 91 82 43 1 22 52 9 38 40 4 41 87 71 100 43 64 46 77 91 70 60 35 68 63 48 57 75 13 78 79 7 69 61 49 69 34 53 29 71 92 32 63 30 54 62 24 17 60 1 59 29 12 46 96 74 93 4 49 5 82 79 64 2 91 64 70 24 16 98 46 60 81 8 89 35 70 65 3 29 17 62 9 28 7 56 53 51 60 1 7 93 32 70 94 22 34 15 46 1 64 91 60 44 99 1 30 20 17 33 100 33 94 8 12 52 63 64 2 74 17 8 18 48 30 63 69 
15 77 66 15 40 9 27 36 59 79 65 78 95 49 29 79 42 36 90 45 50 53 46 76 69 6 93 16 87 56 37 1 84 2 67 76 10 93 11 68 23 75 97 17 24 25 95 17 12 84 62 14 89 59 89 57 16 33 25 2 88 61 54 24 62 21 99 24 65 9 91 88 35 40 4 10 64 51 27 28 86 40 41 74 50 29 83 18 61 7 19 1 67 25 24 80 45 74 3 9 82 46 96 16 85 52 26 48 54 4 27 91 95 67 17 96 47 99 13 60 57 84 12 75 8 87 54 52 60 57 12 41 54 60 8 38 63 85 85 68 40 12 58 34 30 74 30 77 24 42 88 80 77 99 54 84 85 60 87 44 68 99 36 21 10 43 58 24 80 94 91 19 57 100 53 87 74 34 15 49 27 54 81 4 52 86 87 36 45 74 31 64 24 18 84 85 
12 93 8 91 87 50 10 95 49 14 33 22 47 99 23 25 52 3 28 3 88 67 90 85 92 72 48 15 89 84 51 1 76 10 91 14 59 52 9 7 65 93 81 63 92 3 40 43 57 67 46 44 33 87 80 24 59 28 90 47 63 92 99 38 1 90 4 59 93 64 66 10 56 46 24 47 100 63 90 56 30 87 99 14 73 31 38 83 10 79 30 72 71 80 61 23 21 64 82 14 27 99 23 35 44 46 81 43 9 22 50 90 8 100 3 33 30 92 15 39 23 96 62 93 76 23 67 96 38 48 9 17 46 83 51 41 29 83 35 89 5 84 78 12 84 80 44 65 72 59 4 46 6 17 38 81 39 4 29 29 4 37 45 1 20 47 42 100 29 28 88 33 12 65 97 47 96 92 11 67 2 66 12 8 83 1 40 73 57 68 53 12 5 97 12 
76 95 5 75 24 33 14 8 96 78 4 94 73 48 56 92 49 22 55 56 56 8 96 80 16 63 33 27 19 81 90 46 76 95 20 51 79 85 58 74 62 14 67 87 61 22 78 61 95 84 17 2 91 64 34 58 78 66 36 97 98 26 42 73 72 14 75 50 50 85 23 12 98 41 50 10 14 79 70 61 62 38 62 5 53 95 62 31 12 98 79 10 75 72 34 46 37 61 95 87 45 69 50 94 61 99 3 74 77 24 34 90 14 48 94 66 94 8 48 58 57 26 19 83 50 52 28 38 64 74 24 8 42 25 1 54 23 55 79 51 31 65 41 44 12 34 9 57 93 9 14 1 86 32 83 35 36 10 25 99 83 48 59 76 25 11 81 47 66 60 98 96 24 90 91 35 75 99 43 68 59 57 68 45 88 3 31 23 12 55 74 47 3 32 
74 27 42 55 25 59 14 74 6 37 63 96 23 38 47 65 57 5 73 24 49 61 78 80 35 90 34 60 88 88 91 13 66 85 67 91 95 32 16 1 20 79 96 94 16 42 59 72 47 31 47 47 43 25 26 30 66 12 89 5 99 32 17 17 16 36 7 10 19 74 62 39 52 58 32 19 99 42 42 97 25 89 96 19 65 21 48 82 84 37 38 35 68 54 51 35 41 9 96 60 82 10 50 86 67 81 4 17 75 46 66 99 86 61 17 2 33 65 35 17 53 72 3 72 77 53 58 18 13 5 29 94 14 78 79 32 10 83 49 84 80 14 82 65 26 51 18 58 67 52 74 71 23 76 42 99 80 51 68 92 55 96 38 21 73 16 52 83 50 52 18 81 65 52 45 90 2 14 100 20 65 25 90 39 53 31 90 32 81 57 24 87 5 
13 59 29 28 11 63 30 62 81 10 79 32 7 20 85 20 19 4 37 44 93 75 96 23 64 79 55 21 54 93 77 66 52 5 46 14 68 75 27 48 84 57 31 90 77 15 62 47 18 98 42 10 72 89 84 88 68 90 60 73 82 36 39 85 40 84 50 7 10 77 6 93 33 36 35 61 2 96 60 19 93 1 28 16 42 63 3 61 52 62 33 86 97 23 22 89 58 72 47 67 100 5 12 32 92 98 45 94 93 4 12 37 56 92 4 97 54 59 9 58 20 42 43 69 16 64 57 74 87 55 92 86 59 55 70 51 52 14 44 96 69 55 84 76 98 88 73 4 98 33 61 17 74 55 37 42 18 93 67 5 100 10 42 58 65 11 8 68 76 51 64 44 58 99 72 7 38 96 10 35 28 70 4 54 24 40 95 94 85 61 50 84 
70 43 41 86 54 49 54 81 51 69 77 60 19 48 67 57 43 76 91 70 98 46 23 73 86 69 18 70 81 19 53 3 62 45 88 15 45 93 95 96 61 71 55 80 70 73 88 12 49 30 34 98 76 56 22 61 77 40 82 57 58 86 59 71 30 99 85 75 91 32 22 4 54 28 35 76 1 22 87 1 51 20 50 78 28 71 38 4 62 71 60 20 56 71 42 38 69 27 64 11 10 85 14 15 64 48 90 16 21 29 16 24 48 17 1 75 88 39 30 49 61 42 20 17 64 62 54 32 40 17 94 1 53 60 67 68 7 9 84 80 37 51 3 84 68 3 11 7 93 92 7 54 33 79 22 96 92 27 79 83 95 25 83 47 84 1 66 42 9 49 21 45 52 23 81 71 78 43 77 70 34 35 75 19 13 96 66 4 22 97 38 
16 21 72 14 4 73 80 97 81 80 18 78 31 92 10 1 69 52 29 91 37 64 65 55 28 13 73 84 86 69 21 54 89 93 67 44 65 98 40 97 30 57 26 60 1 35 13 69 38 93 11 75 8 28 81 36 92 53 71 77 21 91 30 9 35 49 4 51 98 44 100 27 52 25 39 52 12 51 73 49 95 35 23 3 62 4 90 53 56 12 82 29 2 63 89 89 11 93 39 9 88 38 35 39 15 73 43 26 75 67 74 70 1 49 24 15 4 65 19 11 28 100 39 81 63 28 69 25 72 8 33 59 97 20 49 11 44 43 88 19 9 62 40 62 62 15 28 65 31 98 75 58 50 66 38 64 93 59 88 16 18 73 74 14 92 22 77 87 17 64 5 25 77 96 38 38 10 17 2 92 15 29 49 64 94 39 27 86 97 14 
1 14 38 26 79 81 99 55 68 15 19 72 92 47 68 29 85 29 46 86 21 12 14 21 75 7 59 1 44 55 66 96 20 4 73 99 36 72 53 3 38 23 27 29 70 46 10 6 74 7 91 46 18 57 67 92 15 25 44 11 32 61 6 51 16 79 49 52 2 54 54 39 76 32 20 97 77 29 2 3 35 45 48 4 53 66 47 67 91 90 77 74 2 35 76 18 65 25 69 18 30 74 56 57 6 75 6 34 55 7 36 89 3 36 44 55 1 90 74 43 31 2 68 33 36 44 2 52 20 70 69 49 95 77 5 52 3 10 38 58 69 73 98 71 60 42 78 61 83 51 55 14 52 23 98 40 66 99 91 85 20 12 85 66 40 41 70 42 3 7 99 71 31 49 93 91 90 70 3 24 20 57 37 24 31 86 63 48 36 
5 84 7 68 68 73 7 9 42 1 11 48 99 33 78 99 25 20 40 47 22 64 66 31 52 41 61 38 3 61 25 8 44 32 75 12 4 34 72 97 34 34 44 84 18 73 83 42 93 22 40 66 85 58 96 89 98 9 26 1 69 2 60 64 33 86 27 36 19 98 32 52 83 27 36 100 100 18 94 44 91 33 9 28 42 5 16 40 65 93 40 85 94 51 48 27 36 75 14 55 24 98 6 7 24 93 58 75 62 3 70 53 88 79 32 29 35 47 68 51 39 59 35 32 9 82 10 97 8 24 51 32 73 8 90 96 53 47 23 14 2 44 18 89 74 49 17 60 95 37 10 85 47 44 69 8 78 78 4 85 53 54 68 25 13 57 73 65 56 95 31 57 90 48 45 64 49 13 23 95 49 85 80 96 80 48 55 57 
25 58 94 30 63 61 54 75 18 26 92 25 72 22 81 62 21 25 25 69 37 99 64 38 83 43 85 15 42 39 23 18 96 16 47 10 29 1 36 98 26 27 22 98 100 2 59 21 78 35 89 66 85 4 3 20 98 39 34 39 77 56 57 24 24 55 33 52 55 21 49 33 47 70 30 47 23 40 19 100 26 59 65 62 63 20 81 60 58 66 51 87 74 59 10 97 13 95 100 20 67 100 52 13 21 33 11 43 72 81 42 49 40 58 10 54 77 43 65 35 60 67 21 33 25 82 81 90 28 32 9 94 31 12 59 51 44 21 93 67 2 86 15 41 44 76 46 20 70 10 6 30 77 78 14 53 60 47 42 39 78 2 85 61 13 43 11 56 63 56 74 64 93 40 56 36 16 1 8 85 63 65 66 91 43 80 43 
2 26 37 92 3 38 76 63 3 18 26 58 33 33 84 48 25 23 4 13 38 56 20 75 70 84 40 60 78 19 55 31 96 91 23 51 80 98 65 82 68 90 92 52 74 75 99 99 97 2 11 87 10 82 13 79 17 52 91 95 23 45 25 18 87 99 68 18 49 85 52 68 74 43 19 48 69 17 98 17 71 60 55 80 41 67 10 9 19 100 55 93 96 32 62 34 30 30 52 30 14 3 97 39 97 67 38 65 84 87 33 6 46 88 85 38 54 46 47 24 46 53 68 93 84 30 27 66 11 30 47 24 32 44 14 80 62 4 96 45 90 28 2 36 67 86 73 73 84 71 96 29 76 16 21 59 45 99 76 55 28 23 30 11 18 43 90 79 98 85 76 88 65 77 75 31 15 99 55 98 22 3 78 97 18 98 
7 62 97 83 16 76 57 45 87 26 39 76 4 37 13 31 76 29 60 2 59 74 100 14 23 21 16 100 17 85 49 24 46 97 58 61 73 66 57 59 91 47 86 46 35 98 77 10 26 36 11 37 61 63 2 83 35 69 34 52 53 34 27 98 31 36 10 55 1 18 13 91 64 98 36 99 48 64 60 73 99 23 9 11 37 62 45 71 30 78 74 82 12 52 31 94 87 92 48 87 9 12 29 25 9 17 75 56 80 34 81 31 8 89 41 44 3 86 67 32 15 40 66 78 92 96 71 78 88 18 17 48 29 97 72 90 13 46 97 93 32 77 23 39 18 63 35 20 100 1 51 15 40 16 92 83 64 15 13 3 84 29 50 65 25 22 54 90 19 50 82 50 79 56 41 96 70 27 15 70 27 17 36 18 85 
79 1 48 93 13 50 77 93 99 41 69 72 46 58 43 95 91 92 25 46 84 20 68 10 86 89 88 3 24 6 87 54 58 86 47 22 35 75 14 85 15 82 9 12 92 51 6 82 94 83 80 78 2 99 39 88 87 27 42 62 32 80 15 89 17 61 10 3 35 75 87 1 8 47 12 99 49 70 33 43 52 64 72 5 62 10 44 48 36 37 9 67 16 23 7 32 36 68 34 22 42 73 75 2 71 38 100 20 59 84 62 10 47 33 67 60 42 62 59 30 99 67 96 66 42 55 98 29 22 83 50 16 7 76 17 78 14 68 97 72 4 10 34 2 94 100 62 87 61 20 16 11 39 64 77 80 18 26 8 91 8 9 58 67 85 26 44 98 94 92 21 97 53 54 98 98 5 11 84 66 31 52 28 69 
15 4 100 84 29 59 74 89 67 84 55 3 9 50 52 2 93 73 50 97 26 100 94 31 10 77 48 40 28 75 60 94 31 11 77 59 69 3 47 88 86 53 90 46 2 94 100 46 66 49 42 43 48 35 25 10 64 24 1 43 51 61 37 81 71 65 39 92 67 38 79 4 42 20 2 96 65 1 41 30 49 83 25 49 69 49 58 32 25 10 75 75 70 63 55 93 27 45 84 46 34 14 1 76 85 2 71 50 2 11 31 3 45 55 3 14 56 12 97 80 21 71 54 91 85 8 35 12 4 70 57 38 83 57 13 19 59 83 68 12 45 99 14 42 5 16 55 60 79 3 39 100 26 92 90 10 51 76 21 7 45 29 44 27 86 8 45 96 42 65 59 38 15 25 79 19 92 85 79 71 88 17 70 
13 61 59 22 63 86 43 21 30 71 64 8 8 23 4 55 16 68 14 54 82 38 32 1 29 17 79 99 4 47 68 16 59 78 89 74 63 31 94 92 54 10 99 61 84 3 68 100 22 81 53 4 18 36 56 98 4 86 97 59 84 16 26 43 94 15 68 8 97 61 100 50 22 50 63 6 4 30 5 26 62 9 81 31 96 88 28 100 73 76 10 56 92 36 50 85 50 17 44 46 30 43 48 51 45 62 56 48 43 12 25 4 72 57 34 68 44 13 19 68 89 28 76 80 63 25 16 64 94 59 62 23 54 61 73 98 22 81 97 16 44 74 19 16 82 4 35 78 16 53 45 4 32 20 35 47 97 50 62 90 61 23 64 14 35 36 63 8 68 11 23 12 36 93 79 18 96 13 95 64 17 91 
19 48 63 54 46 59 55 8 100 15 82 63 80 17 50 42 24 70 5 99 81 40 91 11 57 39 23 3 54 91 94 72 38 8 77 36 18 84 43 17 50 24 79 30 40 80 23 16 49 27 66 81 67 8 91 75 98 65 30 51 55 75 75 45 82 3 80 99 86 22 15 36 97 45 17 89 76 39 4 25 18 21 5 36 28 96 10 26 12 91 28 67 65 2 63 46 57 42 96 42 15 10 29 11 6 45 99 82 36 54 58 53 74 62 88 2 9 49 79 21 92 6 39 56 60 1 2 16 42 97 9 8 59 38 18 16 34 69 49 69 22 6 73 96 20 12 49 28 13 27 100 4 84 38 59 43 38 12 58 31 61 67 90 71 56 8 86 41 28 87 62 49 92 34 96 63 98 44 91 10 22 
42 65 6 80 23 48 69 87 58 52 47 76 41 17 83 100 54 23 27 40 84 28 84 70 23 46 67 19 88 28 92 30 92 97 61 66 97 29 52 6 32 50 33 25 66 15 24 72 89 3 63 25 30 46 94 52 44 12 22 83 91 14 12 82 62 24 47 10 5 51 67 36 100 99 60 18 65 36 41 54 38 3 78 67 1 23 70 96 86 44 78 76 57 42 57 70 65 55 32 69 57 98 5 57 49 16 26 13 51 66 18 40 68 95 6 20 69 28 15 54 71 93 29 79 34 37 100 98 92 31 19 48 81 75 56 29 90 33 93 93 98 11 32 18 57 90 37 26 17 52 79 39 96 60 69 29 96 68 78 39 51 48 39 83 22 46 63 12 79 55 56 76 65 87 45 22 76 82 99 44 
85 29 34 80 88 2 60 36 22 89 74 24 89 12 58 10 58 20 73 36 74 28 63 91 67 8 64 94 41 62 38 77 90 23 56 78 77 67 13 50 7 38 73 95 2 30 5 59 49 29 46 74 57 60 64 75 67 27 68 59 40 57 35 30 80 42 59 56 60 23 5 67 60 29 13 61 10 69 71 10 98 68 83 6 28 99 80 46 77 47 5 17 56 91 98 35 33 56 42 92 30 46 10 89 26 23 2 35 91 24 44 40 92 26 45 71 76 24 16 53 23 72 69 78 15 66 64 47 73 5 90 2 2 52 42 27 74 43 13 16 19 56 56 10 33 100 80 61 76 47 13 50 71 33 79 85 50 42 83 22 98 72 75 51 23 16 29 48 11 41 64 29 48 19 38 32 70 69 92 
97 15 56 46 37 88 76 21 37 17 3 10 66 27 84 16 1 100 96 49 10 36 64 38 35 34 27 19 3 95 10 100 61 18 97 50 57 73 70 94 41 25 55 7 51 39 74 3 90 70 51 51 57 66 40 92 99 66 10 2 12 71 53 24 40 49 73 97 21 95 90 62 19 96 20 21 86 45 23 27 14 26 77 71 91 16 14 90 33 75 43 96 97 95 20 37 95 44 33 68 90 74 81 60 69 100 80 55 44 55 81 10 32 10 32 74 77 45 15 10 71 57 5 67 3 76 3 50 72 35 17 61 60 97 21 29 48 52 35 43 58 67 52 89 28 83 63 5 79 77 14 49 86 70 68 88 98 70 89 69 57 5 81 16 53 53 96 100 5 82 43 62 49 46 3 76 81 65 
32 59 93 45 60 78 67 27 18 16 48 6 36 4 63 16 72 15 69 19 67 25 1 61 38 49 6 40 76 86 56 8 45 49 4 56 78 22 82 47 37 29 5 72 85 67 40 8 33 8 26 99 84 26 59 21 26 65 61 54 2 16 13 98 16 68 53 94 90 86 40 78 67 44 50 3 62 41 10 95 48 87 93 83 65 4 3 42 20 63 95 21 31 7 71 46 27 23 91 16 9 83 93 75 26 94 29 40 34 38 34 33 76 78 15 40 33 70 82 52 84 28 25 14 87 95 12 13 69 2 28 77 36 72 3 14 18 31 53 3 20 38 88 96 15 54 35 100 23 68 51 7 96 27 72 82 73 83 94 42 37 73 18 72 96 73 85 13 55 89 68 75 26 55 22 93 60 
8 92 83 76 94 41 23 21 12 56 93 95 49 34 83 73 4 6 68 28 91 33 82 79 52 8 57 6 29 49 65 89 40 99 16 33 39 38 5 51 93 98 97 93 83 31 65 86 36 84 65 26 68 47 57 19 6 65 76 87 13 93 75 4 91 90 36 82 79 93 84 23 90 80 67 24 10 83 62 45 66 26 23 34 24 31 4 30 95 80 16 59 72 90 62 62 31 49 95 61 41 78 83 82 57 49 6 18 31 67 15 48 92 89 33 68 19 37 97 65 16 12 23 87 53 36 100 35 84 95 95 25 24 29 6 33 29 63 50 11 29 16 58 73 4 91 40 74 27 88 38 94 99 12 32 3 47 83 89 83 77 83 7 53 63 64 85 91 79 34 1 7 50 10 31 5 
100 22 79 78 9 68 23 59 32 54 13 78 37 1 60 65 35 18 17 97 34 1 39 12 87 39 70 88 49 53 92 100 26 22 30 35 42 52 45 73 58 58 50 94 58 62 10 45 31 27 41 16 79 80 79 17 70 49 4 70 53 48 70 78 21 51 64 62 2 9 34 59 18 36 4 27 49 14 71 79 92 12 47 22 43 25 39 12 25 94 82 77 41 3 55 62 53 18 23 6 26 9 65 95 44 20 22 92 85 92 22 28 55 68 50 97 93 88 61 69 81 94 46 74 96 100 35 100 69 9 5 47 17 69 41 12 41 62 3 25 6 25 53 60 44 54 9 88 93 69 57 73 14 2 98 9 53 84 8 21 45 12 19 61 33 60 73 25 73 27 49 78 3 53 38 
99 6 98 86 98 18 94 23 31 47 72 91 99 56 98 72 100 61 90 12 45 1 36 69 74 63 70 51 17 74 40 15 32 89 53 29 6 46 3 36 93 75 26 43 82 75 66 81 36 8 92 80 60 28 1 33 42 70 36 58 43 75 25 74 64 77 55 21 22 9 57 66 35 34 61 16 9 78 96 96 85 40 27 45 19 27 29 60 48 64 69 43 91 93 68 6 69 22 26 43 83 34 60 17 68 20 85 28 98 32 23 34 71 1 30 41 80 59 52 27 22 73 21 64 65 89 69 86 62 95 80 44 28 39 13 95 59 97 74 8 80 96 41 3 49 71 43 28 81 95 6 54 67 27 18 83 15 86 20 76 80 99 72 8 90 36 54 100 84 28 7 63 75 99 
65 75 21 8 2 1 54 8 55 72 86 72 6 100 57 26 27 89 76 98 48 17 33 53 16 68 32 22 31 59 73 95 33 93 54 87 46 59 94 100 82 79 23 88 30 31 65 56 19 92 6 18 9 90 71 24 58 2 98 88 60 22 34 93 66 40 79 11 50 24 62 32 54 84 71 83 67 87 90 37 30 95 55 38 37 25 14 94 26 63 33 86 84 18 30 49 9 60 12 59 83 73 42 88 9 64 22 75 50 11 11 79 58 17 69 94 41 82 39 19 96 23 56 79 92 85 79 1 96 90 11 30 15 4 17 23 67 38 49 68 100 11 46 57 28 66 2 20 47 92 38 94 66 93 24 58 29 3 10 24 44 20 53 58 23 21 32 41 58 80 8 10 91 
53 66 70 19 20 89 17 11 79 63 77 71 86 86 52 40 95 27 36 14 32 45 88 52 77 28 62 8 35 71 50 39 88 19 9 7 60 78 70 38 40 98 60 25 83 11 17 29 90 52 42 73 96 81 76 72 60 37 32 94 59 81 84 99 100 93 5 59 70 26 48 61 75 7 85 57 70 53 37 59 4 78 31 52 10 6 75 69 95 6 14 5 87 98 3 38 90 60 96 11 85 43 71 12 1 7 20 70 60 57 80 15 86 62 66 96 20 41 16 14 98 30 70 84 27 73 21 16 32 68 78 68 62 48 79 63 54 99 84 65 7 64 32 92 77 97 39 96 89 55 61 87 84 31 22 10 3 43 77 86 62 54 53 24 53 84 38 58 34 21 23 40 
36 54 83 13 2 22 60 43 76 21 29 59 51 50 68 53 44 96 38 6 49 42 81 53 25 18 10 10 90 84 1 78 89 84 42 43 5 1 85 80 21 13 38 71 14 57 75 10 52 64 15 52 6 47 56 82 64 65 92 5 1 44 82 89 27 23 31 31 76 15 10 96 79 99 19 45 7 45 54 58 9 20 61 66 66 16 47 81 33 90 37 33 34 71 73 60 93 4 43 20 70 52 68 1 3 86 45 9 30 98 19 90 69 31 55 34 99 2 66 31 43 2 15 28 72 87 88 17 42 82 36 64 33 3 64 87 40 60 96 22 57 66 11 77 96 66 10 94 19 27 24 13 80 90 41 52 29 80 20 22 61 7 85 93 62 100 32 53 59 27 74 
67 92 37 43 39 54 4 33 72 30 8 84 62 98 24 65 78 55 84 99 15 42 84 60 3 83 91 8 94 69 81 60 12 17 3 50 70 6 82 93 88 42 29 49 39 4 65 68 59 48 66 73 41 49 32 96 84 22 3 29 90 83 88 1 52 42 3 73 100 84 18 87 25 46 87 15 49 51 34 59 50 100 32 90 100 15 85 35 37 39 63 78 74 51 31 77 92 33 49 91 68 18 29 45 63 67 11 64 69 45 74 18 44 5 60 95 20 96 30 8 35 92 37 60 94 19 36 86 3 36 28 71 54 9 67 68 75 77 31 96 73 5 65 68 61 76 63 32 72 44 91 58 35 28 17 81 46 4 18 49 39 45 71 92 5 37 60 32 65 42 
27 90 98 91 57 59 67 71 42 90 14 33 99 1 12 67 81 9 70 98 9 8 94 79 100 99 67 11 30 84 52 56 73 50 98 29 60 64 52 53 5 65 85 3 65 48 69 45 57 90 94 65 98 88 96 49 86 14 59 67 97 62 74 69 63 71 50 74 87 1 27 91 17 11 46 82 11 66 78 67 56 72 83 53 59 78 53 96 92 63 62 40 76 35 61 39 57 10 12 43 62 38 86 78 1 31 11 11 96 89 29 3 60 11 7 70 41 59 65 32 73 78 71 49 64 31 87 20 92 50 63 5 88 48 35 40 30 45 2 77 33 30 80 44 40 86 65 80 97 81 63 69 58 86 17 73 68 3 93 12 5 55 16 92 54 50 83 35 95 
84 11 79 13 42 75 4 28 39 84 24 72 46 44 81 83 61 54 51 15 46 62 19 52 77 62 57 79 44 43 73 27 5 3 91 47 77 95 26 68 30 1 91 75 44 71 10 4 24 60 71 21 21 89 24 49 51 32 27 46 74 51 25 79 6 15 25 34 61 2 53 90 2 43 65 45 14 26 1 89 85 71 62 57 11 37 57 13 69 84 59 42 86 83 72 43 49 48 77 10 49 29 99 2 72 15 99 37 40 51 77 24 21 38 32 83 27 89 96 95 24 54 88 61 88 60 4 36 59 80 45 60 60 96 61 83 10 59 19 50 9 48 25 81 37 9 64 63 97 11 57 20 16 97 80 3 8 35 90 66 14 87 25 26 82 38 8 91 
48 79 92 57 26 69 89 62 77 4 77 73 14 85 44 81 81 75 83 40 10 25 58 75 11 34 52 92 71 60 34 19 90 78 27 15 46 15 28 74 19 56 98 84 41 93 65 73 67 99 13 28 23 70 55 33 3 6 76 74 17 62 44 6 39 70 72 36 36 100 61 54 7 58 90 47 50 6 20 68 56 84 48 79 53 2 63 7 59 91 32 76 52 75 33 42 96 5 29 32 56 89 85 62 46 26 61 47 83 80 14 39 63 13 69 67 14 83 73 25 25 57 100 76 31 84 69 27 88 97 58 43 85 94 57 82 72 17 28 54 48 94 44 62 6 12 28 72 47 52 96 71 8 47 99 91 30 67 69 70 16 26 64 100 71 20 34 
42 36 61 48 35 6 91 96 64 55 75 87 53 27 34 23 86 80 21 28 61 40 96 30 55 73 94 6 44 65 39 37 53 52 36 87 57 79 83 72 85 57 58 37 35 91 59 73 22 32 100 35 23 96 16 77 20 61 34 15 26 73 52 78 24 39 16 32 17 98 4 1 7 13 89 41 56 100 13 29 31 65 63 5 12 31 33 31 91 66 46 16 38 49 45 61 39 61 93 56 10 48 8 16 60 49 9 15 48 73 44 30 37 58 34 48 88 66 31 79 31 28 46 21 28 43 33 66 55 77 21 64 24 81 32 36 29 92 50 76 64 45 57 1 3 90 100 42 7 82 72 89 9 70 9 36 12 94 54 18 70 26 33 94 6 64 
81 86 55 30 13 71 27 69 23 81 10 74 22 16 56 46 57 16 15 65 4 78 58 57 95 80 82 79 73 40 95 53 25 49 34 90 71 12 10 93 92 20 67 66 87 74 11 43 89 77 60 92 54 17 100 100 96 82 78 20 73 72 24 49 73 10 38 43 21 48 36 65 19 54 30 5 27 40 100 15 16 59 59 21 27 10 72 75 43 49 94 15 73 70 64 97 31 53 39 3 100 26 67 70 31 96 27 57 87 26 24 54 84 34 74 10 43 45 84 86 46 30 100 18 51 15 14 81 68 4 83 19 82 50 89 12 97 15 69 84 40 44 37 23 77 11 84 19 7 68 4 52 49 56 21 99 70 86 31 37 42 13 56 23 14 
44 86 11 10 6 46 49 49 82 23 25 44 6 44 51 25 99 54 25 54 27 23 24 12 53 60 5 18 67 79 83 10 65 45 71 70 90 19 19 72 93 95 15 51 90 17 27 89 71 52 94 97 26 17 60 31 29 65 100 95 43 82 57 59 79 79 29 68 98 99 91 42 93 58 92 83 74 71 23 96 22 16 44 47 85 4 29 13 20 28 59 14 62 67 73 40 46 53 7 95 51 50 88 43 7 32 77 80 2 99 28 75 67 71 21 51 74 2 63 45 29 73 59 90 92 83 29 89 35 88 83 85 37 22 79 95 53 8 74 54 58 53 28 24 24 1 74 97 2 88 94 82 61 52 72 52 34 52 40 20 39 74 4 27 
95 34 21 100 41 47 53 99 99 33 22 22 85 48 71 38 35 64 19 47 67 42 50 52 94 41 71 84 14 26 63 61 59 35 12 52 33 64 2 32 48 75 5 84 22 27 21 9 42 92 55 60 33 5 63 78 45 33 14 11 10 76 23 21 10 34 72 95 49 25 26 97 99 82 32 73 61 53 81 54 44 35 14 28 39 76 6 36 61 19 46 70 46 68 42 7 1 65 1 49 89 78 97 40 12 29 12 72 33 92 25 76 26 90 55 17 66 12 52 78 82 49 99 27 16 41 86 68 57 86 16 46 64 65 85 27 93 48 98 77 39 74 52 16 16 58 84 33 70 87 10 51 35 60 30 2 100 15 69 9 52 37 54 
67 53 90 93 45 89 42 21 27 68 24 94 83 33 30 15 2 16 76 5 51 35 34 4 87 100 73 95 51 61 100 18 13 41 10 9 29 52 81 7 19 56 100 53 88 29 67 90 97 94 46 99 28 31 2 66 30 26 60 80 86 11 49 50 51 11 58 79 14 38 85 84 93 37 36 33 17 54 74 13 47 19 63 26 49 65 92 78 42 3 9 28 14 10 29 64 20 87 43 33 76 79 16 21 67 3 53 84 56 26 48 54 96 11 79 44 27 22 73 68 25 33 47 38 42 76 53 13 14 47 97 41 26 64 61 44 66 65 27 73 42 27 78 37 89 9 80 67 30 4 34 6 37 33 95 30 60 48 95 25 94 91 
65 71 55 78 15 72 42 93 97 84 71 74 20 59 82 52 25 64 55 11 69 43 95 64 25 54 11 19 30 56 9 94 79 15 71 45 39 65 37 35 100 60 60 19 18 94 22 95 57 77 57 25 71 51 88 95 56 50 13 85 58 74 30 36 40 53 80 78 17 68 64 16 27 76 86 97 69 8 43 25 36 99 49 6 1 89 53 8 90 65 92 47 90 73 34 30 25 13 7 41 81 23 8 59 98 94 55 66 53 49 90 40 99 90 97 99 30 49 6 20 66 49 18 55 22 4 84 46 16 43 39 48 65 46 59 62 91 65 79 95 14 20 34 12 9 31 63 91 79 20 62 96 69 31 51 42 34 34 39 50 76 
77 49 92 75 7 5 17 24 83 12 37 2 97 100 63 27 62 5 58 82 66 53 2 96 55 43 30 89 81 31 16 10 79 8 36 38 64 52 61 99 63 49 52 12 48 14 38 10 18 47 91 35 52 44 31 6 86 60 94 18 42 62 79 20 21 14 9 84 66 21 82 80 69 34 91 17 99 81 26 69 27 68 3 78 63 85 36 48 96 81 17 37 42 96 9 62 9 69 98 26 90 31 6 58 16 48 26 67 28 3 87 55 70 41 84 84 26 19 83 73 100 100 10 93 47 70 7 55 38 56 33 27 86 38 37 54 85 62 20 65 65 58 71 86 98 54 70 75 25 52 48 76 3 9 20 49 78 26 56 67 
81 88 94 19 77 82 24 13 95 43 77 59 100 47 97 49 53 18 24 29 21 71 56 24 79 75 24 8 53 31 74 85 70 19 3 46 100 26 11 95 20 39 5 71 38 53 72 42 22 95 70 43 17 77 18 47 51 93 54 3 24 27 88 93 46 42 91 97 20 53 43 91 43 100 62 80 4 85 21 26 79 42 20 95 18 37 41 21 81 46 75 56 72 14 49 69 56 91 66 27 95 60 17 37 59 30 17 15 14 89 40 44 83 59 38 52 47 30 72 27 75 47 83 99 60 83 67 67 25 84 93 19 96 62 55 6 43 23 20 57 64 59 52 46 69 90 97 15 71 21 94 98 67 76 96 78 10 14 97 
86 50 41 4 45 2 10 50 45 33 70 53 96 80 4 93 49 45 41 63 68 61 56 65 79 83 12 57 44 25 53 29 26 45 84 70 47 94 20 43 78 41 47 25 20 2 17 68 99 57 83 66 70 90 82 48 25 93 56 68 69 60 49 95 5 32 16 3 25 87 45 2 27 43 78 99 44 94 18 42 3 100 59 24 42 40 71 66 84 27 85 5 86 33 51 90 65 66 44 41 5 88 95 31 82 72 81 26 18 99 19 20 50 30 43 43 69 65 8 5 91 93 61 29 77 11 70 41 28 14 82 84 53 76 67 35 99 47 12 16 97 30 87 99 59 81 41 80 46 49 36 88 93 96 16 69 58 38 
62 37 51 95 21 3 22 87 89 20 85 100 36 82 82 74 80 40 55 72 71 100 20 6 87 64 53 55 85 62 92 98 99 42 92 71 96 65 9 85 84 93 84 71 26 65 45 5 57 99 77 79 98 48 37 36 64 89 90 100 3 81 97 53 74 88 23 70 52 31 6 87 75 89 58 1 6 54 57 14 52 33 92 1 33 28 88 48 69 78 47 23 10 43 75 36 82 49 57 33 31 62 71 5 2 80 5 7 33 62 72 36 46 64 36 30 43 76 77 63 5 23 85 14 65 59 1 46 7 57 30 37 18 53 94 20 32 98 78 65 11 50 100 9 65 88 90 7 63 67 70 67 41 6 32 58 17 
33 55 23 89 85 12 59 37 5 78 20 54 7 84 17 56 36 77 72 23 66 79 37 32 100 55 25 57 86 82 73 70 36 96 11 72 59 69 60 63 98 80 68 4 63 84 12 50 60 83 72 78 13 60 61 12 14 85 69 52 66 41 21 54 88 31 25 46 99 85 60 96 16 80 52 78 15 63 80 75 97 51 4 10 63 64 73 76 49 93 27 14 86 100 67 73 30 44 71 81 28 82 28 43 61 79 72 76 93 51 2 90 54 5 51 16 20 23 43 68 68 22 34 53 21 52 77 2 95 47 34 74 81 62 68 93 92 92 20 37 94 73 26 47 77 28 14 97 2 9 16 69 30 49 21 2 
1 98 55 95 96 89 69 76 50 88 21 93 79 40 29 73 13 6 71 41 33 85 89 35 45 5 55 26 53 76 27 5 73 81 100 20 21 20 96 70 7 16 15 86 7 43 10 19 1 80 60 85 16 48 71 60 52 26 85 57 1 63 13 25 96 64 44 16 83 91 38 42 58 52 79 65 46 88 35 46 19 94 31 35 94 1 94 97 78 31 5 78 93 18 54 88 81 50 4 16 40 41 9 50 44 87 66 89 26 100 87 44 94 17 30 39 69 24 35 99 54 40 76 98 57 82 86 37 31 41 52 22 81 60 71 24 98 36 64 75 36 50 71 81 18 100 19 39 23 53 37 28 44 64 78 
100 45 63 89 27 3 92 49 35 52 19 10 1 7 73 76 42 23 98 74 40 97 44 30 72 96 66 51 92 30 28 91 26 42 79 53 44 71 1 30 74 19 39 26 77 64 53 18 86 50 43 77 47 86 7 70 34 24 20 25 53 48 67 79 89 46 83 85 68 83 14 93 53 5 70 30 68 23 99 5 24 42 81 70 79 39 39 12 63 11 36 67 58 3 97 98 100 79 82 19 13 48 63 66 52 84 47 71 6 45 75 30 38 7 51 17 98 42 28 60 52 16 78 61 70 75 58 21 5 92 91 18 39 5 83 42 88 81 12 46 25 38 75 63 44 77 31 41 18 10 52 21 25 82 
81 46 8 91 18 12 82 60 29 72 64 63 13 52 43 76 97 20 13 23 34 8 99 64 1 69 73 4 89 50 85 22 47 92 64 17 56 45 76 36 68 40 99 80 43 93 7 91 64 71 13 97 30 63 12 30 83 37 86 24 38 70 97 84 14 60 100 69 4 28 56 23 67 54 54 61 99 60 51 62 82 15 11 11 29 22 41 12 58 78 35 95 47 83 31 12 42 82 32 97 9 88 19 27 93 72 87 91 83 89 5 64 3 15 74 32 36 66 95 46 43 81 92 42 63 74 5 4 56 37 100 16 76 18 95 68 41 81 11 23 22 67 86 24 81 11 7 68 77 1 65 19 81 
57 12 43 30 17 98 37 53 97 53 80 66 99 99 6 31 9 80 52 27 65 28 59 76 34 27 4 87 91 22 67 99 86 62 29 2 59 65 6 8 69 85 73 67 83 31 50 44 62 1 70 79 28 29 54 14 7 9 100 49 82 66 48 67 79 76 68 90 92 73 97 13 57 21 31 92 3 80 35 65 81 4 43 60 84 48 73 90 56 72 39 37 90 86 4 20 13 23 9 56 96 57 68 4 78 99 95 80 30 29 96 62 85 38 22 20 37 46 10 92 18 100 81 59 37 36 78 1 58 39 56 53 95 76 9 72 26 3 4 55 84 51 17 20 89 90 39 77 35 100 21 4 
99 1 14 87 36 92 87 93 30 95 98 76 70 6 48 47 60 3 53 43 53 69 62 93 10 53 70 97 52 90 100 51 42 14 89 29 57 28 73 38 22 70 13 43 27 12 89 39 66 41 81 19 62 95 11 23 47 32 19 98 73 71 100 66 36 89 94 92 16 67 81 89 88 45 31 15 57 71 53 22 63 85 92 24 31 55 47 29 38 17 27 63 87 78 28 74 18 22 65 85 40 97 73 27 42 55 93 50 77 97 23 40 82 67 63 64 21 61 93 58 30 71 20 68 48 100 42 18 21 58 2 60 55 27 38 48 81 31 49 58 27 71 97 60 37 11 24 9 24 16 19 
5 86 90 72 85 89 13 2 9 23 4 20 77 30 10 76 62 40 24 71 18 46 19 78 35 30 1 95 5 68 13 9 5 3 80 89 91 45 91 52 67 46 23 95 75 32 70 88 23 45 59 41 42 77 70 76 58 22 71 14 89 35 22 45 37 54 33 80 50 23 31 68 68 5 62 94 89 83 34 11 79 92 3 20 20 24 48 30 45 70 43 85 4 17 29 93 22 14 72 71 88 54 90 8 58 51 1 46 85 86 9 63 77 63 34 49 87 81 78 83 50 72 68 6 88 48 98 61 61 69 83 49 74 72 56 31 22 8 29 58 94 89 20 22 3 6 22 89 86 51 
24 88 23 43 93 62 90 42 23 3 62 5 3 35 77 10 17 50 69 45 8 14 85 79 36 88 84 9 28 22 60 51 61 82 93 53 43 35 46 17 37 7 22 91 41 98 100 57 99 68 54 58 34 38 89 21 25 24 29 53 45 88 55 5 21 48 9 64 82 6 80 18 12 53 60 52 2 59 61 1 78 14 58 11 3 98 83 80 22 12 84 66 99 38 23 20 85 83 35 66 89 66 35 100 19 94 4 20 4 16 72 34 81 82 96 83 79 79 62 100 90 97 18 40 35 92 11 71 74 97 37 14 63 23 14 81 69 69 52 24 84 24 9 16 5 5 98 35 35 
12 35 76 8 4 67 94 95 78 65 68 26 53 82 88 27 47 20 95 67 24 71 2 47 79 17 3 35 66 89 21 77 23 96 37 26 63 30 20 92 46 40 17 98 73 57 25 19 28 71 37 51 93 38 49 24 6 3 58 71 92 79 48 66 26 36 92 40 65 63 83 11 54 52 60 26 8 36 96 35 59 32 38 51 21 86 74 26 89 84 97 80 14 96 45 91 31 88 31 47 3 65 9 56 16 69 34 75 56 29 10 14 13 99 17 85 84 42 11 72 77 59 3 90 54 48 33 36 35 63 82 89 27 91 45 95 11 78 69 66 58 30 32 70 28 100 55 12 
93 17 35 70 27 38 11 80 85 43 67 71 57 48 60 84 90 56 30 100 33 98 18 42 28 49 12 7 100 18 18 92 86 53 61 12 90 24 43 26 66 9 48 23 56 7 58 46 62 87 97 46 36 14 88 63 14 51 22 13 20 39 57 5 43 17 16 84 40 10 9 58 18 57 80 25 15 89 70 29 27 67 26 62 32 65 77 46 15 98 10 86 36 66 90 31 35 57 14 26 66 75 83 35 83 14 60 49 54 29 77 80 47 55 42 79 19 18 76 34 15 85 71 2 3 61 84 89 69 98 14 87 24 49 21 6 14 80 54 68 61 83 47 7 37 88 37 
55 57 64 40 23 1 11 77 3 23 60 91 43 9 56 29 32 4 50 89 18 29 95 37 89 29 83 48 65 23 36 71 79 100 63 2 100 25 78 54 99 89 96 41 98 3 70 81 59 19 70 28 99 16 64 40 44 46 39 60 20 74 82 99 25 44 52 76 20 81 81 18 69 28 59 18 31 80 99 89 50 20 16 48 35 31 39 30 28 29 41 48 55 22 98 79 18 49 7 37 81 39 7 1 67 65 19 97 96 69 37 45 88 4 44 74 34 35 55 13 63 95 60 17 16 57 48 33 57 54 22 89 92 28 90 10 44 60 58 39 28 94 35 67 49 78 
92 34 12 46 47 75 40 58 43 7 67 90 92 23 95 13 12 39 92 53 48 87 12 6 77 39 51 11 57 52 88 48 85 52 93 83 78 84 41 20 90 7 62 33 81 56 97 44 46 88 96 46 26 7 3 2 97 53 64 53 56 4 100 41 55 44 23 84 79 15 3 69 73 16 53 54 72 50 97 69 89 45 14 15 51 16 68 100 21 32 52 76 87 4 68 93 47 43 76 26 57 78 46 30 94 50 35 17 99 83 37 88 27 51 54 30 18 73 29 90 56 80 66 42 35 85 34 34 27 9 11 84 39 56 65 84 5 51 52 56 33 88 95 12 90 
100 41 8 72 21 97 80 52 14 21 87 99 7 20 25 67 30 60 57 37 76 40 93 78 43 48 63 31 94 74 20 93 66 79 65 86 28 44 89 93 16 75 91 74 94 68 93 75 79 49 11 7 41 56 84 83 3 46 13 97 71 85 89 36 15 5 73 42 100 62 35 68 88 77 93 34 44 85 8 75 86 71 81 26 26 64 60 80 10 25 76 32 9 17 68 23 73 92 17 25 5 51 92 45 79 36 78 23 21 37 49 6 7 29 83 84 92 42 64 53 66 91 85 26 59 4 1 32 47 17 8 4 19 51 48 97 86 77 71 6 13 19 63 72 
47 97 55 91 39 70 43 56 61 79 82 71 82 82 54 81 50 61 84 68 11 31 64 97 59 87 54 71 5 69 42 52 65 49 42 55 18 36 11 30 15 44 1 48 25 54 80 74 15 63 93 77 45 8 73 3 94 79 26 99 99 67 2 15 15 95 70 85 30 32 14 96 75 14 96 51 68 75 76 34 90 68 10 86 75 35 89 69 65 14 67 63 32 68 77 99 62 98 83 43 29 48 91 3 62 86 5 81 12 80 66 1 47 75 39 22 61 27 42 25 92 8 39 75 27 16 73 40 13 7 34 94 7 24 48 68 61 53 100 73 32 17 25 
31 91 63 52 4 41 45 28 32 52 19 59 30 34 83 21 98 90 54 91 96 78 91 15 38 43 66 10 26 82 87 56 24 49 59 27 90 3 7 73 54 25 83 35 10 66 55 7 7 9 50 2 38 40 68 75 34 85 37 59 66 23 15 89 23 73 68 64 76 26 89 81 50 71 16 11 36 22 69 42 30 18 95 19 9 14 94 94 98 30 53 63 4 19 4 26 91 23 42 18 48 30 99 49 52 66 11 88 87 79 81 69 49 28 87 9 41 32 3 39 13 55 53 16 73 8 94 15 82 35 33 81 16 83 81 67 48 91 6 86 70 87 
6 18 14 45 26 54 76 80 44 89 34 49 56 58 56 49 73 38 35 5 18 2 87 51 69 86 41 74 71 10 12 29 79 25 73 57 31 48 36 26 88 22 74 44 79 30 44 3 19 79 59 88 32 97 38 100 82 79 26 5 40 37 33 71 14 5 79 96 4 66 21 92 39 95 35 70 76 78 72 94 8 31 33 40 79 23 91 61 53 16 17 44 5 49 14 18 5 44 13 8 62 85 99 100 79 33 69 54 63 93 99 22 75 84 61 53 6 52 65 58 19 81 1 23 81 67 92 37 62 56 45 23 41 95 75 71 80 43 25 42 87 
75 63 61 10 76 66 67 79 30 76 97 63 29 72 95 95 15 32 8 71 28 31 63 22 5 33 53 99 9 94 86 84 9 98 45 36 63 12 14 45 87 62 59 15 85 53 61 100 36 69 22 15 99 84 37 55 16 89 53 25 35 90 60 95 40 4 82 2 67 95 98 54 8 8 20 45 13 81 44 48 49 17 63 99 100 51 5 15 91 9 91 77 99 50 23 38 6 4 91 72 50 41 77 10 48 97 54 60 77 49 60 77 65 74 27 64 24 31 30 66 39 73 95 37 22 17 26 79 73 69 51 22 9 27 31 56 23 36 68 51 
84 27 79 48 100 5 63 75 35 45 92 74 17 86 62 90 55 40 69 27 8 71 48 68 97 31 75 72 18 42 74 2 20 53 1 19 57 16 45 44 60 37 17 28 22 30 17 76 69 85 2 28 55 2 47 4 84 22 27 53 15 100 54 35 4 7 5 13 22 50 56 33 86 72 12 59 53 28 87 74 65 40 1 71 93 48 26 76 21 52 81 35 4 34 69 59 92 74 71 65 75 26 49 12 49 60 70 2 88 56 75 4 96 27 74 88 26 100 16 46 3 96 81 58 81 49 17 25 74 87 89 48 13 38 59 61 97 81 62 
36 88 88 39 83 15 65 23 40 64 90 86 18 37 66 76 17 66 92 41 92 78 82 91 90 19 2 3 67 34 64 55 21 52 93 56 18 57 30 57 72 19 94 90 55 11 17 23 29 8 16 20 85 97 62 27 67 63 29 85 96 44 39 69 47 84 24 64 40 53 73 64 71 66 5 77 29 21 51 57 28 66 76 64 14 89 42 80 52 22 17 99 66 55 67 64 38 42 80 30 94 52 93 16 69 97 44 49 69 95 5 48 60 32 11 74 21 53 5 24 26 21 74 91 28 93 7 65 34 86 94 80 89 38 95 9 86 39 
58 54 33 62 53 44 94 64 69 14 68 74 89 93 46 62 36 73 54 42 38 88 27 83 67 67 73 13 75 58 3 32 64 87 46 16 31 39 31 99 4 50 24 92 43 70 53 30 42 59 71 31 46 49 14 64 15 86 28 41 95 31 73 10 17 18 78 99 8 8 50 63 58 73 6 52 94 10 81 36 68 3 66 65 51 31 28 17 68 56 57 15 38 81 24 6 50 1 57 9 61 6 71 70 30 76 73 24 86 5 11 53 7 28 18 9 11 97 77 78 4 33 44 93 14 68 99 15 20 55 24 32 12 94 53 93 22 
25 16 7 29 78 11 87 58 80 47 68 29 23 97 32 56 93 25 21 60 75 35 31 81 58 15 92 4 67 84 25 44 52 83 24 81 45 11 38 77 57 57 5 80 6 88 87 98 12 7 9 38 41 91 18 51 5 9 54 24 45 30 67 48 64 90 28 8 52 66 84 9 74 88 40 79 76 26 28 39 32 36 29 24 27 46 26 83 7 31 6 51 60 24 50 23 14 77 83 65 94 66 25 68 6 64 98 33 89 78 71 72 65 99 48 43 97 25 26 3 56 83 5 67 7 54 42 72 30 24 88 76 41 13 95 46 
28 92 78 69 21 1 92 86 51 39 28 47 16 5 1 71 88 57 89 94 10 30 17 92 5 4 19 46 16 13 43 96 56 21 64 77 73 55 62 23 46 41 22 61 46 74 31 33 31 71 78 92 1 94 35 5 49 53 2 17 65 45 12 21 17 75 49 89 29 10 63 74 50 36 34 95 10 16 79 40 87 56 31 39 1 18 95 50 70 49 66 35 93 77 7 9 51 55 49 31 16 11 5 65 99 90 12 8 58 90 99 44 98 29 34 98 98 80 47 68 28 64 54 20 40 12 80 42 66 28 73 33 91 29 97 
89 18 60 48 75 2 46 70 99 26 55 96 24 35 95 91 62 58 96 34 98 7 13 91 24 93 63 56 35 91 4 75 9 64 22 35 65 67 57 15 92 11 62 15 45 56 57 59 66 52 92 15 58 56 5 81 100 68 36 86 58 40 60 18 55 81 5 71 47 61 85 39 71 46 5 68 54 62 26 19 13 69 33 71 76 37 3 28 4 39 13 14 30 73 83 84 53 87 54 52 99 90 42 70 35 46 89 88 59 14 6 72 34 90 94 9 27 96 88 82 86 1 47 15 25 82 50 77 20 55 80 19 44 21 
40 31 19 28 18 77 41 76 100 26 65 45 34 43 41 74 77 78 74 23 45 98 4 94 26 76 1 58 94 44 30 33 74 48 60 44 77 52 19 28 77 35 73 62 30 65 35 6 42 60 80 38 57 36 84 35 11 84 92 4 27 21 88 53 69 47 96 97 50 66 24 26 52 48 39 81 12 74 38 6 33 18 43 42 5 78 76 15 61 67 70 40 87 57 92 7 55 39 55 4 56 31 29 7 78 67 40 42 92 29 47 77 46 41 18 2 19 45 16 31 63 85 70 49 93 61 8 47 51 14 50 6 44 
30 65 74 49 4 15 40 32 13 68 30 5 37 83 23 81 99 54 43 35 75 44 28 88 3 74 38 16 24 96 12 5 60 85 53 15 51 45 98 63 12 79 67 49 62 42 29 60 47 24 46 21 67 73 8 69 99 46 36 74 41 47 78 100 31 31 14 81 75 63 95 38 42 62 86 3 55 67 14 1 90 59 21 56 32 29 76 82 26 11 55 18 10 32 17 40 14 82 73 40 44 67 78 37 80 15 39 34 81 52 34 70 11 7 25 94 35 52 75 12 15 81 29 24 64 97 15 78 30 87 69 25 
6 98 62 85 13 100 71 93 52 56 63 14 62 39 7 48 91 33 59 5 13 87 80 76 83 94 5 64 81 74 89 86 71 50 22 83 49 44 76 52 100 90 65 61 28 71 61 18 3 19 74 67 58 53 43 92 99 99 56 79 72 44 16 95 45 89 29 93 33 56 45 32 45 9 44 73 32 4 42 86 75 68 53 84 72 47 75 70 45 82 48 69 77 15 63 21 4 43 14 88 99 10 71 43 70 14 67 53 70 9 39 96 76 43 79 99 89 5 69 85 87 68 53 63 83 67 84 38 10 49 77 
8 58 47 2 27 12 69 32 33 77 70 28 4 12 58 2 52 63 22 36 49 90 41 11 24 7 46 13 68 94 89 75 3 87 77 82 50 97 13 83 73 82 62 28 45 20 81 48 34 3 83 82 44 75 44 67 34 42 31 1 35 19 28 90 57 56 71 6 52 83 40 24 16 54 3 60 25 83 7 58 37 41 91 80 68 86 46 1 27 76 1 14 46 28 3 54 83 25 12 86 7 51 61 22 56 63 33 80 98 91 37 34 31 79 14 50 17 11 50 43 87 3 8 84 30 62 90 65 86 1 
2 44 3 63 65 59 25 49 38 22 39 27 56 22 57 21 71 73 31 73 68 69 75 27 5 56 89 94 72 26 94 74 70 48 36 86 6 60 35 96 34 25 22 41 46 30 13 69 3 43 41 70 12 15 48 16 70 36 61 42 14 6 15 35 53 2 20 59 13 6 54 46 83 27 38 28 56 50 48 10 45 88 31 8 54 79 23 24 66 35 17 79 40 83 13 92 84 85 2 96 42 55 94 24 33 83 4 41 33 51 2 29 91 33 36 44 63 10 19 28 44 35 59 83 69 23 26 52 7 
28 100 49 34 93 24 67 27 27 59 59 30 60 87 20 44 22 63 6 31 82 86 26 68 44 60 37 66 86 40 25 13 91 25 98 35 48 64 62 75 74 72 4 34 11 75 29 84 37 35 67 70 20 92 90 15 52 78 32 37 69 56 1 60 80 98 94 28 14 7 54 87 79 9 72 89 83 1 72 71 87 38 41 58 30 82 72 33 59 3 21 27 11 21 86 42 70 32 69 83 38 74 22 16 82 45 56 16 97 28 87 83 17 79 40 98 60 63 30 70 18 50 96 28 70 34 69 92 
17 90 26 6 63 47 74 97 44 29 64 40 8 50 23 25 80 62 22 91 77 4 60 94 53 8 73 75 93 41 66 61 82 91 66 97 90 91 93 33 20 56 72 79 58 46 55 89 8 77 80 36 32 91 29 84 50 1 58 94 93 75 6 75 66 72 71 7 14 15 39 85 70 62 64 79 8 18 68 67 46 99 2 77 41 30 61 91 82 70 36 74 45 42 100 62 65 70 20 78 84 58 63 6 71 26 36 78 95 55 44 41 53 97 69 94 78 81 36 59 51 23 85 47 64 84 60 
28 6 79 58 89 88 72 46 58 49 82 88 43 36 83 35 41 80 4 86 57 84 21 68 86 43 52 84 59 35 43 38 40 73 95 81 12 18 78 70 66 59 9 9 47 91 95 39 70 98 24 79 34 96 46 19 90 97 3 48 83 97 86 75 70 32 55 33 2 84 2 67 43 62 27 41 53 22 79 74 71 54 52 4 49 97 75 38 45 29 86 28 77 23 2 98 6 8 31 7 91 84 26 85 46 52 77 50 73 7 23 44 60 75 99 8 23 25 46 68 5 83 47 82 57 48 
79 14 7 9 73 97 93 98 34 90 49 10 39 74 17 61 69 76 87 19 36 62 44 33 29 100 67 27 81 75 74 60 88 32 20 12 28 64 61 13 53 62 23 91 35 91 4 55 18 90 73 53 3 68 37 31 68 3 9 48 77 82 59 17 13 31 28 93 94 89 57 99 50 31 89 36 21 44 90 91 86 14 95 88 82 32 71 49 86 79 48 63 13 59 31 77 89 58 69 34 98 78 32 99 8 73 34 29 16 75 71 1 89 65 89 22 96 11 70 82 89 69 96 1 27 
26 30 67 35 50 1 85 27 32 83 35 4 69 15 20 43 85 72 83 49 12 4 97 22 25 30 63 94 25 15 72 2 44 39 88 94 91 72 20 22 55 54 26 23 68 97 17 52 68 52 53 32 55 49 53 80 78 67 25 54 82 48 7 25 38 94 70 28 66 90 50 20 95 27 94 15 75 62 18 94 13 70 25 68 70 30 99 99 96 75 52 77 74 58 54 12 52 75 39 17 16 40 88 11 18 33 77 92 94 94 86 7 16 62 26 85 91 76 84 87 2 87 15 75 
45 20 86 48 47 77 64 62 68 3 72 86 35 48 77 28 94 14 86 9 76 63 93 18 90 28 56 91 15 23 66 11 42 3 58 88 79 73 2 47 75 73 84 9 73 60 88 18 26 26 26 53 40 70 70 30 98 26 20 64 100 85 74 93 40 31 33 70 3 34 16 29 6 51 89 30 11 28 47 88 53 24 40 93 94 61 74 43 38 93 58 37 30 31 30 69 13 62 38 67 95 6 95 52 56 35 34 18 62 80 5 67 4 96 11 49 9 84 43 46 28 100 83 
57 82 64 25 94 25 15 60 71 20 6 74 27 92 7 45 53 87 1 71 42 49 81 42 57 16 84 54 44 35 88 100 16 51 77 61 27 43 20 49 62 77 23 40 68 29 36 72 67 89 43 60 37 75 1 45 91 36 98 86 22 38 37 37 88 13 97 67 7 68 15 68 96 37 60 63 18 95 87 84 83 29 96 71 55 96 67 45 84 17 82 57 54 19 46 93 83 94 59 90 62 26 9 9 14 20 24 31 15 10 67 49 38 62 72 92 9 90 89 44 6 22 
1 11 40 98 4 75 91 14 16 4 39 76 13 5 96 36 87 62 45 53 10 82 66 33 25 27 23 65 70 80 87 22 91 78 19 94 52 10 59 67 13 50 43 25 54 90 12 40 51 56 45 60 89 10 45 14 88 19 30 58 98 16 31 40 94 50 33 97 11 44 16 75 93 10 100 46 99 11 37 49 19 81 60 7 43 4 72 30 74 2 39 72 69 70 11 62 71 96 11 81 39 26 55 31 35 6 28 33 69 64 33 87 45 92 45 39 48 17 68 21 70 
7 44 38 28 7 52 98 2 62 30 92 87 84 74 73 42 53 57 10 16 89 48 12 80 44 50 27 12 70 100 81 28 43 71 55 49 22 4 2 35 33 45 73 68 70 45 9 22 1 70 38 89 69 1 20 13 51 47 24 72 98 57 99 40 27 5 41 100 8 42 34 40 87 6 7 8 2 68 30 2 37 19 42 6 19 61 70 21 59 93 92 56 49 90 48 27 46 88 26 53 29 11 92 67 68 51 75 69 18 4 22 6 22 63 11 92 24 32 13 34 
25 4 90 25 46 37 4 91 24 81 96 4 92 39 23 59 89 97 28 58 52 49 64 25 64 26 16 39 58 80 72 34 84 13 10 81 1 13 23 76 94 18 32 37 57 54 95 45 2 74 55 5 75 18 29 38 95 96 76 4 76 99 37 11 12 99 43 64 63 65 40 8 83 71 44 91 24 91 87 77 16 41 81 90 10 61 79 5 56 6 8 83 5 97 45 68 47 87 83 9 4 22 69 86 44 12 28 19 54 14 95 70 55 75 11 16 35 90 20 
43 47 80 25 51 28 22 70 26 8 53 34 11 26 54 48 70 18 75 88 71 89 83 92 95 9 3 10 96 44 82 38 90 13 14 93 92 35 14 17 43 18 2 5 44 56 53 13 73 79 52 95 19 86 87 13 47 41 75 42 36 8 79 77 20 92 69 63 27 35 79 21 52 32 25 95 39 29 59 63 8 63 58 78 100 96 91 46 88 17 87 23 24 17 99 95 9 20 57 87 6 87 7 57 70 83 4 9 12 14 71 71 28 28 48 28 75 90 
73 62 58 12 84 33 28 35 79 88 6 35 26 11 73 32 67 43 67 22 3 30 36 73 100 63 53 99 42 27 41 67 41 98 78 76 31 57 10 9 97 67 96 22 77 20 6 96 14 72 69 16 1 4 41 52 19 45 50 12 71 90 78 63 40 7 39 22 64 100 82 12 67 29 33 95 49 38 90 14 61 59 82 61 14 74 12 84 18 14 96 40 55 25 3 94 32 41 67 47 92 49 58 58 77 42 5 77 80 46 43 92 56 24 5 70 97 
68 5 14 81 52 53 36 77 7 81 60 99 100 6 91 48 63 100 76 56 4 5 35 50 47 79 5 70 83 26 18 50 83 83 31 34 35 18 62 94 50 21 92 49 26 82 48 40 34 76 96 37 80 82 38 26 12 95 47 94 72 64 44 54 46 26 88 32 95 1 25 96 22 17 97 99 50 96 91 83 71 86 72 50 19 61 27 31 55 73 76 27 36 71 80 33 96 19 65 42 20 41 90 93 9 86 91 11 33 81 93 4 18 16 5 89 
77 32 71 31 4 46 9 92 17 89 76 64 59 40 58 78 33 47 70 41 84 13 51 16 45 96 19 63 11 76 3 39 7 73 70 10 70 78 53 38 18 29 2 77 20 11 6 52 57 28 45 92 92 47 7 36 94 78 50 57 53 52 95 11 76 16 72 46 46 25 83 63 5 36 91 24 46 49 28 54 76 24 45 67 22 4 2 16 33 4 24 37 55 70 47 31 86 70 76 83 94 10 97 50 46 88 74 43 36 53 97 63 76 93 29 
49 48 82 16 80 85 39 68 92 61 14 22 46 84 49 80 29 58 76 79 55 63 4 98 50 56 46 12 83 38 92 31 86 26 99 17 62 37 85 53 97 50 26 94 85 74 73 66 84 49 96 90 63 99 87 13 6 84 76 40 74 68 70 59 93 68 27 54 57 11 59 5 13 84 51 97 10 75 14 45 23 9 34 38 7 73 2 64 56 77 3 29 44 73 39 88 92 66 94 100 28 52 57 92 87 7 89 96 81 54 40 56 63 74 
93 69 46 94 33 53 70 87 82 66 59 72 5 3 37 98 54 17 49 10 8 88 16 48 83 49 2 23 4 16 48 48 84 45 41 68 97 62 55 30 79 65 2 84 19 90 33 73 58 82 34 18 21 50 65 3 98 18 77 53 33 24 100 69 68 92 88 17 5 94 46 36 59 47 19 29 89 51 53 46 84 87 63 4 88 80 59 37 49 35 89 82 59 40 2 78 31 89 94 87 83 40 22 93 38 40 73 78 43 26 24 78 12 
38 34 99 17 92 35 18 26 75 99 84 14 100 14 96 40 7 82 74 98 4 66 36 95 39 13 89 16 88 67 27 26 100 77 94 91 63 11 68 89 61 4 2 12 17 97 52 23 30 77 21 85 43 8 80 33 72 20 48 60 86 26 37 37 54 82 79 16 45 47 4 5 50 57 69 66 5 72 40 34 48 60 19 90 19 50 74 91 69 73 2 7 98 38 43 51 71 22 18 15 68 21 72 17 77 40 34 33 11 73 67 58 
85 37 100 3 86 73 45 6 98 46 12 95 35 55 46 6 28 63 72 47 36 43 15 64 82 48 97 44 20 15 2 4 51 53 59 88 77 55 93 74 53 5 69 87 11 66 44 90 80 16 36 67 10 50 31 92 97 79 35 68 93 88 24 95 40 34 82 69 88 26 42 40 30 62 27 92 27 22 33 59 89 68 25 99 69 7 42 17 85 28 85 29 16 60 23 7 93 56 27 80 82 69 20 63 82 98 55 61 71 87 19 
60 7 43 10 75 50 51 44 86 78 28 15 45 87 37 4 31 45 30 10 26 50 81 88 32 30 94 92 1 33 10 60 39 4 21 65 5 71 8 91 100 87 5 45 25 93 48 55 37 29 17 14 79 97 2 10 27 47 1 79 79 62 90 69 65 10 86 22 80 45 12 79 32 68 75 8 12 74 63 1 3 31 14 81 27 15 42 5 14 42 83 92 55 24 61 71 33 46 92 64 42 55 95 73 22 69 81 86 43 95 
86 97 77 99 77 55 66 18 60 79 11 94 22 17 18 34 87 2 31 31 66 73 85 60 45 59 80 77 44 22 23 81 70 99 79 98 54 96 67 65 26 77 10 48 45 79 81 32 81 12 62 46 84 46 57 80 56 36 9 99 10 83 79 79 82 10 77 87 57 43 3 35 72 64 34 16 43 66 99 75 29 12 20 64 58 28 44 65 63 4 64 72 86 94 51 19 55 79 57 12 73 59 98 44 23 31 12 17 96 
62 91 25 74 62 88 83 89 83 47 51 86 62 75 72 56 77 90 62 55 47 73 79 57 22 75 31 52 86 99 48 99 89 24 72 2 11 54 90 94 1 93 31 62 67 54 69 95 44 31 1 42 55 79 50 77 53 33 28 90 31 27 89 20 50 60 73 13 66 63 58 66 7 88 79 25 42 48 19 37 78 19 30 32 97 31 60 2 63 40 91 94 66 79 65 68 91 37 80 56 51 37 73 57 76 51 33 69 
98 51 5 27 21 86 11 70 17 70 71 79 9 13 72 27 92 88 94 34 25 25 41 27 13 13 36 88 63 68 57 13 71 13 91 91 99 1 12 15 23 82 45 83 95 69 9 38 56 54 23 32 78 63 11 90 75 46 30 89 65 38 53 35 50 44 78 100 44 89 66 18 23 11 1 69 31 61 58 38 15 80 70 92 42 32 34 68 77 63 56 93 100 9 28 1 4 57 53 99 97 18 17 71 80 69 39 
10 29 96 48 95 27 69 87 20 52 72 87 80 86 95 72 37 55 51 37 58 7 41 56 56 59 72 26 38 92 17 100 21 64 99 15 91 19 53 10 70 76 49 49 61 95 20 97 49 71 86 6 29 26 13 84 36 37 62 26 28 78 25 48 41 75 15 83 93 19 45 14 95 45 14 55 39 33 4 39 55 41 44 36 66 8 71 54 44 32 79 72 61 55 71 54 29 37 36 73 56 32 38 2 28 51 
8 66 83 11 4 90 51 99 25 69 7 47 22 2 79 100 25 39 54 48 92 34 84 80 6 91 63 43 44 91 45 52 8 79 62 12 68 65 62 44 33 20 91 54 22 21 5 98 59 10 45 3 43 81 34 100 23 48 94 67 38 38 18 98 16 31 9 36 95 22 79 27 42 21 32 15 41 88 12 52 97 9 6 91 41 91 90 63 38 35 29 28 24 98 25 40 29 85 27 23 6 57 2 99 78 
85 65 70 73 29 21 21 37 78 12 77 68 53 91 58 40 20 85 63 69 61 54 97 45 80 20 2 37 73 1 66 57 65 35 81 93 8 2 81 37 65 9 5 69 100 62 8 71 98 71 39 58 76 36 54 8 7 55 44 79 7 61 87 72 47 68 16 54 69 97 43 85 5 47 53 56 60 61 26 57 83 65 66 58 100 19 65 6 25 60 36 32 72 22 3 19 89 70 24 9 18 66 93 75 
12 46 30 23 58 56 31 40 20 96 49 71 66 66 28 91 25 63 22 97 84 76 67 25 45 90 33 15 56 26 89 19 23 18 94 80 25 24 19 44 72 19 66 37 84 93 79 61 55 52 9 91 27 75 15 24 16 47 90 71 24 78 42 46 47 35 77 72 58 47 67 81 66 33 70 49 77 48 61 32 100 69 74 78 43 88 53 59 86 42 81 10 71 74 7 18 8 84 41 18 30 7 98 
95 91 67 96 68 15 56 51 66 77 24 95 71 11 100 81 96 93 62 57 64 35 64 33 95 47 73 12 28 31 9 75 22 76 70 41 42 77 91 59 53 14 5 24 76 56 4 23 49 17 32 64 52 95 96 46 93 20 9 72 50 17 46 71 44 15 11 37 92 53 95 96 18 52 19 93 7 75 68 55 91 99 70 94 45 65 91 89 84 99 60 86 68 6 56 11 72 19 48 63 71 94 
11 89 97 81 33 4 55 52 10 98 50 80 91 46 96 82 34 80 32 94 65 99 51 72 62 22 42 9 37 65 54 47 5 51 27 89 6 34 41 15 31 42 94 21 88 42 54 73 21 86 66 37 36 68 60 97 90 54 57 26 18 11 72 22 13 50 62 18 83 2 84 65 44 30 86 31 71 91 3 43 28 21 79 64 88 90 12 77 43 69 54 12 31 77 85 95 27 47 12 61 48 
95 26 91 76 63 73 46 5 28 88 33 100 18 48 39 8 59 68 2 79 21 14 9 98 98 3 76 44 66 88 44 13 65 86 88 79 11 34 84 90 21 68 89 39 67 27 98 25 94 99 4 67 64 64 64 62 67 91 57 84 78 52 96 95 38 84 73 48 69 8 37 89 75 77 79 41 55 76 18 49 27 73 15 90 36 30 51 54 72 60 38 49 11 33 95 100 68 68 99 36 
75 87 77 2 63 55 42 18 83 59 18 9 31 84 98 19 13 1 72 36 12 9 84 22 94 79 74 13 98 72 49 72 59 25 73 21 31 67 90 13 77 7 21 60 90 71 78 54 23 1 89 34 62 25 7 55 55 80 67 52 52 67 75 62 91 100 34 22 18 24 86 94 82 7 5 72 29 34 77 51 35 18 36 96 42 42 2 48 22 20 51 25 87 77 86 29 76 19 2 
45 94 40 39 76 98 95 99 26 29 75 28 63 92 63 58 85 4 11 32 77 30 82 53 68 11 90 49 86 61 2 83 54 41 21 29 38 15 27 63 43 54 90 57 45 52 66 30 8 76 13 36 58 47 89 77 57 78 25 94 38 27 76 92 19 48 72 57 15 51 71 9 4 13 66 48 16 83 29 23 59 94 59 68 40 47 44 48 76 69 93 14 47 69 57 65 68 28 
73 82 78 44 43 33 8 8 33 23 90 61 46 100 6 56 67 97 54 63 44 29 31 89 94 29 57 50 45 76 30 70 58 59 13 52 92 72 59 24 94 100 36 91 52 42 46 18 38 99 80 34 80 62 22 73 42 30 75 87 57 56 56 66 14 20 17 57 91 75 80 36 27 68 27 78 61 72 47 50 23 79 83 2 92 56 26 86 37 100 72 94 7 79 59 21 50 
76 77 92 2 9 27 80 28 53 9 88 77 56 37 99 86 72 52 29 27 29 14 16 81 37 9 87 67 19 7 16 46 36 59 48 96 38 27 23 42 36 62 18 43 98 68 80 21 71 8 100 100 22 15 80 10 75 66 77 93 25 44 39 12 3 38 7 40 16 81 81 3 42 51 45 91 70 24 12 41 84 11 40 57 77 71 66 51 36 42 95 12 86 85 23 40 
74 29 31 90 9 63 92 2 13 89 45 83 64 56 23 47 18 14 55 46 84 21 48 71 14 94 83 51 79 5 90 52 34 72 93 94 35 85 48 47 73 92 81 88 99 3 35 68 68 89 13 51 61 12 22 27 5 56 77 35 60 19 39 45 90 31 91 24 67 38 23 91 81 3 79 31 58 65 98 25 5 62 28 66 73 1 44 29 56 20 64 15 90 2 12 
32 32 2 7 51 91 81 41 71 84 19 1 93 83 50 69 88 63 96 5 87 48 48 15 3 19 78 70 61 31 81 44 63 34 50 13 24 31 5 46 66 24 98 10 58 47 78 45 61 26 1 47 73 100 61 76 19 91 97 31 21 29 74 83 62 23 47 37 5 52 34 22 27 31 31 84 29 9 81 89 34 33 35 6 33 47 33 3 37 81 33 58 9 58 
92 22 32 91 10 37 94 43 58 20 73 41 55 53 49 87 41 34 20 27 39 52 74 24 6 62 4 90 19 13 47 63 86 78 53 96 66 46 38 76 17 63 16 71 67 64 58 8 97 29 86 87 32 11 10 37 73 14 26 43 78 72 5 63 1 57 10 67 54 100 42 70 14 57 93 80 72 2 39 68 30 25 6 61 87 68 97 59 33 74 54 10 45 
58 24 45 67 86 63 72 85 4 94 98 60 86 77 31 87 68 50 16 92 8 28 30 75 24 89 7 97 94 68 93 51 91 89 69 76 52 41 12 55 34 9 67 71 38 49 57 5 51 24 48 58 51 77 32 26 17 38 74 10 5 18 13 47 6 33 75 9 25 86 16 10 47 82 80 84 82 88 40 32 63 87 89 65 63 20 90 32 9 15 93 65 
32 5 12 38 38 38 98 14 23 13 24 69 46 3 52 28 43 91 11 5 29 100 70 44 71 11 75 32 26 67 96 9 24 59 98 13 96 96 26 19 8 49 39 6 4 43 33 46 85 95 50 14 94 71 57 17 34 83 48 11 1 95 19 24 54 17 88 1 12 14 19 71 14 10 76 17 52 60 62 36 55 64 1 100 86 9 16 19 43 63 29 
44 10 48 19 63 16 7 63 27 72 34 49 85 43 25 2 46 36 15 33 90 30 34 42 16 94 57 86 37 72 67 80 81 66 50 95 81 56 57 59 79 42 7 64 36 31 17 81 19 83 14 8 13 99 1 80 92 58 17 28 81 83 59 61 48 9 55 28 16 63 38 95 5 45 10 40 27 26 73 45 8 86 5 72 84 5 51 27 14 68 
55 94 2 65 54 50 73 60 29 89 75 67 35 79 63 44 70 89 69 42 34 28 79 90 100 14 94 2 41 60 21 47 53 23 11 59 24 36 18 4 76 92 22 10 22 84 53 44 25 73 85 10 52 16 99 3 29 44 5 21 3 77 67 56 51 30 14 26 65 83 30 40 27 3 1 100 87 53 43 63 77 80 72 28 95 22 31 75 65 
87 48 20 63 66 27 66 95 92 91 11 74 20 50 52 23 50 52 61 54 94 23 82 25 46 10 71 67 92 46 83 78 93 2 92 10 28 57 5 71 100 15 97 19 17 48 93 18 51 5 24 97 79 5 21 76 66 92 42 57 89 77 86 33 78 78 42 58 86 46 80 85 13 76 56 81 24 100 50 26 5 73 22 35 78 43 11 95 
34 4 52 74 80 37 6 10 14 47 19 52 45 98 36 9 74 91 41 49 43 90 74 99 63 96 33 92 90 95 86 75 51 89 48 30 26 53 91 91 51 9 42 47 59 30 7 84 72 47 32 14 37 57 12 51 4 97 42 93 91 79 67 41 68 66 23 93 70 13 35 73 74 29 19 84 58 26 67 29 24 50 95 60 6 6 62 
62 2 55 6 45 34 73 85 1 90 59 45 60 24 31 32 49 59 2 32 16 79 98 97 3 47 91 14 4 48 76 17 50 30 23 46 15 47 82 67 36 41 11 47 64 94 78 12 52 32 95 20 10 92 68 12 90 58 78 45 57 5 62 6 86 36 51 1 82 33 67 17 25 30 64 40 23 93 3 26 24 97 45 34 40 12 
97 81 21 26 25 78 30 38 35 16 73 38 16 54 22 34 23 46 63 86 85 37 30 39 63 54 35 7 39 74 71 35 54 91 13 30 68 42 68 3 9 92 40 76 98 61 10 20 58 24 57 94 61 86 32 23 91 66 81 29 91 3 16 44 94 28 25 13 21 44 67 30 36 6 57 33 18 66 4 27 42 12 20 2 49 
51 76 40 68 8 20 58 11 87 53 56 66 30 68 87 73 35 68 8 92 76 92 62 94 47 88 35 58 60 88 59 62 15 98 30 22 69 39 84 56 44 39 73 73 59 59 45 93 78 5 36 54 48 97 47 95 37 33 4 48 20 62 9 34 11 38 7 32 29 43 39 72 33 11 44 91 22 40 35 99 44 71 4 92 
19 2 38 7 34 41 54 53 55 63 38 17 52 45 48 80 39 86 3 71 97 46 62 70 38 48 68 81 70 24 72 41 25 61 47 59 2 53 63 8 15 1 24 18 97 24 50 35 9 52 57 57 50 70 26 87 18 46 19 87 69 43 27 45 3 26 3 56 78 66 63 44 18 39 13 14 62 62 100 22 66 56 31 
67 26 8 5 43 53 23 81 73 17 60 18 20 85 72 75 14 89 38 9 6 28 21 71 89 35 70 62 100 78 92 18 3 100 74 97 4 48 77 29 65 88 98 84 24 21 58 37 10 47 97 67 74 18 90 14 52 11 76 3 88 19 20 90 18 45 38 74 92 67 54 56 54 51 39 78 71 49 66 32 47 63 
51 73 32 40 38 83 50 13 37 38 32 8 79 1 52 17 26 43 83 79 99 88 81 89 17 52 89 35 35 36 97 85 60 80 24 97 14 26 10 50 15 93 57 93 45 60 61 23 2 95 1 52 83 82 93 51 85 81 85 19 16 33 56 27 12 79 24 25 56 85 26 70 77 34 63 73 93 75 95 95 70 
96 98 4 29 90 54 65 71 91 83 38 23 38 65 87 69 88 11 24 72 89 46 100 22 8 72 15 34 19 9 55 66 58 58 94 48 64 58 18 6 92 7 28 82 71 14 2 10 77 77 81 65 22 32 86 81 56 100 15 74 60 69 39 18 79 32 65 94 41 34 99 84 92 78 65 15 92 18 24 20 
95 57 84 16 88 69 97 43 69 63 16 80 83 54 97 13 37 13 58 29 98 8 65 42 86 29 56 29 99 79 48 93 35 31 60 23 51 8 17 71 70 33 51 5 38 99 69 27 64 27 7 13 34 71 54 71 52 9 51 50 88 98 94 74 80 53 48 31 61 65 53 82 49 3 38 38 54 7 16 
17 33 23 29 18 93 83 41 44 43 91 45 82 89 38 56 20 91 3 50 3 19 3 36 19 57 74 57 10 80 72 78 64 46 59 33 39 93 73 34 35 64 79 17 4 68 72 23 10 26 25 12 97 79 48 15 35 73 71 97 52 95 74 67 40 84 99 30 76 72 16 11 35 46 79 90 13 2 
12 23 27 36 86 23 14 85 38 1 57 60 97 60 6 22 26 98 6 25 79 81 96 46 43 82 91 21 71 56 22 82 30 1 70 67 75 83 52 64 83 8 76 31 20 33 53 45 30 10 69 61 42 16 6 85 97 97 57 19 4 31 53 33 83 22 99 57 4 2 73 39 62 48 69 81 32 
73 25 62 82 94 22 24 61 79 60 58 27 68 28 30 98 80 14 80 1 13 89 57 14 13 95 75 12 15 55 43 88 32 4 21 77 77 96 37 56 55 46 82 23 74 64 72 53 77 4 54 41 92 62 7 4 56 81 15 22 88 9 9 71 13 82 47 41 77 83 48 84 81 82 58 54 
45 29 58 73 32 63 14 75 24 20 30 31 52 96 53 91 5 13 61 17 94 59 9 23 42 57 6 74 90 63 27 86 43 36 58 75 99 71 49 22 42 79 53 94 74 57 84 78 69 97 46 63 55 7 85 48 15 42 21 4 56 99 89 98 35 46 24 33 69 25 6 10 55 10 3 
80 66 39 10 35 35 55 49 89 13 85 89 27 26 9 30 33 8 70 30 94 68 54 78 36 78 83 97 32 45 52 11 10 90 20 96 76 27 44 16 39 28 4 66 5 65 47 37 24 17 67 17 84 72 94 71 1 28 67 84 72 18 94 34 59 66 29 86 44 73 2 34 52 57 
99 57 21 98 93 44 14 11 12 97 34 5 67 34 33 85 17 56 3 63 89 13 80 18 99 23 42 100 56 93 8 7 49 29 4 94 24 17 56 36 65 90 92 83 23 24 67 40 32 21 54 72 34 33 89 32 55 82 83 62 75 90 68 75 70 23 20 94 91 76 81 7 65 
72 89 87 96 8 78 79 80 83 50 13 15 91 96 21 72 78 83 98 20 2 73 89 77 92 34 67 19 14 74 83 86 14 22 33 73 51 11 53 34 12 17 100 2 13 21 74 42 55 23 13 8 95 2 84 39 35 3 57 1 28 40 86 41 13 18 14 63 80 18 48 91 
34 48 45 98 20 70 92 26 92 4 33 39 57 69 77 92 71 85 44 98 76 29 90 88 98 55 3 29 72 50 71 58 49 15 55 20 84 46 45 28 2 30 66 58 98 94 1 20 78 44 69 54 24 58 41 21 13 95 1 36 97 72 93 45 86 100 17 22 45 61 1 
98 90 66 56 39 59 56 58 36 100 26 41 75 36 82 48 48 76 48 83 72 19 76 69 57 75 37 30 71 97 30 69 39 47 76 77 57 31 87 44 82 64 85 57 99 66 4 46 93 3 81 17 22 8 37 30 34 73 59 56 21 40 24 59 86 51 88 42 82 26 
85 15 89 21 71 40 38 26 37 83 29 17 99 2 76 87 31 9 11 41 65 31 80 40 42 17 91 81 10 24 58 46 38 46 67 61 37 4 86 74 86 66 90 36 67 66 74 49 26 84 89 90 67 20 30 60 88 72 40 97 95 97 43 32 94 61 92 31 64 
30 56 2 95 97 89 14 14 63 62 40 98 3 29 64 74 10 75 62 81 66 58 27 14 52 59 60 12 2 90 28 31 97 81 78 93 69 91 7 83 4 46 81 58 26 96 32 88 71 93 68 88 2 95 2 54 5 61 17 6 2 44 89 98 76 66 90 45 
56 48 27 11 93 59 69 71 55 100 58 77 44 77 64 45 23 17 50 27 77 67 85 30 62 73 27 38 90 69 82 97 16 60 7 61 19 75 83 25 26 40 53 69 68 68 66 91 85 15 69 13 81 5 43 95 77 21 32 66 89 65 62 57 24 21 69 
94 47 51 70 25 42 22 45 9 42 10 99 26 25 20 38 57 24 32 51 53 53 34 18 93 98 32 49 74 4 69 19 50 71 89 74 12 62 19 21 3 80 71 80 56 42 70 13 66 1 15 18 53 1 87 46 98 18 46 71 73 15 42 23 85 30 
48 49 43 66 21 98 46 91 77 53 33 46 17 50 47 32 67 51 32 53 96 81 23 42 4 95 8 45 69 44 26 17 92 68 34 12 65 31 55 94 84 39 91 100 88 89 83 6 40 66 10 87 47 84 80 2 31 87 46 51 83 71 67 74 90 
53 38 55 83 44 100 18 34 90 18 73 79 52 78 18 18 39 4 16 23 36 17 5 22 62 55 56 84 74 30 73 26 19 79 60 14 78 78 47 68 47 19 46 98 96 15 67 86 70 82 60 5 50 64 79 63 71 34 46 96 15 19 21 85 
49 32 98 27 61 44 46 7 62 91 57 9 57 23 47 78 57 6 35 6 22 65 21 44 98 66 39 65 36 11 49 85 42 47 63 3 42 8 61 56 50 17 64 6 92 62 35 100 68 69 57 41 33 77 84 83 43 22 99 30 32 47 14 
25 45 28 27 39 35 40 94 84 56 9 41 99 71 76 98 38 96 55 78 81 83 61 63 25 34 13 7 17 59 72 41 56 100 20 94 34 59 39 70 14 47 10 65 17 85 14 6 33 20 35 13 3 47 27 79 80 39 85 96 49 57 
37 56 8 56 49 41 66 39 10 31 86 72 95 2 8 9 60 40 28 94 4 82 41 82 61 20 20 45 68 21 53 56 76 60 11 77 53 28 15 14 58 52 37 53 6 45 13 65 36 40 58 40 22 50 21 34 22 93 30 89 65 
83 44 92 94 6 68 98 33 35 64 90 38 100 94 43 96 6 7 32 98 17 71 71 18 43 4 39 87 33 27 51 67 22 95 61 79 14 10 11 100 25 53 38 25 46 80 20 4 39 3 1 7 25 71 24 20 26 63 6 58 
41 9 25 15 3 37 93 16 98 56 16 23 60 5 99 57 84 70 60 74 73 12 80 97 34 56 16 59 70 74 17 62 82 93 76 36 81 21 3 78 28 70 52 87 74 50 43 10 20 55 83 92 66 63 40 100 70 8 10 
39 81 78 100 14 22 28 49 2 48 3 32 75 73 83 13 98 85 55 7 4 61 90 47 79 4 38 30 73 45 39 63 77 17 62 90 38 41 90 92 40 93 75 14 17 57 26 14 93 33 21 96 45 10 94 23 65 32 
52 37 28 91 51 5 59 64 94 48 5 84 39 44 28 13 10 96 22 87 9 14 19 81 62 64 42 55 38 6 38 90 94 66 32 44 70 90 8 15 89 64 50 80 7 29 44 16 24 17 3 33 31 73 65 44 88 
7 50 26 12 40 67 58 5 98 1 26 39 60 92 27 23 42 58 30 70 2 97 94 18 99 78 100 24 42 43 11 48 45 88 12 84 54 69 40 3 21 65 93 81 56 72 55 49 29 36 19 30 33 64 100 83 
41 99 6 34 94 69 82 38 56 45 73 62 13 12 16 85 76 9 17 83 80 72 32 8 7 50 90 39 65 89 74 5 39 79 38 84 99 71 73 7 15 45 20 79 56 35 16 83 43 32 66 74 3 49 82 
62 50 23 100 14 63 73 18 53 4 7 37 2 30 9 60 44 6 79 75 61 14 90 96 8 73 13 82 28 61 15 89 62 89 40 75 51 65 44 3 68 50 39 21 79 100 81 75 5 11 1 17 24 42 
64 84 66 76 65 93 88 31 81 49 19 21 23 69 85 66 23 4 68 14 24 98 65 56 24 69 67 76 37 42 17 1 25 83 76 41 27 64 71 8 12 41 28 87 9 64 4 84 67 71 97 90 21 
61 98 44 81 16 20 17 9 88 69 86 22 97 26 49 12 49 56 75 89 35 61 98 98 65 33 64 87 29 5 7 41 54 51 21 69 22 89 30 61 58 15 83 6 40 83 17 88 90 91 77 24 
4 26 73 68 58 88 6 38 92 13 78 98 15 98 18 36 38 47 96 95 61 30 100 1 12 68 40 1 59 68 76 62 45 48 81 54 87 86 91 79 50 20 28 64 69 45 51 7 92 99 53 
52 28 5 4 92 72 44 44 82 63 20 95 8 19 75 13 6 13 56 36 62 75 63 26 96 7 28 2 98 26 6 2 6 10 5 97 34 100 40 15 63 11 10 22 30 36 34 87 48 89 
74 62 16 36 39 11 94 66 64 44 92 69 97 49 31 1 45 16 53 84 30 67 47 91 88 28 79 73 14 78 14 87 39 29 74 77 39 19 95 54 62 38 22 58 86 4 11 30 19 
63 65 1 29 11 43 68 90 21 92 3 99 5 41 37 33 66 66 23 85 60 76 98 49 50 8 34 53 18 15 24 32 79 24 12 42 66 31 31 39 22 86 37 27 78 25 59 44 
90 34 28 1 9 25 49 10 32 82 15 1 48 38 84 27 13 95 20 30 25 2 68 47 39 4 25 17 81 83 60 70 68 87 23 77 63 71 38 47 5 52 99 4 41 83 82 
53 77 1 35 54 55 2 52 93 58 76 9 38 10 68 59 78 6 81 6 21 4 95 67 60 47 65 63 87 99 45 92 76 97 26 81 51 27 84 96 36 59 4 73 20 24 
84 49 29 16 6 49 71 1 67 82 47 84 97 85 82 41 76 9 89 53 41 92 80 24 87 67 34 42 92 54 65 75 54 46 90 60 46 61 12 13 42 10 48 38 94 
81 30 22 42 71 74 82 14 5 6 100 72 91 41 63 96 58 89 50 3 78 61 48 90 72 12 84 33 11 73 26 92 55 99 33 77 25 66 90 29 23 89 52 14 
81 66 9 90 54 10 92 32 22 92 73 93 55 8 25 66 81 3 9 87 53 93 63 77 58 52 58 81 92 9 46 72 75 6 62 28 16 5 11 37 96 36 82 
3 43 58 68 75 12 28 61 65 20 75 93 77 26 50 9 17 11 6 41 37 12 54 16 27 58 79 15 6 14 96 60 8 6 27 83 17 54 95 33 25 70 
26 53 47 27 62 16 37 67 56 25 30 61 41 56 18 19 23 75 84 70 34 91 75 12 25 44 17 72 76 93 93 1 46 39 28 7 6 16 25 61 41 
55 21 33 62 91 51 36 17 34 6 3 76 32 66 53 75 35 24 51 27 68 3 72 6 82 30 64 98 7 24 90 13 97 22 26 39 24 62 7 9 
67 9 84 50 27 36 25 61 11 75 87 78 29 59 36 11 40 99 60 46 74 1 58 22 22 84 60 45 45 19 53 63 27 88 12 5 76 88 65 
86 14 4 16 43 62 51 53 53 1 64 99 74 64 56 96 37 39 7 33 35 25 37 97 4 24 61 8 99 48 25 37 62 28 52 56 41 54 
60 93 54 23 91 79 38 47 26 74 37 33 6 72 9 42 20 64 17 32 72 68 80 96 4 93 75 7 48 15 60 7 7 65 81 98 43 
18 96 69 91 32 53 48 55 61 41 75 25 57 58 48 24 89 95 79 81 69 85 80 83 96 86 89 60 18 38 3 35 33 71 77 17 
23 24 71 35 64 97 59 73 55 58 96 43 52 27 76 72 11 55 6 7 93 47 66 10 84 20 45 69 90 73 85 64 97 7 99 
12 4 9 36 10 19 84 4 70 10 79 94 20 86 99 78 30 97 96 39 81 15 35 1 57 8 85 20 56 43 70 19 98 79 
55 7 49 38 63 70 47 93 63 18 78 14 48 7 10 43 98 42 57 84 42 13 91 78 85 98 21 54 17 18 84 71 77 
32 60 39 2 58 83 16 75 13 29 22 71 39 16 68 80 73 52 74 37 94 51 73 92 71 27 60 89 62 82 65 46 
41 55 99 98 37 14 24 49 95 98 20 85 13 39 64 85 42 89 74 36 40 46 79 10 24 38 50 38 19 14 83 
59 20 81 8 9 46 83 9 40 80 80 24 93 19 40 29 60 28 2 47 67 100 25 29 23 62 78 60 80 44 
94 90 63 26 49 23 72 32 32 63 11 11 39 55 81 78 84 93 57 37 39 76 36 64 4 11 25 33 22 
57 76 16 98 91 93 47 13 16 30 96 79 92 59 17 47 39 46 82 31 54 18 22 29 54 85 84 16 
61 17 37 17 44 4 67 34 97 65 99 12 94 94 90 85 52 58 83 43 55 64 25 9 82 46 89 
87 30 25 2 43 93 38 11 36 42 77 22 90 41 20 1 86 65 43 23 69 100 57 11 55 21 
87 15 54 33 3 40 14 79 93 56 71 82 67 7 75 95 28 64 88 99 65 73 63 7 47 
31 58 4 93 64 76 80 78 29 12 33 20 77 11 12 33 82 93 51 40 20 97 67 83 
84 17 99 9 79 5 55 62 63 10 54 26 85 85 56 13 48 88 32 25 50 95 9 
83 40 59 22 59 55 40 41 91 56 40 99 87 96 5 48 10 67 53 88 51 90 
95 16 37 82 99 61 83 46 69 66 85 79 39 95 86 31 87 76 38 78 26 
24 74 82 23 35 48 28 22 51 17 16 18 5 49 16 66 84 13 86 1 
97 65 91 43 2 21 30 77 59 7 54 34 32 35 57 67 35 36 40 
37 4 8 54 8 8 21 73 91 34 11 43 82 27 34 25 28 54 
54 56 64 60 9 98 44 95 6 10 29 93 1 65 96 8 70 
3 16 91 28 58 76 38 53 57 64 86 33 43 91 38 98 
55 98 58 52 93 52 9 2 33 1 2 49 96 62 19 
50 29 61 77 86 36 14 38 44 29 75 29 71 66 
66 20 20 15 77 23 7 29 31 60 61 83 62 
61 30 75 79 79 3 91 56 40 78 21 78 
74 2 4 2 24 69 67 44 88 34 72 
62 40 100 44 100 12 26 13 25 55 
87 3 34 41 94 41 80 23 61 
9 96 62 13 97 38 81 16 
81 21 49 4 82 40 56 
26 91 19 51 55 43 
58 41 46 91 33 
91 83 13 13 
43 21 9 
57 33 
57 
