100 6
94 96 41 82 94 51 17 85 40 54 35 21 94 50 20 94 50 44 14 23 5 22 87 77 39 58 21 43 88 34 9 82 29 1 15 74 52 83 10 43 88 44 63 82 94 35 27 43 30 40 18 35 14 4 63 52 13 83 46 1 68 7 34 97 7 100 22 10 83 32 5 70 27 19 3 20 53 30 15 35 21 84 21 34 87 83 37 51 65 83 51 32 41 36 80 99 36 54 61 
18 85 65 39 11 35 42 83 40 23 49 74 43 32 94 77 70 76 65 20 92 99 23 75 39 58 55 38 45 8 50 14 44 66 53 6 100 46 40 39 68 40 64 10 23 9 38 44 36 3 16 27 1 38 54 92 47 8 81 92 67 30 5 62 95 9 19 46 6 59 37 25 50 100 87 73 9 24 16 44 78 31 23 31 20 76 22 67 35 2 10 53 83 66 66 77 75 84 
74 32 94 10 57 96 10 43 68 70 18 83 65 96 66 39 78 85 66 99 3 100 52 12 4 34 78 21 62 4 5 35 35 50 45 91 45 6 85 64 75 3 99 91 50 64 30 27 48 95 77 51 47 80 14 2 13 91 23 26 94 27 60 81 28 56 23 25 61 8 88 87 62 86 30 63 49 59 41 49 5 17 51 3 96 64 5 60 7 27 85 52 5 96 32 32 52 
7 8 64 66 96 3 27 33 32 41 34 42 81 82 98 97 84 1 44 47 5 3 5 31 39 57 87 34 40 70 37 98 78 53 63 25 7 41 57 90 81 90 83 61 23 80 9 6 32 52 5 36 6 9 18 96 17 4 82 9 74 70 6 3 22 69 27 80 61 35 69 42 25 3 2 47 83 11 5 14 14 9 2 72 69 19 67 38 75 48 46 100 70 3 54 91 
23 80 23 84 14 43 25 90 46 78 89 28 40 93 93 54 53 94 77 73 65 43 10 91 43 7 42 12 62 95 54 84 26 28 19 91 71 95 33 16 73 21 95 12 65 39 17 17 33 93 89 49 36 51 91 30 57 84 93 70 30 98 54 55 26 24 97 96 19 29 11 91 49 57 54 65 95 71 33 79 63 22 79 50 24 21 79 32 4 71 2 33 69 7 39 
46 30 36 41 48 16 3 90 17 59 44 81 5 14 14 84 76 87 62 26 10 35 56 41 38 79 94 23 99 100 61 44 30 48 36 29 64 38 19 80 48 62 60 52 27 73 87 54 11 1 31 20 35 87 13 24 17 58 46 15 58 7 10 39 54 45 67 69 82 85 48 81 98 60 84 76 84 71 30 95 23 60 66 57 46 30 32 62 88 78 28 45 36 37 
83 89 81 1 10 14 38 57 94 87 16 30 63 52 52 92 46 74 51 11 82 49 41 13 62 80 90 90 24 25 78 58 66 59 10 27 72 47 83 18 34 51 99 48 2 50 39 99 75 41 61 56 41 53 20 3 32 62 44 55 38 21 64 55 79 74 81 3 72 64 72 57 66 70 4 19 71 94 17 45 87 29 100 27 82 71 81 13 32 24 68 70 45 
83 24 75 8 57 29 80 20 52 36 37 21 92 7 91 37 23 87 23 51 86 50 32 57 82 97 40 6 64 9 2 98 85 28 6 41 57 85 12 8 72 100 81 15 6 23 52 80 10 26 82 47 27 66 55 9 62 95 14 77 55 67 74 91 94 79 83 2 15 94 62 39 45 42 5 50 16 8 29 77 34 63 24 60 28 30 20 89 24 33 65 31 
51 38 21 45 69 4 98 35 49 59 73 94 52 30 95 68 37 76 96 70 38 19 82 65 49 1 53 24 86 69 54 36 58 27 32 26 30 30 13 30 40 85 23 92 66 70 11 3 45 6 72 82 25 5 46 25 6 50 100 91 18 54 78 75 32 10 1 13 91 65 42 30 1 17 21 67 86 31 69 30 89 92 11 13 97 56 89 54 57 88 96 
74 93 73 48 24 82 100 36 24 64 30 54 65 46 26 31 31 57 51 60 97 42 22 9 90 29 49 43 85 88 38 58 81 63 57 56 96 9 44 20 72 73 73 88 18 50 70 100 6 20 59 54 14 32 14 3 60 62 98 96 50 87 53 82 1 61 89 97 69 32 16 93 56 40 80 73 89 50 72 47 21 82 100 34 13 14 89 24 27 38 
19 28 76 23 61 77 84 50 73 4 33 40 96 89 31 28 13 71 77 37 69 49 18 21 83 83 34 23 58 12 60 29 40 87 51 52 63 86 1 87 42 86 78 37 74 60 64 38 31 92 74 99 41 44 19 75 26 4 97 35 68 8 63 7 94 66 10 9 51 11 47 92 48 25 81 73 36 96 10 66 88 84 17 80 27 87 54 4 43 
50 38 10 9 1 68 54 18 77 62 68 39 9 12 86 85 44 58 20 39 20 38 78 3 6 57 81 44 10 84 86 11 73 47 19 25 66 73 42 95 86 62 33 46 73 71 30 68 80 2 6 99 91 84 53 48 40 33 91 2 68 77 12 93 75 83 17 41 7 11 35 92 72 19 38 96 41 19 63 21 72 68 71 14 3 24 61 95 
8 52 96 28 80 59 20 54 41 36 46 99 46 32 91 69 3 80 64 43 50 26 15 22 46 38 35 100 13 96 94 20 47 89 47 78 100 66 31 92 54 29 91 51 60 33 20 14 12 35 57 61 61 23 34 58 60 69 57 72 16 51 44 14 91 42 91 42 60 21 34 13 1 24 15 13 56 86 26 19 21 82 79 33 57 13 90 
68 33 98 92 48 100 35 61 43 76 51 84 35 23 17 99 24 40 66 36 47 51 61 65 23 95 96 55 3 8 96 70 40 46 61 39 45 47 99 87 23 1 71 9 23 39 60 98 31 25 85 77 27 98 94 50 44 89 4 46 48 52 67 39 97 28 77 41 26 27 80 100 27 2 9 1 40 68 51 70 44 35 99 70 32 92 
19 27 80 75 72 27 78 39 65 74 18 93 66 43 19 97 43 97 98 3 97 38 22 99 59 65 34 57 86 17 48 57 44 79 83 67 57 60 57 73 85 74 65 2 69 35 99 63 31 48 17 80 37 38 78 96 54 63 4 91 80 4 47 75 82 81 41 91 40 50 63 76 23 80 78 43 14 28 57 97 75 73 76 64 62 
5 11 67 68 14 10 99 69 56 73 51 89 65 93 28 14 55 4 89 34 33 83 100 60 40 96 86 64 23 1 78 79 11 44 46 77 5 96 45 13 20 47 1 85 39 28 50 94 83 90 79 15 73 30 26 64 77 64 79 51 64 56 30 75 52 27 3 56 23 47 68 42 94 68 78 32 48 80 77 82 69 8 49 93 
37 74 56 66 89 35 16 53 42 97 79 93 24 33 1 46 79 68 39 24 88 69 8 87 48 36 68 16 43 16 61 32 42 16 49 30 2 64 34 96 61 64 88 36 96 88 33 27 8 71 50 95 39 9 33 38 45 100 6 87 16 66 70 9 33 18 90 87 34 76 82 94 39 69 81 87 9 13 65 16 35 66 62 
74 75 94 11 19 45 16 57 12 33 79 20 66 96 10 52 29 85 33 74 75 53 54 13 61 18 77 28 53 95 41 78 69 86 40 39 31 56 47 42 40 25 62 5 21 23 8 1 59 40 75 33 93 80 98 5 98 26 85 50 20 25 27 40 11 66 78 93 73 25 34 65 49 47 69 21 69 77 22 27 68 48 
12 12 27 61 17 76 86 53 77 6 77 55 97 39 73 27 31 97 3 17 61 51 63 30 24 84 58 97 10 77 44 73 89 22 33 57 98 71 9 26 28 85 81 24 76 53 50 6 49 52 22 62 55 37 91 30 20 100 26 81 76 69 6 64 90 90 20 39 60 28 17 87 65 97 63 40 1 12 97 1 16 
71 62 22 7 4 51 78 3 76 58 31 44 63 46 85 53 18 76 64 97 92 51 61 40 13 52 40 76 49 92 91 71 54 12 29 57 62 6 12 89 15 94 84 78 39 69 82 56 96 45 5 39 47 65 30 11 69 69 87 69 12 29 39 65 93 67 74 54 24 85 95 38 78 78 67 68 98 48 76 93 
45 80 83 43 96 12 54 64 32 92 84 44 20 22 60 12 40 33 18 63 69 12 53 98 89 19 66 39 67 41 31 63 20 66 57 67 77 10 31 61 1 14 4 21 88 15 84 79 48 1 94 16 12 46 14 53 64 31 91 82 71 73 44 42 90 1 8 67 62 90 79 15 56 34 87 43 48 70 73 
95 23 66 63 34 11 28 38 75 58 80 56 80 5 100 73 94 52 32 60 65 74 90 79 29 23 17 23 71 87 95 17 9 61 79 94 71 6 84 45 15 63 1 94 67 52 18 13 55 50 24 19 23 14 50 3 36 18 25 6 4 19 75 64 79 53 10 2 11 93 46 25 7 98 71 26 49 40 
38 3 89 61 74 63 74 75 65 62 92 41 19 48 60 93 11 90 46 20 91 8 64 89 84 71 86 6 96 35 46 85 89 86 45 14 1 71 40 65 32 84 6 50 31 17 43 93 58 40 65 1 99 28 89 82 50 74 40 97 60 85 81 1 70 78 66 70 100 6 87 31 89 44 80 71 12 
74 63 69 65 79 21 63 59 9 45 8 35 84 57 94 20 89 46 41 18 12 63 17 17 1 47 57 96 79 27 7 4 41 27 69 20 48 31 78 56 27 37 42 62 45 88 33 34 33 74 3 44 36 20 12 88 66 20 83 96 46 89 100 39 67 20 10 14 2 39 22 29 27 63 42 72 
50 75 57 83 48 59 78 35 78 42 74 96 61 56 43 59 96 94 49 62 13 58 76 15 96 49 95 22 11 36 45 13 10 1 47 9 12 24 95 41 17 68 36 30 75 31 88 70 24 36 32 37 45 59 3 40 7 97 13 17 32 58 29 94 10 75 54 21 51 49 62 19 68 49 48 
43 79 87 64 55 74 95 91 18 53 93 9 59 41 74 28 72 83 8 17 92 35 71 65 37 71 78 55 90 26 55 32 57 41 48 11 15 42 53 84 47 45 45 57 37 18 84 60 100 44 77 43 78 47 7 14 69 84 20 58 10 74 42 18 15 89 28 81 82 80 64 28 76 60 
85 12 77 20 71 76 15 47 19 92 45 77 57 65 61 29 23 22 2 16 39 68 4 66 48 85 97 64 65 72 23 1 83 52 72 5 79 87 4 97 30 48 74 87 65 86 15 87 7 68 2 97 36 57 62 35 41 58 50 57 81 25 57 63 76 29 19 54 15 22 3 44 22 
28 82 86 65 48 72 71 16 25 67 3 81 80 89 73 89 39 30 69 15 38 83 90 66 1 95 32 23 49 28 44 28 9 29 92 9 52 14 76 76 80 78 8 11 66 80 99 56 61 67 70 51 1 11 16 2 58 100 24 6 79 19 86 39 47 77 47 98 91 22 25 22 
51 32 33 69 63 83 24 76 2 46 26 2 56 93 55 65 92 78 71 70 48 56 61 46 84 7 43 74 81 19 48 31 2 32 99 65 14 23 40 67 68 17 69 75 9 23 40 53 53 62 74 52 69 34 98 4 41 92 78 21 11 77 3 12 8 2 28 21 76 19 40 
95 35 8 69 96 82 60 48 86 73 21 38 93 55 35 97 47 26 26 19 88 2 21 52 9 22 79 81 97 50 20 91 36 79 12 31 13 23 78 50 48 99 39 40 5 25 88 3 3 13 21 90 14 41 41 74 15 72 7 11 73 78 54 8 57 17 39 21 91 16 
70 38 66 9 30 22 33 17 24 35 30 44 77 95 37 69 21 51 92 27 61 64 4 66 72 12 34 62 84 25 77 54 14 95 14 43 68 98 60 92 85 89 87 61 83 23 81 3 73 73 81 86 36 37 3 59 48 37 20 32 13 49 37 26 43 2 69 62 99 
28 5 83 68 92 95 2 66 76 57 91 48 37 76 35 73 30 94 73 66 13 56 30 61 92 56 55 93 76 17 43 3 73 78 22 64 72 23 82 99 79 72 98 68 99 85 92 28 78 64 46 42 19 75 3 62 82 9 6 57 77 49 59 50 78 80 13 1 
55 46 100 33 17 49 52 15 33 44 95 62 7 40 4 78 66 58 91 48 66 49 4 43 49 15 92 26 46 56 26 100 2 77 33 70 78 36 85 10 79 31 24 38 70 27 15 35 84 57 34 49 5 38 91 53 52 34 78 97 90 56 97 43 32 81 12 
9 16 48 71 47 30 94 84 99 20 98 86 55 6 19 3 11 56 46 15 59 31 45 56 72 100 4 66 83 36 30 44 3 77 14 49 7 59 32 57 78 81 94 84 87 13 38 49 20 35 15 31 66 59 86 37 10 41 55 93 28 84 36 30 60 1 
79 18 59 62 27 88 43 20 71 81 84 8 29 56 95 95 86 60 6 23 48 15 63 2 59 42 85 94 71 97 46 1 66 4 63 44 43 5 64 13 85 99 73 65 54 67 11 39 78 16 61 25 31 75 79 89 16 15 35 39 11 32 39 29 36 
1 72 78 57 87 43 93 86 67 9 91 33 20 82 10 35 94 86 65 69 64 6 36 31 92 74 93 23 65 21 10 65 45 88 74 31 82 66 68 48 75 59 32 94 92 93 28 85 78 45 53 94 2 41 24 93 66 16 67 30 89 77 95 33 
16 68 15 97 85 35 96 59 45 27 52 36 19 32 20 48 76 25 41 29 65 16 21 30 84 87 60 72 15 6 56 30 25 70 78 9 56 73 20 100 51 71 35 69 54 55 69 81 79 9 9 95 77 81 24 60 20 35 83 34 92 38 16 
68 59 93 29 15 18 48 14 68 70 1 89 24 55 57 56 85 17 65 79 93 45 54 4 64 41 86 50 84 75 65 52 86 9 80 100 26 79 65 46 100 65 86 23 71 94 31 55 10 95 85 55 91 39 10 7 31 96 56 14 70 72 
65 55 80 96 6 58 26 23 55 26 87 40 100 10 85 30 64 46 24 49 100 15 39 10 73 21 57 28 34 78 99 51 85 30 98 42 39 24 64 93 49 3 84 100 12 20 30 75 66 53 75 17 19 65 78 91 85 34 70 71 64 
20 73 48 2 70 41 40 93 5 85 93 7 20 93 18 40 74 44 57 26 19 73 97 35 51 39 72 36 9 42 51 80 14 50 81 83 91 21 28 95 57 72 53 76 16 70 67 89 13 23 67 83 48 15 18 98 53 89 85 13 
82 88 93 95 37 73 29 79 45 8 73 1 32 25 29 47 46 95 88 59 70 54 93 17 20 10 66 72 50 2 85 83 89 29 77 78 1 58 56 98 17 81 50 48 57 78 47 3 25 86 13 46 39 5 62 58 67 79 81 
68 80 17 51 21 45 79 98 98 36 5 95 5 85 96 52 42 26 50 96 50 35 8 47 25 64 60 34 30 38 15 98 69 83 100 41 28 78 90 77 66 95 71 70 31 18 21 72 43 23 67 44 57 26 90 82 90 49 
15 71 38 81 20 7 64 19 99 43 97 89 19 62 35 41 83 65 58 55 89 1 77 7 44 34 33 34 67 74 34 33 44 72 14 64 30 29 82 28 71 30 68 89 43 2 29 25 19 86 80 7 86 56 65 82 41 
49 15 59 22 48 92 66 71 57 81 100 85 62 80 7 44 47 95 86 1 75 11 19 12 42 77 50 49 41 31 42 42 97 100 63 44 91 80 15 47 60 66 83 74 45 89 17 44 35 2 44 61 64 62 73 5 
90 22 6 82 4 47 23 100 46 86 95 89 17 61 87 77 27 70 50 23 10 66 66 97 19 9 57 83 22 29 39 11 2 44 93 57 42 67 56 40 52 3 28 21 63 14 97 41 35 98 64 97 15 81 93 
33 90 49 67 63 30 6 26 31 1 18 40 95 84 47 34 88 49 61 60 64 26 8 56 13 5 19 9 71 52 1 55 93 1 22 55 30 79 80 13 31 49 52 25 85 98 58 24 99 70 83 62 96 90 
17 60 46 88 68 16 91 20 70 83 20 91 37 2 21 69 14 52 17 65 76 1 14 86 76 64 55 58 77 2 47 46 61 44 33 28 59 75 99 29 57 71 71 45 72 44 13 85 95 82 1 22 34 
66 7 10 30 62 67 6 63 66 51 24 9 35 3 20 9 54 100 17 24 70 62 95 13 26 79 59 7 31 81 41 96 39 50 25 100 68 83 15 85 85 90 94 20 44 65 80 97 64 97 20 85 
10 14 98 35 44 8 42 26 40 34 22 79 83 98 30 2 32 44 87 17 33 32 88 77 96 67 25 59 15 45 43 24 10 92 11 6 52 4 31 91 37 4 69 71 54 51 72 85 94 58 1 
79 41 88 7 36 7 31 46 21 27 41 97 89 84 7 46 35 62 76 78 98 32 46 20 85 96 91 69 42 1 22 72 41 9 78 29 67 60 74 88 87 14 36 27 50 42 72 84 55 99 
61 52 30 59 23 66 6 65 35 99 65 8 70 58 68 47 38 35 7 11 74 45 77 9 71 26 50 94 61 4 92 74 7 22 84 81 87 89 45 73 40 10 80 9 19 100 8 56 34 
66 18 7 10 46 15 32 23 16 25 36 71 68 9 29 89 92 9 28 32 53 100 71 14 32 80 32 31 87 39 16 4 9 22 13 54 88 96 77 3 72 12 73 39 72 1 80 63 
61 7 46 13 58 69 27 41 48 10 23 86 49 38 41 9 59 53 62 46 100 90 100 71 53 72 61 24 24 40 38 84 46 84 49 56 52 75 96 51 36 19 88 36 56 28 44 
67 32 6 64 83 95 64 53 48 87 65 23 63 5 61 98 50 96 46 5 99 72 53 1 8 71 88 43 78 67 39 44 50 44 60 32 90 75 36 89 61 100 12 75 4 24 
73 6 19 70 62 69 94 14 69 53 36 8 47 66 26 85 9 75 28 20 58 70 94 93 58 7 44 21 81 100 96 5 5 66 75 18 34 20 32 2 72 19 9 18 84 
34 3 45 60 82 64 17 51 10 61 61 16 5 33 96 4 29 53 8 94 27 77 28 46 8 81 69 79 42 86 62 75 40 58 87 22 74 3 24 83 64 36 98 68 
69 45 23 49 97 82 94 75 58 73 72 18 54 40 96 95 78 9 21 17 67 7 90 40 10 14 22 25 1 71 92 21 67 66 69 64 47 15 90 4 87 62 21 
40 1 68 34 30 77 55 47 43 13 36 34 22 1 7 46 54 77 89 74 43 54 95 58 52 9 48 56 95 9 28 35 61 96 20 91 24 26 89 18 39 76 
51 12 77 57 58 30 85 98 55 79 4 49 37 55 57 84 62 52 44 42 38 56 37 57 98 12 35 86 29 25 62 31 36 90 87 45 71 23 43 25 1 
46 74 37 52 30 72 14 33 67 55 22 75 43 31 72 6 65 10 34 89 71 64 24 12 2 69 82 24 63 58 76 8 31 13 11 13 36 24 97 55 
30 19 29 24 49 100 29 65 9 62 53 31 77 28 94 30 48 27 5 10 85 81 69 67 45 80 31 80 55 80 34 85 98 62 8 98 14 37 62 
74 50 66 5 79 93 98 8 93 77 13 2 61 45 23 79 89 2 10 20 8 89 6 92 38 19 52 35 32 40 48 6 41 13 62 19 57 11 
79 49 87 91 3 99 35 25 78 75 78 87 94 85 27 51 29 64 70 32 50 53 71 97 10 63 61 71 82 17 34 60 18 20 2 72 19 
88 48 96 62 77 34 7 13 60 58 41 23 79 24 72 31 46 20 41 9 80 63 42 48 96 1 17 68 54 88 38 93 87 85 6 63 
18 12 76 29 21 68 3 51 92 26 34 37 45 74 97 76 88 38 23 36 90 40 3 43 79 92 35 18 76 40 32 45 4 7 73 
76 27 27 27 70 52 60 6 48 85 3 23 24 92 45 59 82 36 13 76 67 4 11 36 31 2 67 75 57 26 99 85 52 25 
63 21 76 22 78 23 58 32 97 33 24 42 92 57 29 56 32 47 60 94 82 42 48 49 17 4 26 15 40 77 40 2 49 
67 75 78 90 32 62 86 65 37 79 8 93 60 63 76 6 74 70 40 16 17 40 84 72 65 98 12 93 89 65 93 56 
40 22 97 23 83 34 39 19 65 46 63 24 61 39 81 86 60 72 53 28 11 36 51 27 34 14 19 74 79 63 29 
18 85 77 40 67 11 79 38 75 76 52 50 88 42 82 74 53 54 26 80 64 62 31 43 47 44 61 20 22 76 
1 91 60 77 31 78 39 61 67 13 88 19 14 76 12 96 1 65 49 78 44 64 39 26 58 37 70 19 9 
43 46 61 34 5 37 16 82 28 28 49 92 67 19 6 42 82 53 94 46 1 72 42 16 62 67 74 51 
88 44 59 31 41 19 16 45 7 83 78 86 62 78 78 28 48 83 22 30 35 15 75 87 86 68 54 
100 35 79 50 22 74 60 4 14 30 71 10 88 5 88 74 66 65 51 94 13 85 15 94 71 81 
68 9 19 36 62 18 22 93 19 95 18 78 51 84 7 73 93 94 78 32 67 43 49 69 88 
61 53 54 54 23 35 73 31 5 60 45 22 33 89 40 28 58 17 30 41 75 2 86 68 
79 17 87 74 65 55 13 77 60 67 82 34 53 55 17 57 66 13 30 99 53 69 78 
10 37 7 51 63 8 88 82 39 4 68 12 69 75 76 97 86 42 79 19 46 85 
87 2 50 99 83 100 51 51 29 13 39 35 63 53 95 2 35 33 5 54 96 
25 80 71 22 65 65 52 36 10 36 74 64 37 73 46 37 75 49 17 87 
39 52 1 92 46 2 78 30 59 31 25 83 63 47 56 79 11 7 14 
73 42 40 88 79 12 85 67 38 85 83 25 24 86 77 67 83 31 
44 12 89 26 88 71 88 35 79 67 97 85 32 21 79 71 8 
9 34 45 75 72 29 9 48 52 47 76 70 29 6 65 93 
94 43 80 17 30 66 95 48 63 79 80 35 57 2 43 
65 36 87 91 59 67 52 58 71 50 33 40 78 39 
5 70 32 99 2 48 28 67 94 28 29 73 59 
16 81 60 58 98 47 96 40 57 62 91 14 
32 92 47 24 70 37 80 91 20 78 92 
20 57 11 13 84 91 85 42 6 18 
54 15 67 100 10 6 57 24 49 
22 7 40 20 82 61 56 61 
52 76 90 95 47 47 5 
59 30 96 96 24 53 
13 77 68 79 76 
77 36 84 52 
84 58 11 
24 77 
92 
