21 2
10 92 51 72 7 50 34 24 92 70 94 91 74 1 51 47 70 25 10 93 
67 10 54 63 17 3 48 58 5 21 94 66 64 96 89 70 97 22 45 
88 43 38 79 69 90 81 67 59 5 77 3 71 38 8 33 6 63 
32 63 19 4 8 84 67 3 73 88 51 46 32 39 41 22 69 
61 11 49 79 22 53 55 24 23 44 84 7 49 46 38 64 
64 94 71 99 60 26 23 100 76 69 83 14 61 4 82 
21 15 82 99 36 34 6 11 8 49 94 14 50 91 
4 13 6 97 83 5 8 8 27 7 36 47 42 
1 7 45 35 79 11 16 30 98 2 35 9 
9 35 54 23 84 97 78 96 2 74 31 
6 33 90 85 92 25 31 33 26 90 
29 60 68 40 27 97 37 28 83 
97 37 18 51 11 53 47 88 
1 100 13 31 58 45 20 
42 88 97 24 20 74 
13 1 85 81 40 
11 29 28 39 
64 25 27 
33 27 
37 
