50 5
5 44 57 21 64 75 36 68 36 64 20 82 71 41 48 27 22 71 99 27 71 8 52 27 92 97 83 33 53 37 46 9 33 2 81 48 28 16 67 63 31 39 97 2 79 44 80 100 67 
31 79 37 38 30 63 81 79 97 13 31 86 10 91 18 63 71 17 91 38 84 53 69 22 1 22 52 45 53 52 11 83 82 99 20 63 13 52 41 62 17 23 47 26 13 16 89 83 
32 31 21 67 83 41 40 84 62 92 80 14 95 42 97 28 92 68 90 4 20 83 65 36 5 63 13 18 78 1 52 62 31 24 28 66 64 68 1 77 11 32 43 5 25 91 32 
16 10 73 71 81 55 88 68 12 50 81 81 80 33 32 41 16 8 68 33 23 87 33 52 97 16 94 53 92 36 36 7 45 9 29 78 15 68 45 26 18 25 6 97 10 90 
37 25 97 56 57 71 43 41 22 91 8 67 44 99 2 79 57 99 39 37 76 6 5 72 31 22 97 37 70 58 78 58 34 74 13 42 44 7 34 18 98 41 84 93 91 
38 23 99 36 14 35 63 19 39 34 49 12 82 37 81 39 14 90 24 39 55 65 35 61 98 52 10 90 87 54 80 24 77 78 11 90 13 73 8 51 59 8 63 40 
45 95 31 10 85 54 1 91 19 87 51 16 38 13 6 76 66 37 100 94 15 10 83 79 35 42 81 93 2 95 32 46 90 62 7 26 68 59 16 86 45 18 53 
34 82 10 10 100 47 9 93 13 70 28 91 4 21 23 96 22 18 80 19 59 93 78 36 60 36 3 97 81 72 50 14 54 59 75 53 57 83 97 69 5 76 
11 8 97 34 56 70 51 35 89 61 27 66 96 39 53 98 35 33 69 84 99 74 95 73 78 3 8 75 24 12 2 34 71 98 19 78 68 21 12 8 81 
91 73 28 29 77 25 63 10 46 99 60 19 45 32 97 47 91 23 70 54 24 4 77 74 74 54 93 95 18 100 27 60 24 55 88 100 79 2 61 76 
100 20 47 44 4 43 43 46 17 12 100 92 67 28 17 41 81 9 87 50 60 13 9 35 67 96 35 98 50 47 73 1 19 19 97 22 13 39 19 
81 2 70 25 69 97 41 61 30 50 47 79 61 11 88 96 30 35 82 27 36 28 51 37 98 22 33 71 86 23 90 67 24 59 91 92 56 31 
4 85 32 2 15 45 13 54 40 42 89 73 20 76 100 22 12 98 43 96 68 29 18 9 47 42 68 37 85 75 19 41 11 3 42 25 47 
6 79 38 99 19 10 70 94 61 92 58 10 34 53 30 14 23 38 60 16 57 48 52 31 19 92 41 73 86 18 71 91 48 60 42 66 
69 11 11 81 2 20 91 88 73 72 53 47 9 65 62 66 64 13 48 34 57 41 6 42 58 28 32 57 87 73 22 7 36 84 88 
37 4 30 76 28 1 29 74 61 93 87 78 56 51 26 90 7 18 47 48 27 27 80 83 13 4 56 72 39 39 59 28 94 40 
55 73 40 83 98 52 27 84 30 35 35 7 76 41 24 22 41 50 48 72 32 13 75 87 84 66 77 94 45 23 33 99 95 
24 34 93 27 60 28 56 94 14 62 69 7 37 43 47 86 42 18 69 54 44 55 89 61 84 82 5 6 66 56 100 41 
89 44 68 100 72 75 46 37 37 14 43 25 8 89 11 2 6 79 7 50 86 96 62 69 29 67 74 95 22 73 87 
62 69 54 61 40 81 6 76 17 72 71 41 31 59 3 32 17 34 39 18 19 34 79 87 62 45 12 8 18 84 
47 31 52 52 92 43 32 49 71 100 20 41 93 51 51 95 34 67 28 72 84 98 57 15 84 71 11 95 30 
81 31 76 11 34 28 2 29 59 51 99 59 22 91 3 24 41 97 58 60 77 81 95 74 38 9 10 60 
72 4 89 52 86 65 62 72 44 16 100 54 18 50 64 39 92 66 15 32 15 72 43 91 4 38 16 
41 98 25 100 69 81 41 20 18 57 34 89 100 49 88 5 66 89 69 56 80 34 70 12 100 93 
6 90 97 95 58 37 45 34 89 13 14 81 85 32 37 70 72 88 18 60 92 35 48 12 90 
28 98 60 91 97 52 48 39 48 43 96 37 87 29 77 51 95 57 87 78 45 56 49 84 
25 60 27 59 60 39 1 39 36 12 81 84 15 28 74 15 22 69 51 60 50 79 63 
96 87 49 25 31 57 73 66 33 85 92 44 44 30 44 34 17 7 14 53 21 93 
26 35 67 47 85 26 48 15 88 43 1 37 67 83 45 91 48 77 75 40 72 
70 21 15 3 90 21 68 42 94 13 19 28 79 65 65 4 12 79 92 6 
32 80 24 14 76 15 14 4 41 5 76 11 77 42 65 66 15 85 59 
8 97 78 35 27 94 99 30 58 30 73 63 61 4 87 26 31 53 
39 35 93 95 62 55 72 3 72 37 69 8 48 76 4 77 63 
82 70 61 63 27 42 88 42 2 43 80 28 74 32 18 60 
76 13 21 83 84 75 54 72 96 61 19 71 16 47 33 
97 17 46 11 95 87 98 88 89 41 19 68 14 50 
37 25 78 49 97 60 84 23 65 8 18 25 78 
89 92 25 73 88 41 18 50 87 5 48 27 
45 88 45 64 53 47 100 29 24 1 25 
35 36 47 99 43 17 23 21 5 14 
45 29 53 37 47 2 23 3 1 
1 99 40 46 62 92 92 13 
72 67 13 96 1 49 95 
99 43 11 73 63 67 
38 7 95 90 43 
93 43 18 95 
96 18 45 
35 15 
58 
