30 5
5 85 62 75 97 9 49 93 32 45 75 59 65 41 13 29 64 58 65 44 75 58 25 13 75 39 20 65 95 
55 4 100 39 65 26 87 25 74 79 56 71 54 66 35 46 31 15 61 88 31 57 14 88 33 26 14 72 
98 31 66 4 34 17 42 50 42 28 75 68 59 82 38 64 100 24 9 30 38 70 69 20 78 82 59 
10 59 24 33 8 54 51 11 87 67 52 37 9 32 63 28 90 96 65 53 95 88 13 76 77 34 
44 96 11 25 54 21 36 77 5 43 83 55 54 69 22 57 57 82 88 19 9 29 15 73 33 
61 12 98 37 88 31 80 83 94 57 88 66 92 16 70 86 98 25 39 19 46 48 75 79 
87 46 39 16 12 11 100 72 22 97 60 61 80 92 43 73 48 30 38 91 97 59 28 
95 83 67 65 80 14 39 58 100 36 96 67 99 58 19 71 31 67 82 91 46 73 
85 70 72 66 59 62 63 18 90 9 100 8 73 80 73 63 89 24 99 37 91 
97 46 61 19 29 27 53 71 73 25 56 42 97 73 53 10 87 70 51 95 
69 58 19 100 82 82 41 6 32 77 48 80 74 8 51 2 34 3 25 
6 27 32 100 75 4 52 85 43 73 35 37 41 45 56 93 26 89 
33 31 72 61 78 51 86 85 1 40 71 55 64 28 82 47 27 
56 50 30 92 92 54 27 81 47 23 88 39 48 28 23 79 
99 35 8 49 20 45 2 59 15 56 74 42 89 20 21 
45 22 2 88 13 56 66 45 2 88 32 92 36 59 
14 66 57 48 25 58 19 69 59 78 35 14 51 
77 3 23 49 99 44 50 38 8 57 4 53 
10 91 36 1 78 95 66 43 3 65 68 
12 84 88 70 13 23 36 15 99 90 
37 99 40 80 100 77 88 57 32 
40 66 23 75 19 100 21 84 
95 76 1 62 87 84 49 
9 96 71 96 10 21 
85 47 19 76 78 
71 4 65 27 
36 56 44 
58 31 
14 
