21 4
15 15 16 40 36 59 18 53 52 17 92 55 52 55 48 10 25 96 95 76 
2 26 41 64 80 84 63 15 17 27 95 83 42 62 23 29 72 92 82 
24 8 25 78 59 31 78 20 7 73 14 34 26 40 26 41 71 9 
56 85 78 82 32 60 75 45 34 4 17 25 37 92 84 61 21 
95 43 98 14 1 23 80 34 48 19 59 89 41 19 96 25 
48 77 8 60 52 53 45 55 69 70 43 60 53 55 80 
99 97 30 13 97 4 92 82 51 62 92 91 2 62 
86 78 10 15 86 21 66 38 65 72 58 86 14 
69 91 68 100 89 16 81 53 64 84 44 45 
87 57 36 29 58 49 67 36 58 81 73 
30 46 10 47 69 19 84 82 87 74 
1 38 15 16 19 67 79 2 11 
75 88 19 62 17 77 10 83 
64 20 15 36 49 12 97 
47 80 15 31 13 53 
4 13 90 70 80 
8 37 10 62 
99 84 49 
17 45 
17 
