100 2
35 40 22 67 76 39 44 89 97 18 36 92 68 46 75 59 98 31 87 22 66 90 60 34 13 35 29 77 37 14 43 36 43 83 10 90 14 95 44 44 98 54 24 6 2 62 87 84 48 83 70 47 61 65 69 80 62 19 69 41 40 56 35 50 66 2 43 77 68 33 74 76 54 35 30 77 68 56 99 74 70 24 26 70 43 32 35 93 58 77 5 65 98 25 77 81 46 47 40 
72 55 53 55 70 57 95 73 30 69 95 85 13 59 30 74 63 60 40 33 62 60 17 21 68 53 88 43 20 61 69 8 63 31 78 20 79 18 12 72 19 17 29 33 46 59 65 17 70 76 16 34 41 43 76 28 17 42 15 25 52 63 49 41 35 8 50 73 5 50 69 47 34 58 81 55 21 74 74 64 37 28 64 73 41 41 77 24 53 34 83 78 41 52 68 46 30 8 
18 79 94 5 38 75 115 42 5 81 45 80 89 88 117 9 110 35 98 113 61 64 51 5 22 60 45 53 31 3 80 100 41 96 53 105 74 77 118 91 64 46 42 79 110 99 87 92 61 79 87 88 93 78 96 55 94 72 65 63 12 56 91 38 79 101 60 72 95 80 65 52 15 68 81 91 118 71 74 38 49 74 7 42 45 103 96 99 38 41 111 34 98 89 54 69 79 
74 87 19 39 83 109 29 14 88 56 65 84 76 110 10 101 25 85 104 61 51 34 13 20 69 39 36 35 15 63 93 25 95 36 102 61 62 111 75 46 28 24 72 101 93 70 89 66 65 76 78 84 80 82 39 84 58 54 60 18 53 81 21 63 91 64 55 87 79 61 43 15 73 76 76 111 73 73 29 37 73 23 35 39 100 79 90 21 52 107 26 89 86 50 59 62 
16 75 43 52 36 49 80 49 61 45 9 33 37 74 34 49 45 37 23 38 58 79 58 54 35 60 50 79 55 20 56 25 59 28 36 43 39 57 67 65 67 7 36 19 67 17 39 41 27 21 26 28 50 53 27 38 29 17 67 23 25 65 51 29 37 58 21 17 14 31 65 39 2 52 38 29 16 46 40 16 76 39 35 26 62 24 62 62 32 48 23 15 25 23 60 
89 59 66 22 59 94 62 77 44 9 28 23 87 18 61 36 21 39 43 65 92 71 70 49 66 66 93 54 8 66 29 65 25 37 43 24 53 71 73 76 15 20 10 65 21 55 40 21 14 15 41 43 59 16 40 35 32 81 38 16 74 50 14 53 60 7 30 29 43 78 54 16 47 24 44 31 58 50 31 90 52 48 23 57 8 72 78 23 60 7 21 39 29 60 
32 70 111 40 9 76 40 77 85 84 112 9 105 31 95 108 56 61 49 8 18 55 40 52 26 7 78 95 39 91 51 100 71 74 114 89 63 45 42 74 106 94 85 87 55 76 83 84 89 73 93 53 90 69 61 58 8 51 87 38 77 97 54 70 91 75 61 48 12 62 76 89 113 65 69 35 46 69 3 38 41 98 94 94 37 36 106 31 93 84 49 65 77 
45 79 30 39 49 27 59 53 61 81 34 76 21 73 79 23 42 45 38 19 33 14 48 7 38 64 63 36 58 47 67 51 56 83 73 60 47 46 44 77 62 75 54 27 57 58 56 62 41 74 44 63 50 38 26 25 20 60 42 61 68 25 60 61 42 29 24 25 34 44 71 82 34 36 22 29 36 33 16 17 65 78 65 39 26 74 19 64 51 19 40 66 
78 73 79 7 32 92 56 84 80 76 83 66 97 86 35 77 88 78 63 16 54 91 48 77 99 65 80 45 90 56 82 89 84 105 102 91 91 58 85 62 111 48 19 88 79 73 78 25 101 86 79 82 70 43 66 45 77 87 96 80 21 99 72 36 49 61 68 14 51 101 81 22 36 65 69 36 69 58 56 56 110 75 84 36 67 64 74 46 49 67 103 
81 116 72 95 61 26 44 2 109 15 83 48 15 58 63 86 114 93 85 70 87 86 114 71 15 88 33 86 23 56 61 6 68 90 94 97 36 18 17 81 30 70 58 39 33 30 53 56 80 31 60 56 53 103 59 32 96 67 24 69 78 23 43 50 65 100 68 34 62 3 58 47 80 72 47 112 74 70 22 70 20 94 96 12 82 21 32 61 50 77 
40 76 57 37 58 46 82 34 72 9 55 74 42 21 15 39 23 63 19 17 32 40 38 66 8 72 17 77 32 34 82 49 29 18 19 45 72 66 47 65 54 37 47 49 54 62 53 14 54 29 24 38 33 32 51 16 37 62 52 31 58 58 36 17 28 60 50 49 82 57 52 8 8 52 43 15 17 75 54 61 13 55 80 11 60 62 28 30 38 
85 49 77 90 86 117 6 109 34 96 112 63 62 48 1 22 64 45 50 33 2 77 100 38 98 50 106 73 75 118 88 60 42 38 79 110 99 84 93 64 77 86 87 93 81 94 52 93 70 63 64 14 57 90 35 76 100 62 69 95 82 66 51 15 71 82 89 118 73 76 37 47 76 11 42 45 104 93 98 35 45 112 34 98 90 55 68 76 
39 91 52 82 74 81 78 69 94 81 35 78 90 84 68 23 56 93 53 83 99 60 83 39 92 50 81 88 78 104 103 94 94 56 81 57 111 42 22 87 76 70 75 21 99 87 76 82 69 43 71 46 74 90 95 77 24 99 68 32 48 62 73 15 48 100 75 21 33 68 71 33 75 61 58 50 109 70 87 43 61 67 70 41 50 66 103 
87 69 86 97 47 96 48 98 99 38 70 72 48 39 16 42 75 25 47 92 80 62 67 74 77 78 83 100 100 87 72 70 65 97 78 103 66 25 84 82 79 85 45 100 72 86 77 65 46 37 42 83 66 89 90 26 88 82 52 51 52 41 30 61 98 98 38 48 49 57 48 38 44 44 76 106 85 64 4 87 46 84 63 43 65 94 
49 17 62 71 48 46 20 49 56 17 32 76 60 87 45 32 64 77 10 52 40 69 31 69 9 3 60 13 30 41 44 38 46 54 21 61 74 4 23 30 31 71 16 26 30 9 22 48 70 47 29 46 6 38 71 17 39 62 43 35 65 77 47 12 62 70 58 43 32 58 80 43 42 67 19 41 44 85 67 47 41 60 44 24 16 
35 28 84 27 59 45 30 31 45 66 89 67 61 45 68 60 89 59 10 65 20 67 20 41 48 30 60 74 74 76 13 29 9 71 12 46 45 28 21 24 31 51 61 25 44 36 26 77 33 24 74 55 24 44 64 16 20 24 41 74 45 8 55 29 35 22 55 49 22 86 49 45 18 64 18 71 70 22 58 17 12 35 30 65 
44 80 30 53 12 32 51 25 46 85 66 83 47 46 67 86 27 35 51 55 46 53 14 17 42 25 47 55 58 26 29 38 37 47 68 13 6 14 14 61 16 40 13 18 23 42 76 44 12 58 23 20 66 34 22 51 36 37 72 71 35 19 44 62 49 49 39 49 87 47 45 51 29 24 57 85 50 53 24 46 42 21 33 
111 15 84 48 14 60 64 87 116 95 87 72 88 88 116 71 17 89 35 87 25 57 61 5 68 91 95 98 38 17 19 81 32 72 58 39 34 31 55 56 81 31 60 57 54 104 61 33 97 68 24 71 79 24 45 51 66 102 70 36 62 1 60 49 81 73 49 113 75 72 24 70 21 95 98 14 84 21 34 62 51 77 
103 27 90 106 57 55 42 5 16 61 38 44 28 6 71 94 32 92 44 100 66 68 112 82 55 37 33 72 103 93 78 87 60 71 80 80 86 75 88 46 86 63 57 58 10 51 83 29 70 94 58 63 88 76 60 45 9 67 75 83 111 68 70 30 41 70 12 35 38 98 87 92 29 43 106 27 91 84 48 61 70 
76 33 3 57 53 75 108 87 88 65 76 83 108 57 18 78 42 75 34 44 48 12 53 78 84 87 31 2 21 66 36 73 44 26 22 18 58 41 69 18 47 47 50 97 56 20 86 53 10 71 65 14 47 46 58 94 72 34 47 15 62 49 72 63 49 107 67 64 32 55 11 84 96 25 75 12 37 56 41 63 
63 79 38 29 24 32 14 55 15 26 22 33 47 68 14 70 26 76 39 43 85 58 39 25 24 46 76 68 57 64 47 45 52 53 59 58 62 24 59 37 29 35 24 28 56 20 46 66 45 41 61 55 35 18 19 54 51 58 85 52 49 3 14 49 34 10 13 75 63 65 17 45 81 2 64 61 25 34 48 
34 63 34 53 95 77 96 59 52 79 96 27 43 59 65 52 61 23 22 45 20 50 61 65 38 31 46 33 57 81 19 18 24 21 73 8 47 20 26 35 54 87 56 21 66 24 25 78 37 30 63 49 49 83 83 46 14 48 74 61 60 49 61 97 59 57 59 22 30 64 98 56 64 30 57 54 33 33 
60 55 78 111 90 91 68 78 86 111 59 20 81 44 77 35 46 50 11 54 80 86 89 35 3 24 67 38 76 46 28 25 20 60 42 71 20 50 50 53 100 59 23 89 55 12 74 67 17 50 49 61 97 75 37 48 14 65 52 75 66 52 110 71 67 34 56 14 87 99 26 78 15 40 60 44 65 
42 56 61 41 32 23 58 30 61 64 42 50 35 57 43 46 53 62 70 68 60 61 27 59 40 76 31 17 53 46 41 47 20 67 52 48 47 34 8 49 10 45 58 60 52 15 64 44 18 14 26 48 21 23 66 60 14 12 36 36 12 56 28 25 42 75 47 55 39 51 36 46 28 14 32 68 
22 61 43 72 28 23 47 61 22 50 26 63 22 65 10 14 64 30 29 31 34 32 52 52 33 55 59 16 26 30 35 59 33 16 34 8 9 34 53 32 32 33 19 42 56 21 40 52 30 18 48 63 40 29 65 57 47 26 15 47 63 26 25 63 36 43 31 68 65 30 42 53 29 15 25 
47 35 78 34 2 46 48 29 73 10 83 2 86 31 30 86 41 15 8 12 53 75 74 36 75 69 34 49 53 57 75 49 6 57 28 30 50 43 45 54 13 30 65 66 21 63 70 48 29 38 75 60 43 88 70 64 23 19 64 53 30 31 84 45 66 13 69 88 26 65 73 41 36 28 
21 63 43 49 32 1 76 99 37 97 49 105 71 73 117 87 59 41 37 77 109 98 83 92 63 76 85 86 91 79 93 51 92 68 62 63 13 56 89 34 75 99 61 68 93 80 65 50 14 70 80 88 116 72 74 36 46 74 11 40 44 103 92 97 34 44 111 32 96 89 53 67 75 
50 22 38 15 21 61 77 25 76 38 84 53 57 96 72 50 34 31 56 88 77 70 71 46 59 65 65 71 60 76 37 72 51 43 42 10 35 68 27 60 78 44 55 72 60 43 29 7 53 59 72 95 53 54 17 28 54 20 19 23 82 77 76 25 35 90 13 75 68 32 47 61 
45 81 34 62 94 71 69 54 80 65 78 84 90 101 93 80 79 59 90 68 105 55 15 84 78 73 79 32 99 77 80 77 65 41 51 40 78 75 91 83 17 91 75 41 46 53 53 16 54 98 88 26 39 55 61 39 53 49 48 64 106 78 72 20 75 53 77 52 43 63 97 
37 20 43 50 55 27 55 36 62 36 42 73 58 48 38 38 34 66 54 61 49 34 43 44 44 49 43 59 32 50 35 24 20 32 13 47 35 47 56 32 46 50 40 21 10 29 40 37 57 73 37 33 13 16 33 42 5 2 60 64 54 32 40 67 13 53 46 10 26 52 
49 50 28 74 13 85 1 88 32 30 87 39 12 8 13 54 75 75 34 77 72 33 49 54 58 77 48 7 57 28 31 52 46 47 55 15 29 66 69 19 63 72 50 31 41 77 62 42 89 73 66 26 21 66 55 32 34 86 44 67 15 72 89 29 66 75 43 38 26 
31 68 71 36 65 48 74 56 61 90 77 61 47 45 51 84 69 78 61 31 62 64 63 69 47 79 46 69 54 44 33 19 27 66 41 66 75 29 63 68 49 37 30 20 38 51 76 89 39 43 23 33 43 26 20 22 72 83 72 38 22 81 20 71 58 26 46 69 
77 99 38 96 50 104 72 74 117 88 61 42 39 78 109 98 84 92 62 77 85 86 92 79 94 52 92 69 63 63 12 55 89 35 76 99 61 69 94 80 65 50 14 69 80 89 117 71 74 36 47 74 9 40 44 103 93 97 35 43 111 33 96 89 53 67 76 
62 39 79 28 79 18 11 69 11 23 37 41 48 56 64 12 71 81 14 33 40 41 80 21 25 40 17 29 56 71 54 39 43 4 47 78 10 49 71 51 40 66 85 57 14 72 78 67 45 35 67 81 47 47 77 16 51 42 90 77 49 51 69 51 33 6 
73 24 73 18 45 51 19 60 79 81 83 21 20 3 72 18 56 48 29 22 22 40 50 67 23 48 43 37 87 43 23 82 58 19 54 68 13 30 34 50 84 55 19 55 18 45 32 64 57 32 96 58 55 16 64 13 79 81 15 67 12 19 45 36 68 
80 13 85 36 37 89 50 25 10 11 52 78 74 46 73 61 40 53 56 60 70 56 14 60 33 31 46 33 40 58 8 38 68 59 31 65 66 44 25 27 68 58 51 89 64 60 14 16 60 42 22 25 83 55 68 5 59 88 16 67 70 36 37 38 
84 11 61 68 39 80 92 89 91 31 44 20 91 8 41 65 49 41 44 21 72 78 45 63 54 35 84 42 44 88 75 43 41 83 36 16 35 54 83 37 23 75 36 29 22 68 64 22 91 60 56 11 85 36 85 69 22 69 36 10 45 48 85 
87 31 29 86 39 12 9 13 53 74 74 34 76 71 33 49 53 57 76 47 6 57 27 30 51 46 46 54 15 28 65 68 19 63 71 49 30 40 76 61 41 88 72 65 25 20 65 55 31 33 85 43 66 15 71 88 28 65 74 42 37 26 
61 67 29 78 94 93 95 33 36 15 90 12 52 64 46 39 40 32 68 80 41 64 56 41 92 49 41 93 74 37 51 84 31 25 41 59 91 48 26 73 25 39 31 73 68 31 100 66 63 2 82 31 90 79 11 75 30 15 51 50 84 
7 55 23 34 40 43 29 43 47 30 52 64 6 17 23 26 61 23 25 25 3 13 38 63 37 23 44 14 34 61 23 32 52 33 26 59 68 38 20 57 60 48 36 25 48 74 36 34 59 28 35 42 76 60 40 35 51 34 14 24 
60 17 29 39 43 36 47 53 23 59 71 3 22 29 30 68 19 24 30 6 19 45 67 44 28 43 7 37 68 17 38 60 40 31 62 75 45 15 62 67 56 40 29 56 77 40 39 65 22 40 42 82 66 44 40 58 41 22 17 
65 89 95 98 39 14 22 78 36 76 56 38 33 29 59 53 80 30 59 57 56 106 63 32 97 65 22 74 77 24 49 53 67 103 74 39 59 4 64 52 82 73 52 115 76 73 29 67 20 95 101 19 84 21 38 64 51 75 
33 48 52 50 51 63 13 72 88 17 31 39 38 84 12 36 37 23 36 61 82 61 37 54 12 44 85 21 47 75 56 48 77 91 59 6 68 83 71 55 44 71 92 57 56 76 5 48 54 99 75 59 48 71 58 38 15 
18 22 61 76 80 24 84 83 33 51 57 60 87 44 16 59 30 38 61 58 57 57 25 25 67 80 13 67 80 58 41 52 88 69 37 91 83 75 38 32 75 67 44 45 92 37 69 26 84 94 41 69 82 53 44 18 
4 60 83 81 42 82 72 42 57 61 66 80 57 14 65 36 38 56 40 50 63 7 38 73 69 27 71 76 54 35 35 78 67 50 96 75 70 25 25 70 49 33 35 91 52 74 8 69 95 27 73 79 46 44 34 
62 86 84 46 83 72 46 61 64 69 81 61 18 69 40 40 57 37 51 66 4 42 77 69 32 74 77 55 36 32 78 69 55 99 75 71 25 26 71 45 33 36 93 57 77 6 67 98 26 76 81 47 46 38 
33 21 60 23 44 34 20 14 20 34 43 47 21 31 23 19 66 24 18 61 44 25 41 51 17 24 14 28 63 45 8 45 38 35 22 43 36 22 76 37 33 31 55 20 58 65 35 46 19 21 25 17 53 
24 64 38 75 43 25 22 17 60 39 68 17 47 47 52 98 57 20 86 52 9 73 64 15 49 47 58 95 74 36 45 17 64 51 73 63 51 108 68 65 35 53 12 84 98 28 76 13 39 57 42 62 
75 14 53 50 31 24 25 37 53 68 26 50 43 35 86 42 26 82 60 22 52 70 16 27 33 49 84 52 17 57 20 42 29 64 58 29 95 58 54 13 67 16 80 79 13 67 15 16 44 37 70 
82 93 25 43 50 51 92 26 32 50 29 41 68 79 66 49 49 16 57 90 15 59 83 63 52 74 97 68 19 81 90 79 55 45 79 89 58 58 88 14 61 49 101 87 58 61 81 62 45 8 
41 57 40 33 36 23 64 70 37 55 46 29 79 36 36 81 67 35 39 75 28 13 28 47 78 38 15 67 33 28 18 61 57 18 87 54 50 11 76 29 78 67 21 63 28 2 39 40 76 
71 63 58 64 20 85 66 65 64 51 26 50 26 63 68 77 68 2 80 60 27 32 42 51 7 39 84 73 12 24 46 50 24 55 39 37 51 93 63 65 27 62 45 62 38 30 49 84 
19 26 27 67 17 28 26 8 19 44 69 44 25 47 10 34 68 20 35 58 39 32 64 74 43 13 58 66 54 42 31 54 79 42 40 62 22 37 45 83 63 46 37 56 41 21 20 
7 8 55 23 43 8 21 22 37 75 40 6 60 29 16 61 39 16 45 32 35 72 65 29 26 39 56 43 49 39 43 86 46 43 44 35 18 58 82 44 52 18 40 39 18 39 
6 49 30 47 7 26 24 33 76 37 4 64 36 13 56 46 9 38 28 35 72 60 22 34 34 50 37 50 41 37 85 46 42 37 43 12 61 79 37 53 12 32 36 19 46 
53 28 51 1 29 29 39 81 43 2 68 37 7 62 48 8 43 34 41 78 65 26 32 31 55 42 55 46 42 91 51 48 38 42 10 66 85 36 59 10 36 42 24 47 
78 71 55 62 51 25 66 30 53 78 76 55 19 81 47 10 29 46 66 15 26 79 56 7 12 56 56 12 73 48 45 32 89 49 75 47 43 56 48 21 34 46 84 
43 27 25 35 58 86 59 27 62 19 32 82 31 37 68 52 49 81 87 52 7 56 78 66 59 48 66 96 59 57 67 14 37 61 99 64 63 38 63 56 35 26 
51 21 24 46 46 41 48 19 24 59 64 17 56 65 43 25 41 72 55 37 81 67 60 23 16 60 56 28 29 78 41 59 18 69 82 26 59 68 37 30 24 
29 30 40 82 44 3 68 36 8 63 47 9 44 35 42 78 66 28 31 32 57 43 56 46 43 92 52 49 39 40 11 66 86 37 59 11 37 43 25 46 
12 38 61 37 27 40 13 37 61 20 36 54 34 25 56 68 40 21 61 61 50 34 23 50 71 34 32 62 29 39 38 75 63 38 38 53 34 16 21 
26 53 25 27 39 26 37 49 30 33 43 21 14 49 55 31 33 58 48 38 26 16 38 63 24 22 54 41 37 37 64 57 30 36 44 21 6 33 
50 7 37 54 52 44 24 56 36 20 5 21 49 29 18 58 55 22 14 32 31 14 59 25 21 40 66 39 51 46 48 34 38 26 10 23 60 
43 79 33 70 89 48 64 83 67 53 40 5 57 68 82 105 59 61 27 38 61 10 29 33 90 87 86 32 33 99 23 85 76 41 57 71 
41 48 51 49 24 53 41 26 9 16 42 31 24 58 62 25 20 26 25 20 52 18 15 47 66 45 45 42 55 27 44 33 4 23 58 
65 35 10 60 45 10 42 32 38 75 64 26 31 33 54 41 53 43 41 89 49 46 39 40 12 63 83 38 56 12 36 40 21 45 
43 76 65 34 73 74 53 33 28 74 67 56 98 72 68 22 24 68 41 30 33 91 59 76 3 63 96 22 76 79 44 45 41 
43 75 12 45 67 47 37 65 82 52 13 68 74 63 43 32 63 80 45 44 72 17 47 42 87 73 47 47 65 47 29 10 
66 55 8 44 39 48 85 68 29 38 24 58 45 63 53 45 98 59 55 35 46 6 74 90 31 66 7 36 49 32 53 
77 58 26 29 39 49 9 37 81 72 12 22 44 48 22 54 36 34 50 90 61 63 28 60 43 60 37 27 47 82 
55 73 52 38 58 85 60 24 79 78 68 39 30 68 73 43 44 82 25 58 34 86 83 43 57 73 49 35 7 
36 32 43 79 60 21 41 25 50 36 58 49 36 92 53 49 29 50 3 70 82 28 61 2 28 42 27 55 
22 41 67 25 16 70 46 15 6 52 51 6 75 45 41 24 79 38 71 54 34 53 37 11 30 38 76 
19 50 35 15 52 52 26 16 32 29 16 62 25 21 39 61 35 50 51 46 34 34 26 11 18 55 
36 47 33 46 67 41 35 14 10 35 50 10 8 57 54 47 31 50 63 17 46 45 12 17 43 
58 66 77 102 59 60 23 33 60 15 26 30 89 82 83 26 37 97 19 82 75 39 53 65 
39 87 71 10 23 53 56 23 62 45 43 48 96 62 72 33 58 52 61 36 35 53 89 
54 37 29 15 47 42 15 77 41 37 24 63 24 64 62 30 49 23 13 26 25 62 
62 79 67 55 44 67 92 55 54 71 9 42 55 97 69 59 42 66 55 34 19 
61 50 82 74 50 114 76 72 25 70 21 95 99 15 84 22 35 63 52 78 
13 50 51 13 65 42 39 39 88 52 69 40 49 50 51 26 29 45 82 
46 45 69 38 35 29 76 39 65 49 39 47 38 15 24 34 72 
11 46 37 8 11 72 60 61 19 46 78 4 60 58 22 31 46 
45 48 13 13 67 50 53 21 55 72 15 52 54 21 21 36 
69 38 35 29 76 39 65 49 39 47 38 15 24 34 72 
39 42 99 97 96 40 34 107 33 95 84 51 67 80 
3 64 62 56 27 42 71 8 56 51 14 27 49 
61 61 53 30 43 68 12 52 47 11 24 49 
80 29 88 78 11 73 29 14 50 48 82 
51 58 104 78 64 51 75 63 43 18 
74 85 26 64 1 30 45 31 57 
60 93 19 73 76 41 43 41 
89 43 85 65 43 64 92 
80 26 23 57 51 83 
64 60 23 34 49 
29 44 30 57 
36 38 75 
21 54 
38 
