120 2
60 48 12 40 18 77 20 57 24 43 69 84 86 28 23 54 26 26 65 18 94 74 36 46 73 29 29 27 10 48 17 29 61 79 36 60 88 75 25 39 60 64 80 72 78 56 56 69 60 29 28 102 63 17 46 36 58 42 65 80 75 57 38 79 54 68 27 23 61 34 59 65 63 69 44 90 11 96 80 34 7 55 77 36 34 18 8 14 61 62 31 65 29 33 69 13 66 30 72 57 59 72 50 69 93 92 34 78 47 60 50 7 57 55 15 24 7 63 58 
71 69 22 53 70 63 64 36 17 74 45 72 44 82 30 47 33 14 48 53 22 25 13 18 82 54 36 59 39 77 84 60 72 37 5 44 18 35 49 11 77 33 93 66 69 7 69 44 40 85 57 4 52 23 95 19 18 57 57 85 87 24 33 87 27 32 43 37 81 81 19 16 60 39 60 58 105 58 34 63 19 79 31 87 73 67 69 43 4 35 15 59 36 74 46 68 38 46 49 49 70 70 56 55 62 92 60 49 71 14 58 89 69 58 60 52 34 71 
43 51 63 36 28 16 53 64 25 64 47 69 52 45 29 55 83 61 73 71 61 64 73 37 22 41 37 85 53 40 24 37 35 75 73 76 46 21 64 17 70 24 40 11 73 27 37 67 45 84 75 62 47 55 82 57 32 50 27 16 49 68 17 59 52 62 44 28 11 63 63 33 82 61 37 48 49 68 55 55 32 41 38 39 53 39 39 75 65 65 19 37 23 49 24 66 48 30 31 30 3 37 69 64 52 45 23 14 72 41 18 10 32 24 46 48 12 
48 30 75 16 55 34 54 67 88 85 41 13 59 29 37 76 30 99 82 47 57 81 17 28 34 11 61 10 17 60 77 41 70 94 83 34 39 69 60 86 65 78 53 67 67 63 41 16 108 73 29 53 26 69 51 65 82 70 49 46 85 46 74 37 35 65 24 52 73 71 69 57 93 12 90 82 46 15 63 75 43 22 6 12 4 64 72 43 73 27 38 66 24 64 42 75 59 60 70 46 70 97 95 23 79 48 57 61 11 49 52 14 21 18 67 55 
38 58 41 47 18 14 58 48 63 34 62 20 25 17 32 34 57 33 15 13 32 60 32 14 38 40 57 62 45 61 16 25 50 35 14 29 20 60 41 74 56 51 22 54 33 30 63 65 26 37 9 74 31 5 44 51 69 66 2 40 66 30 14 29 29 59 61 25 23 48 38 59 36 90 52 26 44 16 65 9 65 51 48 47 32 26 26 24 37 14 58 27 53 28 41 36 36 56 50 46 57 61 71 52 32 53 21 37 68 50 37 38 32 29 53 
87 37 69 19 35 82 86 95 12 38 57 36 21 54 4 96 71 27 39 69 47 42 31 27 32 32 47 71 89 42 51 89 70 26 49 57 79 79 88 87 70 48 80 67 14 45 103 55 1 46 52 45 38 74 87 89 74 37 78 72 68 24 9 65 53 74 63 61 78 28 95 27 111 87 20 15 55 90 39 52 36 20 32 67 54 18 62 44 38 81 15 78 16 77 66 67 83 65 78 96 98 50 86 57 73 40 24 74 69 31 40 17 66 72 
59 20 70 72 12 41 11 88 86 41 51 71 84 84 46 59 73 70 63 73 48 57 67 98 86 76 16 2 46 76 50 65 63 38 59 23 52 36 7 25 75 8 26 85 80 56 73 86 50 91 87 64 14 21 22 45 58 50 48 47 67 82 33 64 34 54 56 10 97 30 66 36 20 83 84 51 11 51 74 72 84 72 27 75 82 57 48 50 14 72 12 83 27 22 22 5 32 14 41 32 88 15 30 21 78 70 47 25 62 54 72 36 23 
39 32 50 51 75 69 45 27 47 17 35 72 36 85 71 44 52 71 20 13 26 10 63 26 22 44 61 29 65 81 74 29 24 60 44 75 51 62 37 62 51 48 44 24 94 67 36 42 36 67 45 49 67 55 36 38 73 34 63 34 38 51 19 38 62 61 53 60 77 9 76 66 47 27 52 59 33 24 13 25 12 49 66 44 63 11 28 50 25 48 44 61 43 45 54 30 55 82 80 33 63 32 41 58 13 37 36 5 5 20 54 39 
55 61 12 49 31 72 65 35 33 56 78 66 58 60 60 60 62 52 28 41 47 85 65 55 8 22 32 69 58 65 47 20 55 13 57 28 24 6 68 12 24 69 59 68 68 68 41 71 78 53 16 34 21 29 46 55 31 48 53 66 32 43 19 52 53 17 83 45 46 43 33 69 64 46 20 38 53 51 64 51 26 69 67 55 28 36 12 54 9 68 33 17 18 15 12 21 54 48 67 29 15 6 68 50 31 6 42 34 53 36 7 
19 67 66 77 18 47 37 23 3 41 15 76 52 12 22 50 50 30 13 26 32 42 51 55 73 24 36 69 52 7 34 38 66 59 77 69 57 32 64 48 14 50 83 39 18 26 60 35 19 57 68 76 66 17 59 65 48 4 12 46 51 64 44 41 61 29 76 25 98 68 15 27 35 75 20 55 39 31 35 48 38 12 43 34 19 67 10 62 13 58 48 49 67 53 60 76 78 57 67 40 60 26 24 67 56 27 32 16 46 59 
72 57 76 26 66 32 36 16 22 31 66 37 7 4 34 68 43 24 44 27 61 69 59 74 29 17 57 35 21 43 23 74 47 87 69 65 13 68 47 22 69 71 20 34 21 80 18 8 58 64 83 79 15 46 79 38 16 25 41 69 75 31 28 62 26 70 43 104 64 17 45 25 79 23 73 58 50 54 46 19 18 28 48 26 72 30 67 20 53 50 50 70 64 59 67 71 77 65 46 67 8 43 80 64 45 48 36 40 67 
51 24 85 76 43 45 69 87 79 57 66 72 71 69 62 41 54 59 97 77 65 13 13 44 79 60 72 60 33 63 10 61 24 19 14 78 6 30 82 70 68 77 81 51 80 89 64 18 32 12 32 58 59 36 53 65 78 38 53 21 59 60 17 95 42 58 31 31 81 76 55 8 50 62 63 76 63 31 78 79 62 40 48 1 67 5 81 36 24 24 7 21 22 53 45 77 26 27 10 79 62 34 15 54 46 66 42 12 
36 81 102 29 59 65 58 82 10 25 62 53 30 94 61 57 77 83 99 96 42 42 48 51 9 31 60 50 34 60 14 75 34 56 52 45 28 77 99 19 46 85 39 111 65 50 34 20 63 79 49 13 81 19 62 77 23 88 69 26 29 34 83 16 76 76 21 73 89 32 52 47 97 88 92 86 26 48 73 29 65 51 52 73 46 75 16 34 33 44 61 29 10 17 108 26 44 55 58 79 81 56 74 70 76 21 56 
95 97 44 60 78 86 91 39 58 79 74 62 84 57 64 76 103 96 87 25 10 53 78 44 64 70 47 60 34 49 47 8 36 78 20 30 91 91 49 75 94 55 102 90 68 21 16 32 56 63 47 60 46 74 89 35 75 45 54 56 17 102 22 75 41 15 89 93 53 20 57 85 83 93 82 30 76 88 57 58 57 25 80 23 90 26 29 28 17 43 17 34 24 99 12 39 33 81 79 58 37 71 64 81 37 35 
50 54 40 17 43 10 91 64 19 31 61 58 46 31 36 20 44 58 73 91 42 41 83 62 25 52 50 83 73 94 87 74 38 82 65 4 56 97 46 12 43 64 34 31 75 85 94 81 33 72 79 63 21 7 63 62 80 57 54 79 16 93 35 115 85 10 27 49 93 37 63 46 32 43 65 44 8 55 50 37 85 20 80 6 75 66 67 85 70 77 91 95 62 85 58 77 30 33 82 73 39 46 25 63 76 
72 42 49 88 40 112 95 59 69 94 17 41 47 24 70 6 14 71 88 54 83 107 97 47 52 82 69 100 71 89 62 79 77 75 51 10 121 86 38 66 14 81 64 77 94 79 54 59 98 50 88 50 45 78 26 60 86 84 80 66 105 26 97 94 56 23 76 84 56 20 13 18 15 76 85 53 86 39 52 75 36 74 52 88 71 72 81 55 82 110 108 12 91 60 66 73 24 53 61 27 33 30 81 64 
30 37 44 52 40 26 35 30 28 66 34 27 48 59 69 69 30 43 18 35 34 31 31 25 20 48 28 64 37 40 34 38 14 50 71 48 33 56 11 83 46 24 26 31 55 61 21 26 62 16 33 49 9 62 53 18 18 30 58 39 46 75 32 46 59 11 49 18 70 60 62 57 13 34 46 20 38 21 44 43 38 48 21 19 19 39 43 27 39 41 80 32 22 41 37 49 63 40 45 42 46 9 42 
25 57 33 69 54 32 37 54 37 7 11 18 55 39 39 35 53 12 50 65 57 16 13 43 43 58 54 52 34 47 44 34 37 41 78 51 35 26 53 54 30 39 54 53 43 23 56 43 46 22 33 36 34 41 45 44 43 52 64 17 75 53 38 33 35 53 16 41 29 34 26 34 51 36 46 12 11 45 21 41 36 46 31 32 46 30 43 67 66 49 51 21 37 44 20 45 33 14 13 21 38 36 
38 16 75 50 9 20 48 53 33 15 29 29 44 54 56 74 25 33 68 50 9 36 36 68 58 80 70 58 29 66 48 13 53 82 36 20 26 63 32 17 57 68 78 69 16 57 68 47 4 12 46 54 66 42 40 61 26 76 28 100 68 12 29 34 76 20 58 42 33 38 48 35 10 41 37 21 68 13 64 12 58 49 50 68 55 60 75 78 60 67 42 62 23 27 70 58 30 35 19 46 61 
50 65 33 29 20 28 90 64 46 66 32 82 92 74 87 48 8 55 28 43 61 25 91 44 106 80 82 10 83 58 40 91 67 11 53 36 101 10 27 71 71 99 99 34 45 99 40 38 44 51 91 93 32 30 74 34 74 65 119 72 33 66 33 93 42 95 80 71 76 57 10 36 29 69 46 88 51 82 38 60 63 63 84 82 70 67 75 99 74 63 84 14 65 101 82 67 70 57 48 84 
92 66 23 35 64 48 39 27 26 30 34 48 68 86 38 47 84 66 22 46 53 76 75 86 83 67 44 77 63 11 46 99 51 3 42 54 42 33 70 83 87 72 32 74 70 64 19 5 61 52 72 59 56 74 26 91 26 108 83 17 17 50 87 35 53 36 22 32 63 50 14 57 42 34 78 12 74 12 73 62 63 80 62 74 91 93 52 82 53 71 36 23 73 66 30 38 15 61 69 
32 71 62 36 103 71 67 87 92 109 106 50 47 58 58 9 37 70 60 43 67 20 82 39 64 60 51 37 87 109 10 54 95 49 121 72 59 42 25 68 87 59 20 89 28 72 87 33 97 77 35 38 41 92 17 86 80 26 82 100 41 57 58 106 98 102 96 36 56 83 38 74 61 58 83 53 85 25 43 42 50 70 36 5 15 118 31 53 62 67 89 89 64 84 80 87 31 64 
44 32 4 91 59 47 70 61 91 94 53 61 42 27 22 6 48 51 13 72 11 88 53 66 29 60 36 60 95 35 22 70 28 107 41 33 47 42 78 87 36 12 88 12 47 61 28 88 79 8 10 49 61 42 69 95 42 54 78 18 69 38 95 83 82 80 34 24 55 9 64 43 66 61 60 57 32 43 42 60 69 45 34 42 104 46 48 66 36 71 89 66 68 67 66 24 67 
12 41 62 39 20 38 25 53 63 59 76 28 24 63 43 15 41 30 72 53 85 71 63 21 69 49 15 62 77 28 26 24 72 23 12 59 67 82 76 15 52 75 43 10 17 44 63 72 37 34 63 23 74 37 104 67 11 38 30 79 22 67 51 42 47 48 27 11 35 44 24 72 22 67 13 56 51 51 71 61 61 72 76 70 68 45 66 14 36 77 63 39 43 28 44 65 
29 71 44 26 47 30 64 72 58 72 29 13 53 31 23 42 19 73 42 87 67 64 10 67 44 27 72 67 16 38 19 83 18 7 56 61 82 80 14 42 79 34 19 29 38 71 75 27 24 60 30 66 46 103 61 21 49 21 77 22 75 60 53 57 43 15 22 24 49 27 71 33 65 25 49 48 48 68 63 57 63 68 80 62 45 66 7 46 81 64 47 50 39 37 66 
91 60 46 70 57 90 93 56 64 42 23 26 3 47 52 12 75 15 91 57 68 25 63 39 57 95 39 18 68 28 106 37 31 50 46 81 89 34 16 90 15 46 59 31 88 81 10 10 53 58 46 68 99 46 51 77 18 73 38 95 83 80 79 37 20 52 8 64 43 69 60 63 55 36 45 45 63 71 48 39 47 103 50 50 68 32 70 91 68 68 67 65 27 69 
32 45 24 78 20 3 59 74 49 84 100 94 47 43 80 53 94 54 76 48 81 64 66 58 8 113 86 47 63 18 85 64 66 84 63 37 58 93 33 82 52 52 70 10 44 82 81 68 74 95 25 81 83 62 33 72 69 53 5 11 28 15 67 86 59 83 29 48 61 40 61 58 79 61 62 67 40 71 101 98 15 79 50 52 76 26 36 47 23 24 34 73 50 
19 19 62 39 35 32 50 17 57 68 62 24 11 49 37 62 47 49 28 54 40 34 44 38 81 58 41 31 50 61 37 37 53 47 36 30 60 35 50 30 39 38 28 33 50 49 40 59 64 18 69 53 45 36 41 49 23 36 27 36 25 35 58 43 51 5 18 40 26 37 43 47 30 31 43 23 42 69 67 46 50 19 31 51 22 37 27 14 8 25 41 30 
23 44 43 47 42 59 11 39 61 49 5 21 34 53 53 65 56 43 36 51 36 28 48 75 40 30 19 60 42 19 43 56 63 55 12 52 54 41 11 25 35 45 52 38 37 48 41 65 21 85 56 27 32 29 61 9 50 36 35 33 36 40 25 38 24 7 53 16 49 26 46 35 36 53 41 47 66 67 56 55 27 47 32 23 56 43 22 24 19 36 46 
55 21 25 51 69 29 60 83 72 24 29 58 54 75 61 68 45 57 59 52 35 25 97 63 26 42 36 61 41 56 72 64 46 35 74 44 63 28 29 54 26 48 62 60 59 51 82 1 85 71 39 17 52 67 32 29 13 17 9 53 62 36 61 19 27 58 16 56 35 64 49 50 62 39 60 86 85 33 69 38 49 52 3 47 44 5 13 11 56 48 
64 78 84 101 53 34 83 57 38 65 49 97 72 109 96 88 32 94 73 19 76 96 39 32 48 84 21 35 84 91 107 98 40 72 97 64 33 25 68 81 96 57 54 88 4 97 54 129 91 17 47 52 104 47 83 66 52 62 73 37 19 54 66 49 97 39 92 19 80 76 76 96 85 86 93 98 82 92 70 91 25 52 99 87 58 64 44 67 90 
19 70 88 51 78 104 92 43 50 78 70 96 73 88 63 74 77 73 45 15 118 81 32 62 20 75 60 76 93 80 56 55 95 53 84 45 39 76 29 61 82 80 80 60 103 23 99 92 50 17 72 85 53 24 14 12 14 74 80 47 82 38 48 76 31 74 46 86 70 71 80 56 81 107 106 18 90 58 67 68 20 56 62 25 32 25 78 65 
62 77 51 86 103 96 49 45 82 56 97 57 80 51 82 67 69 58 5 116 88 47 65 15 86 66 69 87 66 40 60 95 36 85 53 52 73 13 47 85 83 72 74 98 26 84 86 63 32 75 73 55 5 12 28 16 70 87 60 85 31 50 64 41 64 59 82 64 65 70 43 74 104 101 12 83 53 55 77 27 39 50 25 27 35 76 53 
18 31 65 50 59 47 22 50 19 50 35 18 14 64 9 17 70 66 60 64 70 38 77 75 50 8 26 25 37 44 48 39 41 52 67 25 51 27 46 47 10 82 37 50 45 25 68 68 41 20 37 60 57 68 56 19 65 67 49 32 35 13 56 7 68 25 10 11 11 20 13 46 40 74 21 14 13 65 54 39 14 46 38 56 29 14 
49 78 51 67 65 40 61 24 54 36 8 26 77 10 28 87 82 57 75 88 53 93 90 66 16 22 22 45 60 52 49 49 70 84 35 65 35 56 58 12 99 30 68 34 21 85 86 53 10 54 75 74 86 73 29 77 84 59 50 53 14 74 13 86 29 25 24 7 34 16 42 33 89 16 32 22 80 72 48 27 64 56 74 38 25 
40 53 45 16 13 31 44 46 58 45 35 38 41 25 38 53 67 41 41 14 65 47 21 32 45 54 50 14 44 50 34 21 35 25 46 45 33 32 37 51 54 28 75 45 37 42 23 51 6 53 41 44 38 25 41 35 34 22 4 44 27 39 37 36 24 25 43 34 36 56 57 62 44 17 38 37 31 52 35 26 25 29 26 37 
49 23 36 53 17 82 38 97 72 74 3 74 50 38 86 62 5 51 28 96 14 20 62 63 91 91 27 38 91 33 32 41 43 84 85 25 22 65 35 66 59 111 64 31 62 24 84 34 89 74 67 70 48 3 33 21 62 39 79 47 73 36 52 55 55 75 74 62 60 67 93 66 54 76 11 59 93 73 60 63 52 40 76 
27 64 57 34 69 11 84 43 64 51 54 35 79 106 14 44 88 42 118 63 51 42 29 72 87 52 11 89 20 65 80 30 95 77 26 29 43 83 24 81 85 30 74 94 34 61 52 104 94 96 92 34 46 75 29 71 55 61 77 55 77 24 42 41 53 70 38 13 23 114 35 51 63 58 84 89 65 79 76 81 26 65 
49 55 14 78 17 94 60 71 25 66 42 58 98 39 18 70 31 109 37 33 53 48 84 92 37 18 93 18 48 61 33 91 84 13 13 56 58 48 71 102 49 52 79 21 75 41 98 85 82 82 40 20 54 11 67 46 72 62 66 56 38 48 48 66 74 51 40 48 106 52 53 71 33 72 94 71 71 70 67 30 72 
27 35 58 55 70 62 49 33 57 41 22 49 78 39 25 21 60 38 17 49 61 69 60 12 54 59 43 5 19 39 48 57 40 38 53 36 69 22 90 61 21 30 30 67 13 52 37 33 33 41 38 20 39 28 12 59 13 55 21 51 41 41 59 46 52 70 71 57 60 33 52 29 23 61 48 24 27 17 40 51 
43 31 52 44 39 22 51 31 23 49 49 70 53 48 26 61 60 35 26 42 42 37 28 51 38 41 32 45 27 37 32 42 42 30 63 53 28 63 42 49 46 34 40 20 46 38 46 36 24 54 47 44 14 16 32 34 28 48 36 19 20 33 21 31 58 55 57 39 8 25 50 32 39 21 25 19 34 31 24 
68 23 84 55 60 18 58 34 46 83 47 14 56 17 95 31 19 46 46 76 80 22 23 81 15 34 47 26 77 73 8 5 49 49 49 56 95 46 40 65 9 68 26 84 71 68 68 32 15 41 5 54 31 64 48 58 44 35 39 39 59 62 45 44 50 91 48 41 61 24 58 82 60 56 56 53 23 62 
69 16 29 9 81 15 36 80 61 78 81 78 54 72 91 66 26 42 10 21 59 67 25 60 64 76 44 44 11 65 66 25 94 52 53 32 41 80 71 59 16 51 53 56 70 56 38 82 78 68 35 48 9 64 13 79 44 29 30 18 14 30 62 55 68 36 28 6 81 57 24 10 49 40 62 48 7 
85 46 63 40 55 33 69 99 24 33 78 34 111 52 41 43 33 73 85 43 2 87 12 55 70 25 90 76 15 18 44 72 31 74 89 34 64 85 24 63 43 98 87 88 84 31 35 64 18 66 48 62 68 56 67 25 40 39 54 67 39 23 32 108 38 47 63 47 76 87 63 73 70 72 22 64 
43 23 95 30 52 91 62 93 96 87 69 71 105 80 42 57 15 17 73 83 21 76 76 87 60 44 13 81 82 41 106 67 61 27 56 92 78 75 26 65 53 59 76 61 54 97 90 83 44 61 23 73 29 91 60 45 46 32 24 46 77 69 68 50 43 22 95 65 18 23 56 48 71 64 21 
29 71 14 22 84 84 49 69 86 47 95 84 61 13 14 29 51 56 44 54 41 66 81 29 68 40 49 51 9 94 23 67 42 13 81 85 47 18 50 78 75 85 74 23 70 80 52 50 50 20 72 16 82 21 21 20 11 37 10 34 26 92 8 31 26 74 71 53 30 63 56 73 31 29 
72 16 30 71 56 75 73 69 46 67 82 57 22 40 19 22 50 61 25 54 55 67 38 39 13 58 58 23 85 51 45 41 39 71 63 51 22 42 49 49 62 49 32 74 69 60 26 38 13 55 13 70 40 23 24 19 7 27 60 54 63 34 19 4 72 49 25 1 40 32 53 42 2 
73 49 34 82 64 8 47 26 93 13 17 61 63 89 89 24 40 89 33 29 38 42 81 83 25 23 65 32 67 56 109 64 28 59 24 83 31 85 71 63 67 48 6 30 22 59 36 78 43 72 32 52 54 53 74 72 61 62 68 90 66 52 74 8 56 90 72 57 60 49 40 74 
24 79 71 62 72 79 47 83 84 60 12 26 18 37 54 53 40 48 62 76 32 55 26 54 55 11 92 37 58 36 25 78 76 49 10 46 65 64 76 63 26 73 76 57 40 45 7 65 3 78 30 19 19 3 23 16 47 39 79 20 24 12 74 62 39 17 54 46 64 36 15 
62 72 47 48 66 25 84 61 38 12 20 42 52 33 31 54 24 44 60 8 60 43 29 30 15 72 30 51 61 20 59 66 25 34 28 69 62 68 60 2 49 58 32 37 29 30 52 24 60 12 7 6 25 34 12 34 32 81 19 16 30 52 54 54 30 48 43 54 12 31 
57 93 42 13 39 65 31 27 71 81 91 79 29 68 78 59 17 6 59 62 78 53 50 75 16 89 34 112 81 6 28 45 89 33 63 46 33 42 61 41 4 51 48 34 81 19 77 2 71 62 63 81 68 74 87 91 63 81 55 74 26 32 80 70 38 45 24 59 73 
119 88 44 66 12 85 67 72 90 71 45 61 98 41 87 53 51 76 18 52 86 85 76 72 101 26 89 90 62 30 76 77 56 10 12 25 15 73 88 59 86 35 52 68 40 68 58 85 67 69 74 48 78 107 104 8 86 56 59 77 26 44 55 26 29 34 79 57 
57 102 57 131 76 66 52 36 79 97 66 25 100 34 79 94 43 108 87 40 43 52 96 27 95 90 37 88 108 48 67 66 116 108 110 105 46 59 89 42 84 69 69 91 64 91 35 54 52 60 81 47 15 25 128 42 64 73 71 98 100 75 93 89 95 40 75 
55 27 99 19 21 60 60 89 91 28 33 91 29 35 45 40 85 85 21 18 63 40 62 61 109 60 36 66 22 82 35 91 76 70 73 46 2 38 17 63 40 77 50 71 40 49 53 53 73 74 59 56 63 96 63 53 74 16 62 93 73 62 64 55 37 75 
45 52 45 37 73 86 89 73 36 77 71 67 23 9 64 52 74 63 60 77 28 94 26 110 86 20 15 54 89 38 52 35 20 32 66 53 17 61 43 37 80 14 77 15 76 65 66 82 64 77 95 97 50 85 56 73 40 23 74 68 31 39 16 65 71 
78 37 13 36 42 63 63 10 33 64 22 22 38 20 60 57 20 18 40 47 50 40 83 43 35 51 10 57 10 67 54 54 51 24 28 35 20 36 14 52 34 46 37 32 28 28 48 46 37 49 52 75 43 26 47 27 42 65 45 39 39 38 20 47 
94 77 84 102 81 54 72 109 50 99 63 59 88 27 61 98 96 87 80 113 38 98 102 70 37 88 88 68 18 23 32 26 85 98 67 98 47 63 79 50 79 66 97 79 81 86 59 90 119 116 3 98 68 70 87 37 53 66 38 41 43 91 68 
25 73 76 100 97 32 52 97 46 33 36 55 86 93 38 36 77 23 80 60 121 77 25 58 36 95 40 90 74 63 70 60 17 27 35 66 44 89 45 83 29 65 65 65 86 81 74 74 81 92 78 63 84 10 59 99 82 62 66 51 53 84 
49 56 75 72 7 41 72 31 14 28 33 64 67 26 23 53 34 62 40 96 56 23 46 18 70 15 69 55 49 51 37 21 23 24 42 19 64 29 58 25 45 41 41 61 56 51 60 64 74 57 37 59 15 40 74 56 41 43 34 32 59 
18 30 45 44 41 47 35 53 68 20 58 35 41 42 4 82 29 54 48 17 69 72 37 22 37 68 63 72 62 13 61 68 44 38 37 19 59 13 69 18 8 8 13 28 5 38 32 81 13 18 20 63 58 47 22 51 44 60 23 22 
43 62 52 31 65 31 64 80 22 76 52 39 41 16 90 11 70 56 1 78 87 39 32 48 86 80 88 79 20 61 77 42 55 49 33 72 28 79 11 23 21 24 46 12 20 14 99 6 34 38 68 74 65 40 67 61 74 23 39 
28 68 71 32 66 74 87 50 53 19 72 73 29 105 52 64 21 42 91 82 67 12 60 62 66 81 66 44 90 89 75 45 58 11 74 18 90 48 36 36 19 25 34 64 55 77 37 37 16 90 68 29 20 59 51 73 54 17 
65 83 4 75 66 74 59 27 10 79 79 46 95 73 46 44 61 81 63 71 38 57 36 43 60 45 54 91 79 81 31 52 31 60 34 79 62 45 46 39 18 50 83 76 51 57 39 24 87 50 2 22 42 34 57 63 22 
42 65 31 12 28 30 57 60 27 25 48 38 60 34 89 52 25 42 18 64 8 63 49 45 45 33 28 25 26 35 12 58 25 52 27 42 35 36 56 49 46 59 62 69 52 31 52 22 35 66 49 34 36 30 30 52 
85 10 54 69 24 88 74 15 18 42 72 30 72 87 32 63 84 23 61 42 96 86 87 83 29 35 64 18 64 46 60 67 54 66 23 38 37 52 65 37 22 30 106 36 45 61 47 75 85 61 71 68 71 20 62 
77 65 72 61 23 14 80 80 49 94 76 44 48 64 80 60 72 41 57 32 40 57 42 56 92 77 82 30 52 34 59 37 77 65 47 48 43 19 53 85 79 47 60 40 27 86 48 3 25 40 33 55 65 25 
44 59 16 78 67 8 10 37 64 33 62 83 31 54 73 13 57 32 86 75 76 72 22 30 54 11 54 36 54 56 48 57 20 31 30 48 57 33 29 34 96 34 36 54 39 64 77 54 60 58 61 12 55 
16 42 53 63 39 37 57 30 72 27 96 64 16 31 30 72 16 57 41 35 37 44 34 14 38 34 17 64 14 60 16 54 45 45 64 52 56 71 74 61 63 38 58 24 26 67 54 29 33 20 42 57 
58 56 73 54 51 73 22 88 29 108 80 11 22 46 86 32 57 40 27 36 60 44 8 52 43 31 78 13 73 7 70 60 61 78 63 72 87 90 57 79 52 70 30 26 75 66 32 39 18 58 69 
65 51 21 22 23 67 30 53 68 22 55 67 18 42 26 74 65 69 62 6 41 55 24 41 28 38 51 32 57 12 15 14 33 41 19 31 32 84 23 21 38 46 55 61 38 50 46 54 4 39 
34 79 78 61 78 87 27 71 76 65 39 69 60 51 9 17 36 20 61 85 62 80 24 46 51 43 52 62 72 54 55 58 31 64 94 90 24 72 44 43 77 29 26 38 24 21 37 68 40 
71 71 35 93 63 47 38 51 79 65 63 27 52 43 47 63 48 45 85 77 73 30 48 20 60 23 77 53 36 37 29 11 40 72 66 58 46 31 14 82 51 12 13 43 34 57 55 12 
3 44 57 41 60 90 39 48 70 10 63 30 86 74 73 71 27 22 49 3 55 34 60 53 54 51 28 36 35 54 61 39 36 42 95 42 40 59 32 62 81 58 59 58 58 17 59 
45 54 44 58 91 42 45 68 8 65 28 85 73 71 69 29 20 46 2 54 33 61 51 55 48 30 37 36 55 61 41 39 45 93 44 40 59 29 60 81 58 58 57 55 19 60 
86 27 58 46 15 73 76 41 19 41 70 67 76 65 17 64 72 47 42 41 18 63 12 74 19 12 12 10 30 5 37 30 84 11 22 21 67 62 48 24 55 48 64 26 23 
96 51 126 90 14 43 51 102 45 79 62 48 58 71 38 16 54 63 47 95 35 90 16 79 74 74 94 82 84 93 98 78 91 68 88 25 48 96 84 54 61 40 66 87 
81 63 12 85 96 44 41 56 97 91 98 89 29 64 85 45 66 58 43 81 39 87 18 34 32 34 58 24 12 2 110 16 45 49 72 84 76 52 78 72 83 30 51 
85 70 38 18 50 66 30 30 14 18 11 51 61 35 60 18 26 57 15 55 35 63 47 49 61 39 59 84 83 34 68 36 49 51 4 47 44 4 13 10 55 47 
55 112 103 86 26 82 80 85 101 86 62 110 110 93 67 79 31 96 37 111 63 55 56 35 46 50 75 65 95 50 58 38 111 89 45 42 80 72 94 72 39 
78 86 40 31 48 85 80 88 78 20 62 77 43 55 49 32 72 27 79 11 22 21 23 46 12 21 14 98 5 34 37 68 74 64 40 67 61 74 24 39 
33 41 88 31 67 51 38 47 58 34 3 45 49 33 81 22 76 4 67 60 61 80 68 71 83 87 68 78 54 74 20 36 82 70 41 47 28 55 73 
60 85 42 38 22 5 19 67 65 31 69 36 39 76 17 73 29 78 64 65 79 57 76 99 99 35 85 54 67 52 14 63 62 22 31 13 68 65 
60 20 76 64 63 61 24 23 41 10 45 24 55 43 49 43 28 30 30 50 53 37 42 46 85 41 32 52 28 52 73 51 49 48 48 16 53 
57 70 71 84 71 36 83 87 67 48 55 9 74 12 88 38 29 29 9 29 24 52 43 84 26 34 18 85 70 40 23 62 54 74 46 20 
57 44 44 41 28 35 30 30 28 5 50 25 45 32 38 29 29 48 41 40 57 58 65 47 23 44 30 32 58 41 30 29 29 27 44 
16 33 20 70 90 64 87 32 52 61 45 62 63 82 63 65 68 41 73 103 100 15 81 53 52 81 31 35 48 28 28 39 77 50 
18 4 63 76 48 74 25 40 62 29 61 47 74 57 59 67 42 68 96 94 20 77 46 53 65 15 43 48 15 19 23 67 51 
15 68 69 35 72 36 41 75 20 73 34 80 65 66 79 56 77 101 100 30 85 54 66 56 14 61 61 22 30 15 71 64 
61 72 44 71 23 37 62 25 60 43 72 55 57 66 42 67 94 92 23 75 44 53 61 11 45 48 12 17 19 65 51 
47 58 30 38 29 32 52 26 60 11 9 8 26 36 13 33 31 82 19 17 32 51 55 56 32 49 44 54 10 33 
36 19 63 40 78 49 72 38 50 54 54 74 74 60 58 65 95 64 54 75 14 61 93 73 62 64 55 38 75 
46 47 31 79 19 74 2 67 59 60 79 66 70 83 87 65 77 52 72 22 33 80 68 38 44 25 55 71 
56 34 63 52 57 49 31 38 38 57 63 43 39 46 95 45 42 61 29 62 83 60 60 59 57 21 62 
23 39 29 37 47 50 32 34 43 21 43 72 69 43 52 21 30 56 22 33 25 14 6 27 45 28 
48 23 43 33 40 28 29 47 37 40 60 60 60 48 21 41 34 28 54 38 25 24 26 29 41 
66 6 80 37 24 25 8 20 23 54 46 76 27 27 9 79 61 33 14 53 45 65 42 11 
62 19 63 51 52 67 50 63 82 83 47 71 41 58 37 14 61 54 19 26 6 52 57 
76 31 18 18 6 20 17 49 42 76 22 21 9 73 59 36 13 51 43 62 36 12 
69 61 61 80 67 72 85 89 64 79 54 73 24 32 80 69 38 44 24 57 72 
18 17 29 45 14 21 20 93 14 29 39 56 66 65 40 60 55 65 12 40 
1 20 27 12 40 36 76 20 11 23 55 51 47 23 44 38 52 19 24 
20 28 11 38 35 77 19 12 24 55 52 48 24 45 39 53 18 25 
26 15 45 37 82 18 26 15 76 65 41 20 57 49 67 36 18 
34 66 60 55 41 21 11 71 43 20 6 34 26 48 45 9 
32 26 86 8 22 26 64 63 52 28 56 49 64 22 27 
10 115 26 50 58 68 87 85 60 82 77 86 30 60 
112 19 48 51 74 87 78 54 80 75 86 32 53 
95 65 67 84 34 50 62 35 38 41 87 65 
31 32 69 71 59 35 64 58 72 25 34 
21 53 40 41 19 33 27 42 25 21 
74 53 26 5 44 36 57 42 2 
50 88 71 53 56 43 44 74 
50 48 8 17 8 57 51 
24 43 35 58 65 25 
39 31 52 42 3 
8 14 53 42 
22 49 34 
55 55 
43 
