200 2
95 55 17 36 19 11 53 48 83 78 64 75 56 68 55 18 71 59 33 76 73 23 19 66 85 52 70 50 49 68 57 83 66 60 32 35 15 33 33 79 10 36 14 35 81 48 31 75 101 80 71 25 60 80 94 54 72 55 66 26 15 74 17 100 35 62 52 73 59 85 29 65 78 87 53 56 34 61 35 19 77 59 47 67 69 62 27 7 8 71 49 61 63 83 56 62 32 85 52 36 58 72 70 36 27 32 65 16 43 39 58 67 42 20 59 45 23 24 12 103 75 47 51 70 39 80 10 62 77 16 29 92 71 34 62 96 68 24 40 30 84 8 18 36 53 47 65 65 60 65 47 92 67 70 34 62 31 39 75 70 73 78 60 84 39 77 92 61 64 75 48 16 42 71 71 19 6 24 46 15 35 5 71 74 81 73 107 26 38 74 39 78 57 31 56 100 85 20 27 
44 86 65 97 84 56 50 15 45 84 79 39 35 46 105 52 38 82 36 24 80 114 31 36 88 81 46 53 35 53 17 70 46 63 76 83 73 86 40 105 96 103 64 84 59 67 83 7 15 50 94 51 16 15 81 70 40 34 80 110 33 111 10 89 52 46 64 38 41 80 82 25 28 50 58 66 34 60 92 30 84 86 33 64 82 88 90 97 49 85 36 85 20 55 49 80 22 73 71 47 56 79 82 74 69 29 88 52 63 55 67 57 115 61 75 118 99 106 11 79 68 90 72 56 62 90 32 21 105 67 16 66 63 54 1 36 85 92 84 32 88 79 60 41 92 43 42 83 50 76 12 65 64 61 63 89 64 48 45 84 43 51 10 72 20 8 86 75 20 91 110 91 39 31 97 89 119 60 79 60 99 46 21 37 75 12 70 69 27 79 18 49 66 39 12 28 107 68 
43 21 53 43 42 27 37 28 72 47 8 13 3 61 52 24 55 44 30 47 74 27 32 47 46 6 9 34 41 29 62 36 23 49 46 29 42 50 64 52 60 20 54 16 36 77 50 32 51 50 16 28 39 41 39 15 11 36 69 39 70 52 45 18 26 35 26 33 36 71 23 32 8 45 22 13 26 57 41 45 65 12 32 69 44 52 55 50 65 7 72 41 42 15 52 30 33 44 36 29 45 56 42 25 18 45 15 18 17 60 31 74 24 55 77 66 65 49 75 26 49 39 16 39 48 16 23 62 25 47 35 30 47 45 14 53 48 55 30 47 42 28 14 49 39 39 69 19 56 46 59 33 26 54 60 20 53 19 77 51 14 34 47 32 44 48 39 23 49 71 66 42 34 53 48 77 17 39 24 59 48 24 50 43 55 36 25 20 36 33 37 34 18 52 47 64 31 
22 11 11 55 45 76 63 73 57 46 55 42 18 72 54 43 73 66 30 33 60 71 35 53 39 35 64 58 72 71 58 23 42 22 16 16 77 23 22 17 22 63 33 32 83 92 72 72 12 45 70 82 37 55 47 54 9 27 70 27 92 19 47 48 56 54 70 12 73 66 74 39 58 20 52 31 32 73 42 57 55 52 70 11 19 13 72 58 50 72 77 57 47 40 73 35 41 57 56 52 46 31 18 57 2 34 25 42 71 41 33 42 52 35 40 22 92 82 30 35 53 30 63 7 54 66 19 19 85 54 32 64 87 55 34 24 40 71 10 22 34 46 31 63 63 69 50 54 85 71 53 29 65 43 24 76 55 81 77 45 76 44 70 85 44 47 65 32 32 53 69 66 11 12 34 30 12 29 22 71 65 79 56 98 27 22 63 22 71 56 31 49 92 80 21 25 
32 25 46 33 57 42 72 45 26 33 20 40 61 38 47 59 48 36 55 43 49 32 42 19 13 49 48 51 66 46 12 43 32 8 22 64 44 32 39 3 52 12 29 80 72 52 61 29 24 49 60 30 39 29 32 15 49 55 49 72 26 26 34 38 39 48 15 72 44 51 17 50 2 32 22 44 57 35 61 33 34 70 23 35 35 60 61 28 72 59 48 25 44 50 23 40 45 37 41 50 33 4 37 24 18 3 22 65 32 55 24 52 57 53 44 71 79 15 34 38 13 45 28 34 45 41 9 67 37 25 54 66 33 42 30 46 48 28 28 25 28 32 50 50 69 29 54 66 64 35 20 59 50 3 64 33 79 64 23 55 43 51 65 37 34 44 32 52 59 55 50 32 30 57 10 22 19 41 59 44 65 42 76 26 6 41 18 52 45 27 32 73 64 43 21 
20 66 57 88 72 81 61 57 65 53 8 83 65 51 85 78 38 29 72 80 35 56 51 45 75 69 83 81 69 35 50 30 25 18 89 19 17 9 33 66 42 43 92 104 83 83 7 54 81 93 40 59 59 65 17 22 82 21 104 19 55 59 62 66 78 18 82 77 83 49 69 31 63 42 38 85 44 65 65 58 79 12 24 11 83 66 61 80 89 68 56 49 83 39 50 68 63 56 54 41 28 68 9 46 35 51 81 52 27 49 61 28 43 17 103 91 37 34 57 41 69 11 65 77 10 30 97 59 43 75 98 65 42 22 48 80 16 31 45 57 30 75 75 77 59 63 97 81 59 41 76 49 33 87 64 90 88 54 87 54 81 96 45 51 76 31 29 60 80 78 17 26 40 23 41 22 82 76 91 60 109 38 30 73 26 83 67 42 61 104 92 10 36 
46 39 72 67 62 66 44 56 43 24 63 48 31 67 62 19 31 55 74 46 62 38 37 58 49 72 61 50 20 31 11 23 27 70 21 33 20 24 73 37 23 72 89 69 63 23 49 68 82 47 62 43 54 17 26 64 27 89 31 51 42 63 49 73 21 62 66 75 42 49 23 50 25 21 67 52 46 55 59 59 22 10 14 63 47 49 60 73 48 51 29 73 43 30 49 62 61 34 21 22 54 12 31 28 47 61 33 31 49 41 34 30 22 91 71 37 46 61 27 70 9 51 65 23 17 81 61 24 55 84 57 23 36 29 73 4 11 26 42 42 56 56 58 54 43 81 61 60 23 56 31 28 67 58 70 69 49 73 33 66 81 54 56 63 43 27 42 62 60 20 5 35 35 4 24 16 63 62 72 64 96 18 28 63 32 67 48 22 45 89 75 26 17 
14 41 69 31 88 34 51 45 70 17 21 28 25 32 31 69 26 69 79 86 36 46 21 4 54 20 10 35 22 38 53 66 26 63 75 66 43 95 52 23 35 59 42 17 67 58 47 64 76 80 28 46 55 68 25 70 57 70 60 16 77 20 71 57 29 54 65 48 3 46 35 25 41 29 82 29 47 74 28 63 47 59 18 28 41 31 38 2 57 26 59 69 18 9 71 85 27 26 48 34 57 30 47 58 19 14 72 65 19 75 47 66 67 33 60 81 80 34 81 55 33 48 68 39 46 77 23 9 57 52 33 75 30 65 50 35 21 27 79 14 15 28 61 19 48 18 75 27 12 34 49 22 61 35 25 56 47 17 36 50 84 78 43 79 64 34 20 25 66 50 77 52 43 27 55 18 41 29 84 68 28 53 51 65 37 7 24 26 55 35 72 30 
36 55 45 73 20 37 30 62 28 11 33 28 25 30 67 18 56 66 72 22 31 19 15 43 35 13 23 26 34 40 54 32 58 64 59 30 80 38 18 50 54 34 27 57 43 37 54 62 65 14 32 44 63 25 65 53 58 45 3 62 11 58 46 43 42 53 33 18 32 22 14 42 28 68 40 33 59 42 53 43 53 27 39 27 45 35 15 43 30 48 55 21 12 56 70 33 24 35 23 47 16 33 43 33 7 69 50 29 72 49 61 59 48 46 67 65 20 66 47 21 37 62 28 43 62 14 21 50 38 34 62 34 52 43 30 12 13 66 18 18 42 46 30 44 32 60 16 27 39 35 31 46 50 32 42 39 23 30 45 70 64 32 66 62 43 23 22 57 44 73 37 35 16 51 26 31 33 70 62 22 40 39 51 31 11 17 13 52 36 65 21 
48 69 79 30 33 40 95 37 24 68 21 10 67 102 17 42 84 80 37 46 20 38 20 55 31 53 62 70 65 79 26 93 89 92 55 85 53 54 68 18 6 35 86 49 13 26 78 70 29 30 71 98 18 100 16 82 50 32 64 25 46 72 67 26 34 45 42 57 25 48 78 15 82 71 30 63 67 80 78 86 34 70 30 70 6 40 47 66 27 70 57 32 56 78 68 60 61 19 78 41 55 52 52 43 104 59 61 107 85 95 26 64 63 86 71 46 65 80 22 19 94 57 10 66 50 39 15 34 71 86 69 37 77 66 47 30 86 28 27 68 49 61 8 50 64 49 48 74 57 34 44 69 29 48 8 57 6 9 84 73 15 86 98 76 24 16 88 78 108 54 68 48 87 31 14 23 75 26 58 62 26 73 5 34 53 27 16 15 97 55 
100 34 34 18 26 80 76 49 83 64 46 75 97 48 10 49 36 34 30 56 68 29 89 62 50 78 73 47 55 70 86 63 80 43 39 30 64 104 52 42 74 66 18 34 32 41 25 41 23 55 91 59 91 55 57 16 53 19 50 7 53 98 21 18 26 72 44 34 54 85 59 43 94 22 20 97 60 77 77 73 93 28 100 54 69 16 80 23 36 73 62 11 34 85 70 46 36 65 43 39 21 87 59 96 23 83 99 94 86 44 101 35 51 27 44 17 70 37 28 81 50 57 21 58 72 46 16 81 57 83 14 70 69 56 41 54 63 62 97 13 85 54 85 19 54 81 88 39 75 9 104 72 18 40 76 46 51 44 32 33 54 94 95 63 54 72 72 98 32 64 52 83 70 35 69 30 52 64 41 21 47 46 63 62 43 57 62 82 59 
117 65 82 75 83 32 52 31 48 61 43 74 55 100 104 114 66 75 49 32 84 14 39 60 31 51 77 87 45 71 95 79 69 124 80 43 11 85 71 34 85 88 76 93 102 109 59 77 76 75 51 78 82 91 90 47 107 50 102 80 2 84 96 78 28 71 66 50 46 54 108 18 78 103 2 84 57 72 35 16 72 2 64 31 87 32 90 96 33 39 101 113 27 41 73 65 74 59 74 88 17 42 78 94 21 81 46 75 95 13 87 105 109 61 111 70 64 78 81 63 70 106 47 30 84 83 40 96 33 96 65 50 47 58 102 41 42 4 91 18 73 19 104 52 21 34 75 37 92 9 42 86 76 29 65 76 110 106 73 102 69 25 45 53 81 64 84 80 60 53 63 38 71 49 113 94 47 79 82 89 66 37 45 57 80 58 85 52 
56 45 44 68 99 72 93 91 75 81 90 74 44 26 5 52 41 82 88 62 108 84 57 89 76 43 43 97 80 45 70 48 7 36 74 123 86 73 98 54 31 66 66 21 9 62 49 49 83 86 82 89 42 29 73 15 73 39 45 116 54 52 40 92 47 59 66 88 87 17 106 49 15 114 49 76 70 98 106 52 116 84 89 33 90 57 23 85 84 23 5 95 78 46 63 58 57 43 30 107 75 88 23 97 89 96 78 78 121 30 28 8 55 18 64 62 60 71 55 89 13 70 94 80 44 87 39 91 48 67 73 69 62 33 87 86 113 30 99 86 106 15 65 101 95 42 101 34 123 99 33 73 88 75 84 17 10 64 32 89 105 89 81 61 69 87 37 64 63 80 95 65 97 4 86 72 39 52 35 76 84 72 65 90 92 70 66 
17 12 65 43 15 51 35 22 44 75 18 36 55 55 7 17 26 33 27 54 28 24 45 45 34 48 41 65 58 63 24 63 24 32 69 46 25 42 55 25 24 38 49 48 6 13 41 70 31 72 46 52 27 18 43 17 38 41 63 23 34 17 37 27 5 23 55 32 54 59 14 41 62 49 52 58 41 59 7 65 33 34 24 48 30 41 40 28 37 54 52 38 30 10 48 13 24 26 52 25 76 33 49 79 64 67 46 67 34 57 48 16 47 50 8 21 65 27 40 44 26 38 40 18 50 55 51 33 48 41 24 6 57 30 30 62 27 50 39 51 42 23 46 56 26 44 26 69 42 23 29 42 24 38 56 48 19 57 71 62 33 25 57 50 79 25 40 21 60 39 18 41 52 51 33 31 20 43 25 29 30 9 46 39 68 29 
13 73 58 31 68 47 30 60 87 30 19 52 46 19 19 38 50 19 71 44 37 62 60 40 52 53 77 61 72 33 52 24 49 86 42 27 56 61 16 21 27 45 36 23 5 48 82 42 82 45 55 17 35 31 32 20 47 81 11 18 16 54 35 16 39 71 42 49 77 4 30 79 55 65 68 55 76 10 82 38 51 14 65 17 38 57 44 23 44 69 55 37 19 57 28 30 19 69 42 87 26 66 90 80 77 38 83 33 54 38 30 33 61 19 15 74 38 43 32 43 54 36 1 66 57 68 16 60 55 41 24 56 45 44 80 15 67 41 67 30 39 63 73 31 58 11 86 55 15 28 59 30 39 51 40 18 55 84 79 46 37 65 62 90 26 52 37 72 53 19 52 41 45 49 35 8 44 30 45 47 25 46 47 76 44 
60 55 28 57 48 33 49 74 30 30 44 43 8 7 38 45 30 66 40 24 52 47 27 40 54 64 50 59 20 51 13 38 81 52 34 54 49 12 30 40 38 35 18 12 35 69 43 69 54 43 14 29 31 29 31 35 74 24 31 5 49 22 16 28 59 44 42 68 12 29 73 43 52 55 54 68 10 75 44 46 12 54 30 30 47 40 26 41 59 44 24 21 44 17 17 13 64 34 74 21 57 77 68 64 50 78 23 46 36 18 36 48 19 25 61 26 50 31 32 50 47 13 55 46 57 29 47 43 30 18 46 43 42 72 16 59 48 62 29 28 58 62 19 56 17 80 55 11 36 50 35 47 44 35 25 46 71 69 45 37 53 49 77 14 39 26 60 51 26 53 40 56 38 23 20 33 36 41 36 21 54 50 63 33 
87 72 52 91 85 41 23 78 88 42 63 58 53 81 73 91 84 75 42 53 33 33 25 94 15 23 4 41 73 50 47 94 111 90 87 14 62 89 101 47 67 65 72 25 16 88 14 111 26 63 65 69 72 86 26 84 84 91 57 73 38 71 48 38 91 51 66 73 66 81 20 25 11 88 68 68 82 96 72 64 50 91 47 54 73 71 63 55 45 36 75 16 53 43 59 85 57 20 57 63 21 42 11 111 94 45 41 65 48 77 15 72 85 3 37 104 67 48 79 105 73 43 29 49 88 20 35 50 64 36 80 80 79 67 65 103 85 67 46 80 50 41 92 72 92 94 62 94 57 88 103 52 58 84 37 24 60 86 84 8 20 19 48 27 47 21 87 83 96 67 116 42 38 81 34 90 72 46 68 111 98 2 41 
27 43 16 31 48 86 28 73 94 98 48 58 19 14 54 18 15 50 38 55 68 82 13 80 91 84 58 106 65 40 31 53 40 2 84 68 47 63 90 91 37 53 71 85 19 87 49 86 70 27 87 26 77 73 30 57 67 59 14 61 41 41 58 22 95 40 53 84 31 80 64 77 3 38 48 33 32 15 67 42 61 82 35 16 80 97 41 43 63 39 74 44 61 69 15 31 89 76 31 92 62 83 63 27 74 95 91 48 90 72 38 50 86 55 38 87 40 8 52 59 50 90 45 68 67 52 38 37 94 12 13 32 70 31 41 13 85 43 13 49 63 5 69 32 10 67 45 33 34 44 97 91 44 94 81 46 13 22 83 67 94 65 60 43 72 6 42 17 96 62 45 68 55 80 35 16 41 34 47 25 89 47 
44 21 14 42 77 7 48 69 71 21 31 11 19 33 40 13 30 38 45 46 60 26 69 70 69 35 79 38 29 55 43 23 26 64 40 26 43 64 63 9 26 50 74 17 76 41 64 42 8 59 1 50 52 50 32 43 32 24 38 14 23 53 19 69 50 26 57 49 59 53 63 25 49 21 52 24 20 39 42 38 56 33 13 53 69 44 35 41 13 56 20 37 42 38 18 79 49 39 82 61 71 48 52 48 71 64 25 62 56 12 27 71 35 32 60 25 23 38 32 46 68 45 43 53 41 22 10 70 15 14 50 43 40 33 36 57 25 32 50 39 28 41 55 27 39 28 34 18 34 71 63 22 70 73 53 17 12 65 54 84 39 44 24 62 23 20 27 68 50 33 44 30 56 20 14 29 6 41 26 74 31 
53 58 12 44 51 87 76 89 49 55 48 32 76 33 38 35 6 20 50 58 54 41 65 48 44 99 58 19 41 86 67 44 55 68 70 87 76 87 46 64 48 45 53 48 84 62 70 36 85 44 88 51 31 74 85 58 29 46 54 29 16 57 81 14 65 82 28 54 26 41 45 15 58 29 66 30 68 3 80 70 11 36 82 88 3 14 46 56 44 40 50 67 35 26 48 71 12 51 19 45 92 42 62 77 86 40 91 39 53 70 50 38 74 84 25 35 83 69 9 67 3 84 34 21 27 45 73 42 43 26 73 14 75 35 83 29 31 6 51 48 74 39 52 67 72 10 62 77 83 82 65 74 39 12 48 52 51 33 54 56 31 31 33 46 64 58 90 94 21 53 71 61 63 34 21 45 83 63 54 26 
17 56 93 17 60 90 91 41 52 10 21 40 34 16 50 48 61 67 81 6 86 91 87 56 98 59 45 47 37 25 14 85 59 32 47 85 82 30 42 71 91 5 93 33 85 61 25 78 20 64 73 46 44 54 52 25 59 32 42 66 6 90 53 43 76 46 80 70 81 13 51 39 49 16 23 58 52 47 77 43 18 70 89 52 49 62 28 75 41 58 61 31 34 96 69 44 99 72 89 47 43 69 92 83 46 80 75 29 37 90 55 22 78 42 19 36 48 58 89 55 55 71 58 40 31 91 11 10 48 61 43 25 29 76 44 27 60 60 12 58 48 8 58 29 43 19 28 92 83 31 91 89 59 5 10 85 72 101 60 63 43 78 10 29 6 87 46 49 65 43 77 20 20 45 27 32 10 93 49 
56 92 7 42 77 75 29 39 12 29 23 47 22 42 51 60 56 70 24 83 80 82 45 81 46 44 62 28 10 29 76 43 15 32 71 66 19 25 62 88 12 90 27 74 45 22 61 14 46 63 59 26 36 38 34 48 17 37 68 12 75 62 25 59 59 71 67 76 28 60 23 62 11 31 42 55 29 63 46 23 53 73 57 50 51 12 68 31 46 46 45 33 93 53 51 96 75 85 34 58 56 79 67 36 62 69 14 19 84 47 19 62 39 31 25 31 60 77 59 38 66 55 36 20 79 20 19 60 44 51 19 43 60 39 40 64 48 29 41 62 26 42 15 47 4 19 77 68 13 79 87 66 17 8 78 68 97 47 58 38 76 25 11 22 71 36 47 53 25 65 5 25 43 17 26 17 87 45 
38 49 79 63 77 41 45 48 35 71 43 39 25 12 8 38 46 58 31 53 37 33 88 47 12 53 85 65 49 42 58 66 82 63 75 41 57 35 36 54 39 83 49 60 34 75 42 80 38 43 68 78 49 33 34 49 21 11 58 69 27 58 71 40 41 16 30 49 28 51 41 65 34 59 10 75 58 13 38 72 76 15 6 34 51 31 32 38 57 44 23 40 60 22 44 19 35 89 53 50 64 74 31 81 27 49 65 39 26 74 73 18 40 80 61 6 54 10 76 22 8 20 39 60 44 45 39 63 24 75 44 72 21 39 14 39 53 66 51 56 57 69 16 60 76 71 70 61 61 33 24 51 52 38 21 46 45 18 23 23 50 60 61 78 92 11 41 65 49 62 36 13 41 82 65 43 16 
85 104 64 85 69 68 86 73 103 78 77 51 48 32 50 47 96 10 46 20 54 95 66 48 85 120 99 87 36 79 99 113 69 88 74 85 42 7 92 8 119 48 80 70 89 78 103 45 75 97 106 72 71 53 81 54 28 95 73 56 86 85 72 41 24 20 87 58 80 72 102 72 80 44 104 68 51 75 90 85 47 43 51 85 32 62 58 76 80 60 4 76 57 7 28 12 122 86 64 63 86 58 97 27 82 96 19 48 110 87 52 78 115 88 36 51 41 103 27 36 55 72 59 82 83 70 84 59 111 80 86 53 76 40 57 91 88 83 94 78 104 53 96 111 74 80 94 60 5 49 88 89 29 25 10 64 35 54 15 88 93 98 89 126 44 56 94 55 97 73 49 75 118 102 21 46 
45 73 73 25 35 8 23 28 43 16 36 44 53 51 65 23 76 75 76 40 81 42 36 57 36 16 26 70 42 21 38 68 65 14 25 56 81 12 83 34 69 44 15 60 7 49 58 54 29 40 35 28 43 14 30 60 14 73 55 26 58 53 65 60 69 25 54 21 56 17 25 41 48 34 60 39 17 53 72 50 42 46 11 62 25 42 44 40 25 86 51 44 89 68 78 41 54 52 75 66 31 63 63 11 23 78 41 25 61 32 26 32 31 53 73 52 41 60 48 29 15 75 15 14 54 44 45 26 38 59 32 35 57 44 27 41 58 25 41 21 40 11 27 75 66 17 75 80 59 15 7 72 61 91 43 51 31 69 22 15 23 70 43 40 49 27 61 13 19 36 11 33 21 81 38 
60 47 38 36 53 67 21 88 60 55 81 78 55 65 66 94 73 88 50 49 38 68 103 43 36 71 75 26 28 22 52 35 41 23 63 98 55 99 47 67 25 53 29 49 5 61 98 16 8 32 72 51 34 58 90 54 54 96 22 31 97 69 83 84 71 95 29 100 48 68 24 84 14 46 76 61 22 45 88 74 53 34 73 47 46 29 85 61 104 33 85 106 98 94 34 100 44 62 38 48 27 77 36 23 90 56 49 32 62 71 37 18 85 68 87 5 77 74 60 42 65 61 60 98 21 86 46 84 30 58 80 92 47 72 16 103 69 26 33 78 41 43 55 43 29 64 101 98 60 51 80 79 106 40 70 56 90 67 31 64 40 42 68 49 17 56 41 62 66 43 48 57 91 63 
21 48 38 80 81 71 98 78 44 73 57 26 18 95 55 19 44 36 31 31 60 112 95 78 93 28 36 73 78 7 28 59 54 28 57 85 56 97 16 36 67 33 70 56 24 103 63 66 39 83 33 60 54 67 87 9 90 54 30 101 24 55 45 93 91 54 103 88 81 38 73 68 14 71 78 38 22 79 63 31 65 35 50 32 33 98 64 62 27 83 63 75 52 90 111 21 2 26 45 40 41 63 67 45 40 94 30 57 87 89 51 68 13 74 62 45 55 58 58 6 82 82 100 39 85 92 97 31 52 92 77 30 96 45 111 96 37 80 74 79 90 10 19 69 5 64 87 86 80 35 47 61 30 45 51 56 91 70 96 27 98 56 26 61 15 80 77 58 62 98 94 44 52 
50 40 81 87 64 107 83 54 86 72 39 38 97 75 40 65 45 10 34 72 121 88 74 97 49 31 67 68 16 11 61 50 44 78 86 77 91 37 30 71 17 72 42 41 113 56 54 38 90 43 59 63 84 87 12 103 50 17 111 44 72 65 97 103 52 114 85 87 33 86 59 19 82 82 25 2 92 75 43 63 53 56 40 29 105 72 83 22 94 84 92 73 80 119 27 23 9 53 21 60 62 61 66 51 90 15 67 93 82 45 83 34 88 50 63 69 67 61 27 86 85 111 31 96 87 104 17 62 99 92 39 100 36 120 98 32 74 86 76 85 12 7 65 26 84 101 89 81 56 65 82 34 60 60 75 94 66 96 7 88 69 36 54 30 77 83 69 64 92 93 65 63 
10 32 36 33 57 32 18 43 41 27 41 47 60 51 56 17 59 17 30 72 53 33 47 48 21 30 43 43 43 11 16 34 64 37 65 53 45 23 21 40 22 39 34 65 28 37 12 40 20 13 20 52 39 48 59 17 37 64 42 46 51 46 59 10 66 40 37 21 46 34 35 38 32 34 49 50 36 23 18 42 9 17 21 55 25 70 28 49 73 61 60 53 70 27 50 44 11 44 44 15 26 58 21 47 40 24 42 47 20 47 48 49 35 42 36 22 10 50 35 35 64 25 50 46 54 38 20 49 54 19 49 25 72 48 20 36 41 32 46 50 43 25 50 66 60 38 32 51 44 73 18 34 18 54 44 25 47 48 58 30 24 24 36 33 32 28 14 53 46 61 25 
42 47 38 67 43 20 49 43 20 33 58 58 43 52 13 48 7 35 82 60 41 57 42 13 37 47 32 34 22 19 28 62 48 63 61 36 15 31 31 33 35 27 74 31 38 4 50 15 22 26 55 49 37 66 20 28 73 35 47 48 57 66 16 75 50 47 14 51 37 24 45 42 27 38 56 41 17 27 37 16 10 12 65 33 68 18 56 70 64 58 58 79 17 40 33 14 36 41 25 32 54 20 56 30 30 53 54 20 51 39 54 35 41 39 29 21 40 46 46 72 18 58 55 64 28 25 59 59 12 60 21 81 59 12 43 48 41 54 39 32 32 40 65 67 49 42 45 43 70 8 34 23 54 55 33 58 38 64 34 16 27 26 42 43 33 25 61 56 56 29 
17 35 35 10 40 42 53 57 71 15 78 81 78 46 89 49 37 50 38 22 18 75 50 27 44 75 73 20 33 61 83 6 85 36 75 52 16 69 10 57 63 47 37 48 43 22 49 23 33 60 9 80 50 34 66 47 70 62 72 17 49 30 50 17 19 49 46 41 67 37 12 62 80 47 42 52 19 66 31 48 52 32 25 88 59 40 91 66 80 46 46 59 82 74 36 71 66 20 30 81 45 25 69 34 19 35 40 52 79 50 49 62 49 31 21 81 8 7 48 52 40 27 31 67 35 28 54 50 19 50 50 17 49 27 37 16 29 82 74 25 81 81 56 7 4 75 63 92 50 54 34 70 14 22 16 78 47 41 55 36 67 17 14 36 17 34 17 84 40 
51 21 7 37 26 42 55 68 22 67 77 70 44 95 53 26 36 55 39 14 70 58 44 61 77 80 27 45 57 71 21 74 53 72 60 15 77 18 70 60 31 51 63 48 5 47 33 27 46 25 83 33 46 74 30 66 50 63 14 32 39 33 34 2 57 31 57 70 23 6 71 85 31 30 50 32 60 31 48 58 19 17 76 65 23 79 51 70 63 33 61 82 80 35 81 58 31 45 72 41 42 77 26 6 53 51 38 77 34 63 53 39 24 27 80 10 11 31 61 23 44 17 74 29 13 38 50 18 60 36 21 56 44 21 33 46 85 79 40 81 68 38 16 21 69 54 81 53 46 29 59 14 38 25 85 64 31 55 49 66 34 4 27 24 51 31 76 33 
71 44 51 70 73 58 71 46 93 81 89 50 67 43 59 85 24 15 52 80 35 7 10 64 53 30 18 66 98 35 99 27 74 35 40 47 34 26 65 82 8 14 34 56 52 22 50 83 34 67 83 18 47 81 73 79 85 52 82 22 84 26 53 32 73 7 57 65 45 39 62 77 65 55 20 74 40 48 38 68 50 104 44 72 106 91 94 20 82 52 74 55 44 46 77 22 6 91 54 28 49 53 54 18 19 77 76 77 16 76 68 51 31 75 43 42 82 33 73 25 66 47 51 63 82 50 52 28 86 48 34 12 66 20 22 69 58 11 75 99 86 41 31 83 77 107 45 68 49 87 48 13 43 58 26 61 54 10 63 20 47 57 30 28 36 94 57 
27 54 31 51 72 84 31 74 92 80 62 116 73 39 15 71 57 20 83 78 63 80 96 101 48 66 73 78 37 81 67 88 80 36 97 38 91 76 12 72 83 69 17 65 54 44 49 40 102 25 67 94 13 81 59 73 21 23 61 15 50 20 78 34 77 89 30 26 92 105 30 39 67 53 73 50 67 79 3 34 82 85 21 85 51 78 81 12 80 100 101 54 102 69 52 66 82 58 56 97 41 16 70 72 42 93 36 83 64 49 40 48 97 27 28 14 82 19 59 5 95 46 8 38 69 23 81 15 28 77 62 27 51 62 104 99 60 98 73 32 31 39 81 64 87 72 58 47 66 24 58 35 105 80 43 73 70 84 52 25 40 45 65 43 86 47 
36 32 45 53 67 19 69 77 71 42 91 49 28 42 49 32 14 70 53 37 54 74 76 21 39 57 74 15 76 46 71 55 11 72 11 63 59 38 45 56 44 12 45 27 27 50 19 80 40 39 69 37 66 53 65 14 38 34 40 28 9 52 36 50 67 27 1 65 81 37 33 48 26 60 28 46 54 25 17 79 61 29 82 56 72 56 39 58 80 76 32 75 59 25 39 74 41 36 72 26 10 46 45 42 75 39 56 55 41 24 22 79 5 5 38 55 30 38 23 70 29 19 44 48 18 54 42 19 51 37 27 26 39 82 75 33 79 72 45 11 14 69 55 84 49 47 29 62 13 31 21 80 57 33 52 43 64 27 3 28 19 45 26 77 33 
31 23 18 31 55 41 41 39 9 64 22 17 68 69 49 50 34 33 48 62 42 51 23 34 21 46 47 48 69 35 35 25 49 31 55 23 59 46 55 24 38 11 29 9 35 49 48 48 35 46 57 30 28 34 50 48 29 59 54 36 34 32 53 36 27 35 46 53 38 21 13 34 26 11 14 31 53 20 52 35 39 55 44 43 70 66 27 46 50 7 56 27 31 45 41 5 62 48 12 43 64 37 31 40 34 53 24 19 13 22 44 41 41 56 38 41 61 52 47 8 47 39 15 54 41 67 55 32 53 31 46 61 50 47 43 44 48 47 46 42 35 26 55 21 16 7 36 49 42 56 54 75 14 19 42 29 48 34 15 25 69 57 44 9 
20 47 56 49 43 64 49 40 95 53 14 41 80 61 39 54 63 64 81 72 82 40 58 45 47 47 50 78 60 65 30 81 37 82 49 31 68 79 53 23 42 48 24 19 51 78 17 59 77 28 52 28 42 39 17 52 30 59 24 63 4 74 67 5 30 77 84 7 10 43 50 43 34 45 62 32 20 51 67 10 54 24 47 86 41 58 74 81 35 86 39 47 63 51 34 68 80 19 30 76 63 11 65 7 78 34 19 21 39 71 36 37 27 67 12 69 32 78 24 27 12 46 43 69 39 47 61 66 5 56 71 80 78 59 72 43 17 43 46 50 33 57 52 29 26 35 40 57 52 86 88 17 49 65 58 57 28 16 39 77 58 55 22 
32 38 64 24 45 29 30 82 44 16 61 88 68 56 34 56 68 84 57 71 43 57 28 29 59 31 87 42 58 38 71 46 78 32 51 69 78 47 41 30 50 23 12 63 63 34 58 67 48 34 8 22 56 36 51 49 70 40 57 18 75 53 21 43 69 71 23 12 30 54 23 32 35 54 52 28 34 56 30 37 21 27 91 61 46 57 70 30 77 19 51 66 31 23 78 69 20 47 84 60 12 47 18 76 13 4 23 41 53 50 51 47 61 32 79 52 68 21 47 20 35 60 64 59 63 55 72 24 64 79 65 65 63 54 27 31 56 57 30 13 39 42 11 23 17 56 62 67 74 95 12 36 65 42 65 42 17 44 86 70 35 15 
14 72 40 24 33 11 50 16 34 85 80 60 68 21 29 57 68 25 39 37 40 8 44 63 44 81 18 30 42 40 47 53 7 77 51 58 24 57 8 40 28 44 65 31 64 40 36 74 15 33 30 68 65 36 76 67 55 30 47 58 20 44 52 39 39 53 36 5 45 18 26 10 26 72 38 49 26 56 52 53 39 78 84 14 27 37 21 47 23 43 52 34 13 75 38 30 61 74 40 43 22 48 55 25 30 31 36 25 58 58 73 34 58 74 71 37 26 65 52 8 72 38 84 72 28 63 48 59 73 33 32 52 26 48 62 63 58 25 27 51 14 21 25 38 66 52 73 41 84 30 5 48 11 60 52 32 40 81 72 36 25 
86 37 10 27 25 48 28 45 97 93 74 81 11 38 70 80 22 41 51 52 11 40 77 39 94 4 39 56 44 61 62 8 87 64 69 36 69 22 54 41 49 79 26 73 53 40 85 6 36 27 81 74 50 86 82 67 41 56 70 21 55 66 46 38 61 46 19 59 16 40 24 35 84 51 45 32 66 46 56 35 91 96 20 18 39 35 51 22 57 65 28 26 89 41 43 74 87 52 50 8 56 65 26 37 44 50 14 72 72 84 43 69 88 83 41 39 78 59 22 85 48 95 86 38 77 58 73 87 28 33 66 15 46 70 77 72 18 28 44 26 27 38 37 80 66 87 42 97 40 17 60 8 74 65 43 54 94 86 28 36 
89 96 91 61 104 65 48 43 41 31 11 89 66 38 53 91 89 36 48 76 94 11 96 37 90 68 30 84 25 70 78 43 50 60 58 25 64 38 46 68 12 96 52 49 82 43 85 73 84 10 50 45 46 20 24 64 53 53 83 45 20 77 95 53 52 67 34 80 46 63 68 27 37 98 75 43 101 73 92 51 39 75 97 89 51 86 79 35 43 93 60 26 85 46 19 40 55 60 94 56 61 75 61 43 37 96 14 14 45 67 43 29 25 82 48 25 60 65 8 65 44 3 64 35 44 25 32 98 90 37 97 91 59 9 16 89 75 103 65 66 48 81 8 35 4 93 50 52 70 49 82 26 22 48 33 35 13 97 53 
37 11 44 85 56 41 82 111 90 80 26 68 89 103 59 78 65 75 32 5 84 7 110 38 70 62 79 69 93 35 72 87 96 62 65 42 71 45 25 87 63 53 76 75 69 31 16 10 81 55 70 69 93 65 70 40 94 58 45 68 80 75 44 37 40 75 22 53 47 66 75 52 10 66 53 13 27 4 112 83 53 54 76 49 86 16 72 86 12 38 102 77 44 72 106 77 32 42 38 93 17 28 46 63 50 75 75 67 74 55 102 75 76 44 71 37 47 85 78 80 88 68 94 47 87 102 65 70 84 50 9 47 81 80 19 15 14 54 25 45 8 81 84 91 79 117 36 45 84 45 88 66 41 66 110 95 15 37 
26 35 50 37 53 105 103 84 91 11 47 80 89 25 46 61 62 20 39 87 37 104 6 48 66 50 71 70 18 95 73 78 46 78 32 64 50 54 89 28 80 63 46 93 11 41 29 91 81 60 94 92 77 49 63 79 28 63 76 53 41 68 54 29 69 21 50 34 44 93 60 43 40 74 44 61 34 100 104 29 18 44 45 57 26 67 75 26 36 99 47 52 84 97 61 57 6 63 74 31 44 53 60 13 82 82 91 51 76 98 92 47 48 87 65 32 95 57 103 96 47 87 66 83 97 29 37 76 14 46 76 87 82 17 33 42 35 34 48 40 90 76 97 45 107 49 27 70 17 84 75 52 64 105 96 25 45 
39 75 49 43 89 109 88 84 16 62 87 99 49 68 63 71 25 13 85 12 109 28 63 62 70 69 86 26 79 83 91 56 69 37 69 45 33 88 53 61 72 66 76 21 21 7 84 63 67 77 93 68 64 46 90 48 50 70 72 65 51 41 35 73 15 51 42 59 81 54 18 58 59 19 38 8 109 90 45 43 66 46 78 12 70 83 2 35 101 68 45 75 103 72 39 31 45 87 16 31 47 62 38 77 77 75 67 61 101 81 67 43 76 45 41 88 72 88 90 61 92 53 86 101 54 60 82 39 20 56 83 81 9 16 18 47 24 44 16 84 81 93 69 114 38 38 80 35 87 69 43 65 109 95 6 38 
55 14 26 77 70 50 57 30 26 48 60 33 42 26 31 16 48 52 49 71 29 28 31 41 36 49 17 68 44 51 18 46 3 30 18 42 54 39 57 32 37 66 25 33 35 57 58 27 68 57 44 27 41 50 26 37 42 39 44 47 30 6 35 24 15 5 24 62 28 54 27 48 57 51 44 70 75 18 37 41 10 47 28 32 43 41 7 64 40 21 51 64 33 39 33 43 49 27 26 22 25 36 47 47 65 31 50 64 61 38 17 55 47 6 61 34 76 61 25 53 40 49 63 41 38 43 36 51 56 52 47 33 29 57 12 20 15 40 55 43 62 45 75 23 10 40 21 50 41 24 29 71 61 43 18 
43 81 130 91 79 105 59 38 72 71 26 15 69 56 55 88 93 87 94 47 36 80 20 80 44 51 123 60 57 47 99 53 66 73 94 93 22 113 56 22 121 54 82 75 105 113 59 123 91 96 39 96 62 29 92 91 28 11 102 85 53 70 64 65 50 37 114 82 93 30 104 94 103 83 83 128 37 32 15 62 22 70 69 66 76 61 95 19 77 101 85 50 93 44 98 53 73 80 76 69 37 94 93 120 37 106 92 113 21 72 108 102 49 107 40 130 106 39 79 95 82 89 21 17 70 36 94 112 96 88 66 75 92 44 71 70 85 102 72 103 10 91 79 46 58 41 82 91 79 72 96 99 75 73 
39 87 66 47 64 37 12 43 52 25 29 29 25 24 60 55 60 67 30 14 38 27 40 37 23 80 36 41 8 56 14 29 30 56 56 30 70 25 23 78 31 47 46 63 70 23 80 57 53 14 55 42 17 49 49 25 32 60 44 15 34 34 22 9 10 71 38 66 13 61 68 65 55 63 85 10 33 28 19 33 39 32 38 51 21 63 26 34 59 60 24 53 33 57 38 40 40 33 28 33 53 52 77 17 63 61 70 24 29 65 61 9 67 22 86 66 12 50 53 48 60 32 26 39 33 64 70 56 49 42 41 68 2 34 27 53 61 39 65 32 69 37 11 32 20 49 49 37 32 68 63 53 31 
51 72 52 40 44 49 54 70 59 68 28 45 34 46 43 48 71 49 51 21 66 29 69 37 43 56 66 39 26 28 36 10 24 46 65 31 46 63 40 42 25 36 40 31 39 42 53 25 49 16 62 53 10 27 62 70 21 6 29 39 34 21 31 48 39 11 51 52 22 54 32 44 76 50 44 61 67 20 72 32 36 52 45 20 62 65 6 32 68 50 17 54 19 65 27 13 8 27 59 34 34 39 53 24 62 38 63 10 33 24 32 44 55 50 47 47 57 14 48 63 67 64 49 59 44 31 40 40 43 27 55 38 20 12 33 40 47 50 71 80 5 36 52 45 49 25 2 29 70 54 49 8 
84 71 33 95 93 78 94 110 116 63 81 85 86 50 89 80 101 96 51 112 54 106 89 10 87 98 84 32 79 69 58 57 53 116 29 82 109 13 93 68 82 34 27 76 13 63 35 93 43 92 103 42 42 107 120 38 51 81 68 84 65 81 94 17 48 89 100 30 92 57 86 94 4 95 113 116 68 117 80 67 80 91 72 69 112 55 31 83 87 50 106 44 99 75 60 54 63 111 42 43 15 97 28 72 19 110 60 23 45 83 35 96 2 40 92 76 38 65 75 118 113 75 111 80 36 44 53 92 74 95 87 70 61 74 37 73 47 120 93 56 87 85 97 66 40 53 61 78 56 95 60 
20 51 101 59 22 21 88 77 46 41 86 116 34 117 5 96 59 51 71 43 48 87 83 32 34 57 60 73 40 65 96 31 91 89 40 71 83 95 96 103 50 87 43 86 21 58 56 84 29 81 75 50 63 86 86 78 76 35 94 58 69 62 68 61 121 68 79 124 104 112 12 80 75 97 79 62 69 96 38 28 111 73 15 73 68 56 6 43 89 99 88 38 94 84 65 47 99 45 44 85 57 79 12 66 71 67 64 93 71 49 52 85 44 58 16 76 24 9 93 82 27 98 116 94 40 34 104 95 125 67 85 65 104 47 27 37 82 9 75 76 34 86 23 52 71 44 7 28 114 73 
38 81 43 7 22 72 64 25 24 67 95 21 97 20 77 44 31 58 23 40 67 69 20 29 39 44 53 20 45 76 19 76 72 24 57 69 75 75 83 37 70 24 72 12 41 41 65 22 64 56 33 50 72 67 58 56 15 74 37 50 46 54 42 101 53 61 104 84 92 25 68 57 80 65 42 59 76 18 13 91 53 16 59 47 41 15 28 69 80 68 31 73 63 45 26 81 30 29 70 42 61 14 52 57 46 50 73 52 38 38 72 34 42 5 57 6 13 78 67 9 81 95 76 26 18 83 75 104 49 65 45 84 34 8 28 69 27 55 56 20 68 5 35 51 24 20 21 93 53 
84 67 45 61 89 90 36 51 71 85 17 88 47 85 69 26 86 25 75 73 32 55 66 58 15 60 40 41 59 20 94 41 52 83 32 80 64 77 1 39 47 35 30 15 66 43 59 81 36 15 79 96 42 43 63 37 74 43 61 68 17 31 90 75 33 93 63 84 61 29 73 95 90 47 89 72 37 48 86 55 36 86 40 8 50 58 51 90 46 67 67 53 38 36 93 11 12 34 69 32 39 15 84 43 14 50 62 4 67 34 8 65 43 34 32 42 97 90 42 94 82 48 11 21 83 68 95 64 60 43 73 4 40 15 94 60 45 67 54 79 33 16 41 33 45 23 90 47 
49 78 89 33 53 57 61 14 29 81 28 101 12 50 59 55 65 73 14 85 73 79 45 70 28 61 43 43 84 37 69 62 51 82 6 29 17 84 70 57 84 87 69 51 52 79 33 53 69 57 49 58 44 25 66 10 44 31 45 83 53 34 43 64 35 49 24 100 94 31 27 50 39 62 15 63 74 17 29 95 53 44 76 95 61 46 15 52 75 20 34 46 55 23 75 75 81 53 66 94 83 52 41 78 54 30 88 59 93 89 49 84 56 79 94 38 44 73 24 36 65 80 77 7 22 33 35 25 41 29 83 73 90 53 105 39 26 69 20 81 68 43 59 101 91 16 37 
37 42 29 23 31 19 37 73 55 73 61 41 2 42 19 42 24 35 87 27 30 9 61 26 27 39 68 55 33 79 19 16 85 42 59 59 66 79 20 87 53 58 2 65 32 22 58 53 13 29 70 54 28 31 47 29 21 3 77 46 78 10 69 81 77 68 54 91 18 38 23 28 23 52 30 31 64 33 59 19 43 63 52 15 64 42 67 26 52 52 42 31 40 55 55 85 5 71 57 75 17 38 70 72 21 69 10 93 67 1 44 61 44 55 35 24 34 40 76 80 57 49 54 54 80 14 46 36 65 64 35 65 27 61 47 23 24 30 45 53 46 34 62 61 65 42 
17 66 57 25 18 64 94 28 96 24 73 38 33 51 27 32 64 74 12 21 34 49 50 18 45 78 26 70 76 18 50 74 72 75 82 44 75 20 77 20 46 35 68 14 58 59 38 43 65 70 60 53 14 72 36 47 40 60 44 100 47 65 103 86 91 23 74 52 75 58 41 51 75 17 6 89 51 22 52 48 46 17 22 71 76 71 23 72 64 46 26 76 35 34 75 36 66 20 58 50 46 55 76 48 45 31 78 41 36 7 60 13 18 72 61 5 76 95 80 33 24 81 74 103 44 64 45 84 41 6 36 62 27 56 53 13 63 12 40 52 25 25 29 91 53 
71 57 41 28 75 108 43 109 25 82 42 50 51 44 27 75 91 16 14 44 66 62 33 61 94 41 74 93 27 51 91 83 90 95 60 92 33 94 32 63 40 84 10 64 75 55 43 66 87 76 65 31 84 51 58 46 77 60 114 51 82 117 102 104 12 90 60 81 59 54 49 88 33 17 101 65 31 53 64 63 16 28 87 84 88 18 86 79 62 42 83 52 51 92 39 83 27 75 51 62 72 93 59 60 33 94 56 42 18 77 28 24 75 63 21 82 110 97 49 40 93 88 117 54 78 60 98 57 23 50 62 20 72 63 19 72 27 57 68 41 27 41 103 68 
21 54 48 29 62 80 61 90 21 29 63 25 65 48 26 102 56 58 33 80 31 54 52 69 82 5 90 48 22 99 28 57 49 89 90 48 101 82 77 31 73 61 8 70 74 30 16 78 62 29 59 38 46 29 26 95 62 67 19 82 68 77 57 83 109 16 10 18 42 32 44 57 60 50 38 88 22 55 84 82 44 69 18 74 54 47 55 55 54 13 78 78 99 31 84 86 94 23 50 89 77 27 92 37 109 92 30 73 73 73 84 7 12 63 12 68 88 82 75 40 49 66 25 46 49 59 87 64 91 20 90 55 23 54 15 74 74 57 57 91 88 49 50 
54 40 46 81 77 80 80 41 21 65 6 65 31 43 108 45 43 31 84 41 50 59 83 78 20 99 40 6 107 47 72 68 89 99 43 109 75 81 24 84 48 20 78 75 14 9 89 72 41 54 56 50 37 21 99 67 86 15 90 88 92 76 69 113 25 30 2 48 11 62 53 50 70 49 79 4 63 86 71 35 81 40 86 39 64 68 62 54 34 78 78 106 21 92 77 98 6 58 93 90 36 92 25 115 90 24 63 82 66 74 21 9 55 34 87 99 80 72 59 66 86 30 60 56 77 87 56 88 5 77 66 34 43 33 67 76 66 57 81 83 69 60 
18 43 70 26 71 45 55 33 12 50 11 43 44 57 28 39 22 31 29 8 20 52 28 59 54 19 47 56 51 50 57 35 53 13 59 30 28 30 43 34 46 35 21 43 60 47 35 32 10 49 12 28 32 46 20 75 39 43 78 61 66 48 60 38 61 54 17 53 51 8 24 65 28 38 50 23 32 41 24 46 59 46 38 48 38 20 1 61 24 24 56 33 44 38 44 48 21 40 51 30 38 33 63 37 29 29 37 22 38 61 54 20 61 70 57 27 21 59 49 79 29 39 19 58 33 19 36 58 52 30 35 25 47 24 22 27 3 45 35 68 27 
47 80 37 81 42 55 20 30 35 27 25 47 76 12 21 16 49 33 11 35 68 37 52 72 1 34 75 55 63 67 50 72 6 77 34 46 17 61 18 40 53 39 28 48 65 51 36 14 56 24 29 22 64 38 86 29 61 88 76 76 38 78 34 56 42 27 37 59 14 13 73 36 40 36 39 49 35 6 62 58 64 20 58 52 37 19 57 40 39 75 19 63 38 62 34 35 58 69 31 53 16 81 50 18 25 55 25 36 54 43 15 57 82 75 41 32 65 60 89 26 50 33 70 48 16 47 45 44 46 35 8 45 26 40 43 20 43 42 75 41 
36 67 36 87 15 38 46 47 51 61 3 76 59 66 31 58 13 46 30 39 70 34 62 48 43 74 9 27 22 71 63 43 75 73 57 38 45 65 26 43 56 47 44 50 35 10 51 10 30 17 34 73 40 42 33 55 44 47 31 86 85 21 29 44 25 54 16 49 60 26 16 81 45 32 63 81 48 40 20 45 63 18 26 33 41 25 62 62 72 42 57 80 72 44 28 67 49 16 75 47 84 76 36 70 47 65 80 36 38 59 26 41 59 67 63 17 20 43 22 17 28 31 70 59 77 47 91 29 13 55 14 66 55 32 45 87 77 28 25 
89 3 115 41 74 67 83 74 97 38 76 92 100 66 70 47 76 50 29 92 66 57 81 79 73 34 21 13 86 59 75 73 98 70 74 44 99 61 49 73 83 78 48 41 45 80 25 58 52 70 79 57 5 70 57 8 30 5 117 87 57 56 79 53 90 21 77 91 12 43 107 80 49 76 111 82 36 44 42 98 22 33 51 68 51 80 80 71 78 59 107 80 80 49 75 41 51 90 82 84 92 72 99 52 92 107 67 73 89 52 8 50 86 85 22 20 9 58 30 50 12 86 89 96 82 122 41 49 89 48 93 71 46 71 115 99 15 42 
91 31 81 56 22 73 16 59 69 49 39 49 48 26 55 27 39 65 3 85 54 38 71 49 76 68 78 16 53 34 52 13 23 53 51 42 72 43 17 65 84 52 48 58 23 72 37 54 57 34 31 94 64 44 97 72 86 44 47 64 87 78 42 75 72 24 32 87 51 21 73 40 21 33 43 57 85 55 50 68 56 37 27 87 11 10 50 56 44 23 32 71 41 30 60 56 17 53 51 13 53 25 42 15 25 87 79 26 87 87 60 6 5 82 69 98 55 60 40 76 13 24 10 82 43 47 61 38 73 15 19 43 23 30 10 90 47 
117 40 74 69 82 76 97 38 79 93 101 67 72 48 77 52 32 94 65 60 82 78 76 33 23 14 88 62 76 76 100 72 75 47 100 60 52 75 83 77 51 44 45 82 26 59 52 70 82 59 6 69 60 7 33 5 118 90 57 55 78 55 90 21 79 92 11 44 109 80 51 79 112 83 39 43 45 98 23 35 53 70 50 82 82 74 78 62 109 82 79 50 78 44 51 92 83 87 95 72 101 54 94 109 66 72 91 51 11 53 88 87 21 22 7 58 31 52 15 88 90 98 81 123 43 49 90 47 95 73 48 73 116 102 13 44 
98 62 49 74 41 52 88 79 35 38 59 57 73 40 65 95 28 94 86 42 74 80 96 95 103 46 85 44 83 18 55 59 82 32 83 73 48 66 89 84 77 76 35 95 58 70 64 64 60 121 71 76 124 102 112 17 76 77 99 82 62 73 96 38 30 111 73 11 76 67 53 9 46 88 100 86 42 94 83 64 47 100 43 42 81 60 76 8 62 74 66 61 91 72 45 55 81 40 60 17 73 23 7 96 85 28 100 115 92 37 32 104 95 125 69 85 65 104 43 28 33 85 13 74 77 37 88 21 50 70 44 2 24 114 72 
41 60 44 65 64 12 91 66 71 39 73 26 57 45 52 83 25 77 56 41 89 8 39 29 85 78 53 90 85 72 43 60 72 22 59 70 47 37 65 50 23 63 19 44 27 37 88 55 46 34 70 47 59 36 94 100 22 16 39 39 52 25 60 68 29 30 92 42 47 78 90 54 54 5 60 68 30 41 48 54 11 76 76 87 45 73 91 87 42 43 82 62 25 89 50 99 90 41 80 62 77 90 26 32 69 12 48 73 81 76 19 31 45 29 31 42 40 84 69 91 41 100 44 20 63 10 78 69 47 58 98 90 28 40 
44 16 44 23 36 89 27 30 12 63 28 29 41 70 57 32 82 20 14 87 43 61 60 68 81 22 90 55 60 3 67 32 21 61 55 11 28 72 56 29 33 48 31 23 4 79 48 80 9 72 82 79 70 54 93 19 38 21 30 21 53 32 32 65 35 60 17 45 65 53 16 66 42 69 26 54 54 44 33 40 57 57 87 3 73 58 77 15 40 73 74 23 71 9 95 69 3 45 64 46 56 34 23 35 40 78 82 59 51 55 56 81 16 48 38 67 66 36 67 25 61 50 25 25 31 47 55 49 36 63 62 66 44 
61 7 55 48 45 39 50 33 19 34 19 17 45 25 68 43 31 58 44 55 46 56 26 42 25 47 31 16 41 34 45 55 25 11 55 70 36 27 37 20 50 16 34 43 34 10 72 49 32 75 53 64 56 49 47 68 65 21 65 50 18 34 65 30 40 61 18 21 47 36 38 64 37 49 46 34 15 11 67 16 16 44 45 33 41 33 59 18 28 42 36 29 45 51 30 41 36 26 26 42 70 64 29 67 65 46 21 18 59 47 76 38 38 18 55 24 27 31 69 58 25 41 36 53 28 11 21 10 48 33 68 24 
61 25 44 106 39 37 28 80 40 46 57 83 73 25 97 35 4 104 49 73 69 85 97 38 106 70 77 19 82 42 22 76 72 8 15 87 71 41 49 57 47 36 18 96 64 88 14 88 90 92 78 63 110 26 35 8 46 7 63 49 45 72 48 74 2 61 82 65 30 81 43 84 33 65 67 60 50 39 74 74 104 16 90 71 94 3 56 89 89 35 88 19 112 85 20 58 80 61 69 26 14 49 38 88 97 76 67 62 67 89 29 60 54 78 82 51 83 11 71 64 35 38 35 62 72 64 53 75 78 72 59 
52 53 49 33 45 34 22 39 15 24 53 18 70 49 28 58 48 60 54 63 24 48 22 51 24 19 41 41 39 57 32 12 54 71 43 35 42 14 56 21 38 43 36 18 80 50 38 83 61 71 48 51 49 72 65 26 64 57 13 28 72 35 32 61 25 22 39 33 46 69 45 45 53 41 22 11 71 13 13 49 44 39 33 34 59 25 30 50 40 27 43 54 26 40 28 33 18 34 73 65 23 71 73 53 16 11 66 54 84 40 45 25 62 21 21 26 69 51 33 45 31 57 20 13 29 8 41 26 75 31 
60 101 20 13 31 74 50 36 59 90 58 50 97 24 26 100 67 83 83 74 97 31 103 52 71 22 85 19 43 77 64 18 40 89 75 52 38 72 48 45 27 89 63 103 30 87 105 99 93 39 103 42 58 33 49 22 76 38 27 88 56 54 27 63 74 42 19 86 65 88 9 76 74 61 44 61 64 63 100 19 88 51 87 26 59 83 93 46 76 14 106 73 25 38 80 45 48 51 38 33 61 101 99 64 54 78 78 105 39 70 57 89 71 35 68 35 47 69 48 21 54 45 65 67 45 53 61 89 64 
79 58 65 31 61 14 47 32 43 71 31 65 47 40 77 8 31 25 73 66 43 79 74 59 37 48 65 23 47 58 45 41 54 38 11 52 13 32 17 32 75 43 44 31 59 46 51 33 85 88 18 25 41 27 51 19 49 59 28 18 82 42 34 66 81 47 44 17 49 61 21 30 36 42 22 64 64 76 40 61 81 75 41 30 69 52 15 77 45 87 78 35 70 50 66 80 33 35 59 22 44 63 69 64 18 23 45 21 20 30 34 72 59 79 44 91 32 12 55 10 67 57 35 46 88 79 29 28 
83 94 77 26 70 64 50 47 52 107 19 77 102 3 84 58 73 33 17 70 4 62 29 86 33 88 95 32 37 100 112 28 41 72 63 74 58 73 87 15 41 79 93 21 82 47 76 93 11 87 104 108 60 110 70 62 77 81 63 68 105 46 28 82 82 40 96 34 94 65 51 46 57 102 39 40 5 90 18 71 17 103 51 19 35 75 35 90 8 40 85 74 29 63 74 109 106 71 102 70 26 43 51 82 64 85 79 60 53 64 36 69 47 112 92 47 78 80 88 64 35 45 55 78 55 85 51 
11 27 56 46 20 46 79 38 59 82 11 39 82 66 75 79 54 81 17 85 32 53 25 71 6 49 63 45 31 54 75 62 48 19 68 36 41 30 70 48 98 36 71 101 88 88 27 84 44 66 47 39 39 72 21 7 85 49 35 41 50 55 26 12 73 68 74 11 70 64 48 29 67 45 44 82 25 72 32 68 39 47 64 79 43 56 20 87 52 26 18 65 24 29 61 50 12 67 94 85 44 34 77 72 101 38 62 45 82 51 15 48 50 34 57 47 3 56 24 47 54 29 36 41 87 53 
34 67 53 31 57 89 48 60 93 20 38 93 72 84 87 65 92 27 96 41 64 28 82 7 51 74 57 29 52 86 72 56 30 76 46 48 34 80 59 106 38 82 109 98 96 26 95 49 68 45 48 35 79 32 17 93 57 41 39 60 66 29 18 84 73 85 4 79 74 58 40 70 56 55 94 26 83 38 79 37 57 75 90 50 66 21 98 62 30 26 76 34 35 62 50 23 70 103 96 54 45 83 80 109 43 71 55 91 62 25 57 48 34 67 53 14 61 34 58 64 40 40 50 94 63 
52 19 21 29 59 49 37 70 17 25 75 39 51 52 58 69 15 78 49 49 10 55 33 25 49 44 23 37 60 44 21 26 41 19 14 9 67 36 72 16 59 74 68 62 54 82 18 41 32 18 33 45 24 29 58 24 55 28 33 54 51 16 55 41 58 31 45 43 32 22 41 47 47 75 14 61 53 66 26 28 61 62 15 61 17 83 60 8 41 52 40 52 39 31 30 41 69 70 50 42 49 47 74 10 38 26 58 55 31 58 36 61 38 19 24 29 41 44 37 25 59 55 60 33 
49 38 28 43 29 85 28 50 77 25 67 49 62 16 27 44 28 39 3 61 28 61 72 20 11 75 88 27 28 52 37 60 34 51 62 15 18 74 68 18 77 48 68 68 29 64 84 84 37 85 58 36 50 71 43 47 80 26 6 58 55 35 78 31 68 53 38 25 31 82 14 15 26 65 18 49 14 78 30 9 35 52 20 64 31 23 60 49 18 38 51 87 82 45 83 66 34 20 26 69 53 80 55 46 31 57 17 43 29 88 69 31 57 54 68 39 9 27 29 56 35 75 33 
33 21 42 57 36 59 34 36 68 22 33 33 60 59 30 70 60 47 27 43 52 24 38 45 39 42 48 31 3 38 22 18 5 24 64 31 53 26 50 55 51 43 72 77 16 34 40 13 47 26 35 46 39 8 67 39 24 54 67 35 40 30 44 50 26 26 24 28 33 50 50 67 31 53 66 63 37 19 58 48 5 64 35 78 64 25 56 42 51 66 39 36 45 33 50 58 55 50 31 28 55 12 20 18 39 58 45 65 44 78 25 7 42 18 53 44 26 32 73 64 41 20 
27 60 28 58 62 12 43 63 55 57 63 39 61 7 66 28 34 26 51 26 46 43 27 39 57 55 43 36 5 54 18 30 29 52 28 82 37 51 84 68 72 41 66 39 62 51 22 48 56 3 16 71 33 34 46 31 38 34 18 54 61 54 30 54 46 28 9 62 29 28 63 29 52 33 50 44 28 46 60 32 42 27 69 39 26 23 45 19 33 61 51 13 62 77 65 30 21 63 55 85 30 46 26 65 36 12 37 55 45 38 37 17 48 20 29 35 9 40 34 73 34 
32 42 57 40 36 53 48 39 30 39 41 40 29 50 48 26 39 26 53 45 19 26 53 62 31 16 23 31 33 11 23 38 43 10 56 43 31 59 41 47 68 56 36 55 58 11 62 33 28 43 47 14 56 56 4 33 61 40 27 49 29 55 29 18 3 18 53 32 32 47 43 33 56 42 54 2 37 34 24 45 45 57 46 37 49 22 41 57 60 55 40 54 50 41 37 35 42 30 60 29 21 2 38 40 39 48 63 72 10 28 43 39 43 25 8 21 64 50 51 7 
69 74 28 69 79 44 44 13 27 59 30 62 44 77 44 69 15 86 65 23 48 81 83 19 18 42 63 33 43 47 66 51 35 32 69 28 35 9 29 101 58 58 68 82 41 89 27 60 76 35 35 85 81 29 50 92 72 8 57 13 87 22 16 32 51 64 55 56 42 73 30 86 51 80 32 47 12 47 63 76 55 66 67 81 24 72 87 76 77 73 65 23 22 61 63 38 21 38 54 23 34 17 60 72 71 86 104 22 48 76 54 73 46 25 53 94 76 39 26 
86 58 38 71 52 79 71 81 19 56 35 55 10 27 54 55 41 74 46 20 65 85 56 51 60 23 75 39 56 57 37 35 97 65 48 100 75 89 41 49 66 89 79 44 75 75 25 31 90 54 17 74 43 24 30 43 61 87 59 49 72 59 40 29 89 14 13 53 56 48 19 35 72 44 33 63 58 18 53 54 14 54 23 46 13 22 89 80 25 89 90 63 9 7 85 72 102 57 63 43 80 16 23 10 83 40 50 63 37 75 13 22 46 25 26 7 93 50 
95 52 23 105 32 62 54 94 96 52 107 86 83 35 78 64 13 75 79 31 13 84 68 35 63 43 51 34 30 101 67 71 23 87 72 82 61 86 114 21 10 17 48 31 49 61 64 54 44 92 22 61 89 85 48 74 22 80 56 52 61 61 59 15 83 83 104 34 89 90 100 23 56 94 83 33 97 40 115 97 34 77 79 77 88 2 11 67 14 72 93 87 80 44 54 70 30 51 55 64 92 68 96 18 93 61 29 57 20 78 79 62 62 95 93 53 56 
73 94 16 68 40 55 42 2 66 16 68 31 80 17 88 84 21 39 93 102 11 27 60 63 58 50 62 79 27 34 60 84 11 63 28 58 97 30 76 91 99 51 103 54 61 77 63 51 75 97 36 34 86 78 23 82 17 92 48 35 37 53 87 43 44 14 84 10 77 29 95 41 27 16 64 45 85 27 50 78 77 18 66 80 97 95 72 88 51 7 49 55 65 47 66 69 45 43 46 44 70 56 103 98 34 67 79 75 67 36 33 53 85 63 67 39 
33 75 55 63 67 51 73 7 78 35 47 17 62 18 40 54 40 27 48 66 52 37 14 57 25 30 22 65 39 87 29 62 89 77 77 38 79 34 57 41 28 37 60 15 12 74 37 40 36 40 50 34 5 63 58 65 19 59 53 38 20 58 41 40 76 18 64 38 63 34 36 59 70 32 53 15 82 51 18 25 56 26 36 54 43 15 57 83 76 41 32 65 61 89 27 51 34 71 48 16 48 45 44 47 36 7 46 26 41 44 21 43 43 76 42 
101 45 69 65 83 94 36 103 68 74 17 78 42 18 73 69 8 15 84 67 37 47 53 44 32 15 93 61 84 10 84 86 88 74 63 107 22 32 8 42 11 59 47 44 68 44 73 2 57 79 65 28 77 40 80 33 61 63 56 47 36 72 71 100 14 86 70 91 1 52 87 85 31 85 19 109 83 17 57 76 60 68 24 12 48 35 84 94 74 65 58 63 85 25 56 51 74 80 50 81 11 71 61 31 37 31 60 70 60 50 75 76 68 55 
81 55 70 33 14 69 3 62 28 85 30 87 93 30 36 99 110 25 38 70 63 72 56 71 85 16 39 76 91 18 79 44 73 93 14 84 102 106 58 109 68 61 76 78 61 69 103 44 28 82 81 37 94 31 93 62 48 44 55 99 39 40 2 89 16 71 18 101 49 19 32 72 36 89 11 41 84 74 26 63 74 107 104 71 100 67 23 43 51 79 61 82 77 58 50 61 36 68 48 110 92 44 76 80 86 64 34 42 54 78 56 82 49 
30 21 80 69 51 82 82 65 44 51 73 27 51 65 51 44 57 42 19 60 10 39 25 39 81 49 39 37 63 40 51 29 93 92 25 24 45 34 57 17 57 67 22 25 90 47 40 72 89 55 46 13 52 69 21 33 42 50 20 71 71 80 47 65 89 80 46 37 75 54 23 84 52 92 85 42 78 55 74 88 34 39 68 21 40 65 76 72 12 23 39 29 23 37 31 79 67 86 48 99 37 19 63 14 75 64 40 54 96 86 22 33 
14 65 42 57 56 78 49 60 25 81 53 29 52 72 71 30 20 32 61 20 39 38 57 60 36 26 59 38 29 20 19 98 68 47 55 71 35 80 14 58 73 23 26 86 71 28 56 91 66 17 44 24 81 9 12 31 49 51 59 59 53 64 40 87 60 70 29 55 25 38 69 68 66 71 58 80 32 72 87 63 65 70 51 19 35 65 65 24 7 30 45 13 30 8 65 69 75 74 102 20 38 71 41 73 50 25 51 94 79 27 22 
77 56 62 70 87 61 60 39 85 48 43 63 70 65 44 34 31 68 12 45 38 56 74 47 19 56 52 21 32 9 104 83 43 45 66 41 76 7 65 78 9 30 95 67 38 68 98 68 32 33 38 84 9 24 41 56 40 70 70 68 64 54 95 74 66 37 69 39 37 81 68 81 83 58 87 46 80 95 55 60 77 41 19 50 76 75 11 9 22 44 18 38 11 77 76 86 69 109 32 35 75 35 81 62 36 59 103 89 13 31 
40 46 36 29 15 65 44 58 81 36 15 78 95 43 44 63 36 74 43 60 67 18 31 90 74 33 93 64 84 60 30 73 94 90 47 88 72 36 47 86 55 35 85 40 9 49 57 51 90 47 66 68 53 38 35 93 10 11 35 68 33 38 16 83 43 15 51 62 4 67 35 7 65 42 34 31 41 96 89 42 93 82 49 10 20 83 68 95 64 60 43 73 3 39 14 94 59 45 67 53 79 32 16 41 32 44 22 90 47 
66 14 66 29 79 18 87 84 21 37 93 102 12 28 60 62 60 50 63 79 25 34 62 84 10 65 30 59 95 28 76 92 99 51 103 55 60 76 65 51 74 97 36 32 85 77 24 83 18 91 50 36 37 52 88 42 43 12 83 9 76 26 95 41 25 18 64 43 85 25 48 78 75 17 65 78 98 96 71 89 53 9 47 53 66 49 68 69 46 43 47 42 69 54 103 96 34 67 78 76 66 35 33 52 83 62 69 39 
72 34 41 19 55 24 40 47 34 31 50 59 45 33 11 52 18 26 22 59 32 81 30 56 84 71 71 42 73 33 56 44 21 41 55 10 16 69 32 40 39 33 45 37 11 56 56 58 26 53 47 31 13 56 36 35 69 22 57 38 57 37 30 53 63 28 49 20 76 47 19 26 49 25 37 54 44 16 56 77 69 37 29 61 55 84 24 45 28 65 44 16 44 48 48 40 32 13 43 26 35 37 15 44 41 71 36 
65 31 87 31 90 95 32 39 101 112 26 40 72 65 73 59 73 87 18 41 76 93 20 79 44 73 96 15 87 104 109 61 111 69 64 79 79 63 72 106 46 31 85 83 38 95 32 96 63 49 46 58 101 42 43 2 91 17 74 20 104 51 22 32 74 38 92 11 43 86 77 28 66 77 109 106 73 101 67 23 46 54 80 62 82 79 59 53 61 39 71 50 113 95 46 78 82 88 67 37 44 57 81 59 83 51 
36 52 64 33 74 55 29 62 83 65 59 63 23 80 43 58 56 47 42 104 63 57 107 84 95 31 59 67 90 76 48 71 81 25 25 95 58 8 71 49 34 20 40 69 89 67 43 77 66 47 31 90 24 23 63 54 57 9 45 69 49 43 72 60 28 50 64 23 52 15 55 9 12 88 78 20 90 97 73 19 13 89 78 108 58 69 48 86 26 18 17 80 30 57 64 32 76 8 31 53 28 17 9 98 56 
58 29 58 70 21 8 72 86 29 28 49 34 59 31 48 59 18 16 74 65 21 78 49 68 65 32 61 82 81 35 82 57 32 47 71 41 44 77 25 7 55 52 36 76 32 64 52 37 23 28 80 12 13 29 62 21 46 17 75 28 12 36 50 19 61 34 22 57 46 19 35 48 85 79 42 80 67 36 18 23 68 52 80 53 45 29 57 16 40 27 85 66 30 55 51 66 36 6 26 25 54 33 74 32 
65 29 24 59 52 13 31 70 54 29 30 49 29 22 5 76 46 80 12 69 82 78 70 52 90 20 41 25 28 23 53 29 29 65 34 57 20 43 62 50 13 65 44 68 24 54 53 42 30 42 54 54 85 4 71 55 75 18 39 70 72 23 68 8 93 66 2 42 62 43 53 37 26 32 42 78 80 56 48 56 56 82 16 47 37 67 63 33 63 29 59 48 25 22 32 43 53 47 33 60 59 67 43 
77 67 8 34 79 85 5 11 43 53 42 37 46 64 35 23 48 68 13 51 20 44 90 43 59 74 83 37 88 37 51 67 48 34 72 81 22 34 80 66 8 65 3 81 32 18 24 42 70 41 41 28 69 15 73 35 79 26 31 8 47 48 71 41 51 64 70 9 60 75 80 79 63 71 39 15 47 50 49 31 53 53 28 28 32 45 61 56 87 92 17 50 68 58 61 32 18 43 81 62 52 23 
54 69 50 34 57 81 69 55 25 75 43 48 35 74 54 105 41 77 107 94 95 22 88 50 70 50 46 40 78 27 11 92 55 34 44 57 60 23 17 80 74 81 9 77 71 54 35 72 49 48 88 29 78 31 72 42 54 69 86 49 59 23 92 55 31 19 71 27 28 65 53 16 72 101 91 47 38 83 79 107 44 69 52 89 55 18 50 53 29 64 53 10 62 27 52 61 35 34 43 94 60 
63 66 25 18 73 56 23 51 36 38 22 18 88 55 66 13 75 68 73 56 76 102 8 16 18 35 29 42 49 52 50 32 80 19 48 76 74 37 64 22 69 48 44 50 48 46 18 70 70 92 25 77 78 87 19 43 82 72 20 84 30 102 84 22 65 67 65 76 15 12 55 18 67 82 74 67 39 46 66 17 41 42 57 79 56 83 21 83 50 17 46 13 66 66 50 50 83 80 50 44 
26 72 81 12 9 40 44 42 30 42 58 31 15 54 63 12 57 29 48 81 41 55 72 78 30 82 39 42 58 52 31 63 76 15 27 72 58 15 64 12 73 34 19 16 34 69 32 33 29 63 14 64 31 74 20 26 17 43 40 64 40 43 57 61 3 51 66 77 75 54 69 46 22 38 41 50 34 59 48 28 22 37 37 52 48 82 83 14 46 60 56 52 24 12 34 72 53 56 19 
65 81 35 31 47 26 59 27 45 54 24 16 78 60 28 81 55 71 58 39 58 79 76 32 75 58 25 39 72 40 37 72 25 10 47 45 41 74 38 57 54 40 23 21 78 6 7 37 55 28 39 23 70 28 18 43 47 19 55 42 20 51 38 25 27 41 81 75 34 78 71 44 13 16 68 54 83 49 46 28 60 14 32 23 80 59 31 52 43 64 28 2 27 19 47 27 76 32 
23 84 68 40 42 57 42 34 15 90 59 89 13 83 91 90 79 55 104 26 40 16 42 10 63 42 37 73 46 66 10 57 76 57 22 78 47 81 25 64 65 56 44 43 67 67 98 10 85 63 88 8 52 84 86 34 81 12 106 78 15 50 75 53 61 33 20 41 43 88 94 69 60 63 66 90 27 59 50 77 75 43 75 19 63 61 34 30 37 54 66 60 46 67 70 74 56 
91 74 42 61 53 54 39 27 104 71 83 20 93 84 92 73 78 118 26 23 7 51 20 59 60 59 66 50 88 13 66 91 80 43 82 34 87 48 62 68 65 59 28 84 84 109 29 95 85 103 15 61 97 91 38 98 34 119 97 31 72 84 74 83 13 6 63 27 84 100 87 79 56 64 82 33 60 59 75 93 64 95 5 86 67 35 52 30 75 81 68 63 90 91 65 62 
16 49 56 47 41 52 69 32 27 51 73 9 54 21 48 92 39 65 79 88 42 93 42 54 70 53 40 73 86 26 33 83 70 12 70 6 85 37 24 28 46 76 41 42 23 74 11 75 33 85 31 29 8 53 47 76 36 50 68 72 10 62 76 86 84 66 77 42 10 47 51 54 36 57 59 34 33 36 44 64 56 92 94 23 56 72 64 63 33 23 46 82 62 57 28 
32 45 33 27 35 53 40 17 46 57 20 49 26 40 83 50 48 63 72 26 77 30 43 59 43 23 67 70 12 35 74 56 11 55 13 71 25 10 14 33 60 38 39 37 59 22 68 40 68 16 35 18 36 48 61 49 51 53 63 12 54 69 70 68 55 61 39 26 44 45 41 25 51 42 19 18 29 44 54 55 76 86 6 39 59 48 55 30 8 35 76 59 47 12 
41 20 21 7 25 67 33 50 27 52 53 50 40 75 79 16 32 40 16 48 24 38 49 37 9 70 39 26 56 70 37 40 27 45 53 24 26 26 31 30 53 53 69 33 54 70 66 38 21 60 49 6 66 37 80 67 27 59 43 55 69 37 35 48 31 48 58 58 53 28 26 53 13 19 20 37 61 48 68 44 81 26 6 45 16 56 47 27 35 76 67 38 21 
59 22 35 34 50 29 86 41 52 89 71 77 37 65 44 67 55 27 52 61 2 14 75 38 29 50 34 36 30 20 57 66 57 30 58 49 31 12 67 26 25 63 33 53 28 49 48 32 45 62 37 38 30 68 36 30 19 46 14 28 65 56 9 67 81 66 26 18 68 60 89 35 50 30 69 33 8 33 59 41 41 42 17 53 15 28 38 10 35 29 78 38 
37 27 44 73 43 31 44 53 33 40 21 94 84 31 35 54 32 64 6 56 68 17 21 88 55 34 66 89 57 35 24 41 72 10 23 36 48 31 65 65 70 52 56 87 72 54 31 67 44 26 78 57 83 79 46 78 46 72 87 44 48 67 31 31 54 71 68 9 12 33 32 14 32 21 73 67 81 57 100 29 23 65 23 73 58 33 51 95 83 19 27 
17 28 49 17 63 34 40 66 52 54 59 63 30 51 50 5 52 38 19 34 53 15 50 47 15 37 53 29 38 48 40 44 36 28 13 11 50 32 32 56 33 42 50 48 45 11 43 45 19 46 34 65 46 27 41 32 35 50 54 48 31 50 58 51 37 32 46 37 67 21 27 9 47 41 31 47 54 64 21 24 32 36 36 27 19 14 57 46 56 17 
19 66 33 58 21 54 60 56 47 68 80 13 34 36 13 42 31 32 42 44 12 65 34 26 55 64 30 44 31 48 45 31 31 26 27 33 50 50 70 26 56 64 65 33 21 60 53 2 64 30 80 64 20 53 45 49 63 36 32 42 33 55 62 54 49 35 33 60 7 25 20 44 58 42 64 40 74 29 7 38 19 50 45 29 31 70 63 46 23 
77 46 75 7 69 78 75 65 57 91 14 35 22 27 24 49 32 34 60 31 62 18 42 64 56 18 63 38 66 30 50 50 41 32 37 57 56 85 8 71 60 76 16 37 71 71 19 70 13 93 69 4 47 61 47 58 32 22 37 36 74 79 59 51 51 51 77 12 44 35 63 65 38 67 26 64 46 20 27 26 48 54 45 35 65 63 61 41 
33 83 84 22 86 53 79 78 14 79 99 99 53 100 70 50 63 83 58 53 96 41 14 67 70 43 93 38 81 65 50 40 46 97 25 25 17 80 21 56 2 94 45 6 40 68 19 79 17 25 75 59 28 48 59 103 98 57 97 74 35 28 36 81 65 89 71 59 46 67 21 55 32 104 77 44 72 68 83 49 23 40 43 62 40 87 47 
62 51 24 65 42 55 66 47 46 66 67 19 69 41 27 43 56 25 50 64 9 23 57 43 27 60 27 58 37 24 7 19 64 23 23 39 50 25 51 32 62 12 27 32 34 35 50 48 36 44 46 17 37 52 69 65 39 64 55 37 29 29 52 38 67 38 29 13 44 30 37 39 71 69 15 38 45 50 38 15 11 19 59 42 59 16 
75 60 3 32 10 123 90 63 61 84 59 95 26 83 97 17 49 112 86 54 81 116 88 40 49 45 103 27 38 57 74 56 85 85 74 83 62 112 83 85 54 79 44 57 94 88 87 97 78 105 56 97 113 72 78 95 57 9 53 91 91 27 26 6 64 36 55 17 90 94 101 87 128 46 55 94 53 99 76 51 77 120 105 18 48 
74 77 77 65 63 98 12 29 15 32 21 49 40 41 59 34 69 13 47 71 62 25 66 34 70 34 51 53 46 39 31 64 63 90 12 76 67 82 11 42 77 74 21 77 17 99 76 11 54 66 54 65 25 14 44 31 74 83 66 58 49 53 76 14 46 40 64 72 45 74 19 70 50 21 34 23 55 61 50 42 72 71 60 45 
63 31 57 86 30 67 84 89 42 93 50 50 66 61 43 65 87 27 24 76 67 21 75 15 81 44 30 27 42 81 33 34 17 73 2 67 23 85 32 19 17 55 37 74 29 41 68 66 8 55 69 89 86 61 81 52 15 39 44 61 44 66 60 39 33 45 35 59 47 94 87 26 58 68 68 57 26 24 42 75 54 65 31 
35 12 126 93 64 62 85 62 97 29 86 100 18 52 115 87 57 84 119 90 43 50 48 106 30 41 60 77 57 88 88 77 86 65 115 87 87 57 82 47 59 97 90 90 100 80 108 59 100 116 73 79 98 58 12 56 94 94 28 29 3 66 38 58 20 94 97 104 88 130 49 57 97 54 102 79 54 80 123 108 19 51 
32 109 58 66 75 90 50 98 34 69 85 39 44 92 90 37 55 100 81 14 64 17 96 30 25 40 59 71 61 62 42 82 32 93 54 89 41 51 13 56 68 85 55 72 76 89 29 79 95 84 86 81 72 23 21 67 70 43 28 38 63 32 42 21 65 80 77 94 112 30 57 84 62 81 53 33 61 101 82 43 35 
113 87 52 51 74 50 85 16 74 87 8 39 104 75 46 75 107 78 36 39 42 93 18 31 49 65 47 78 78 71 73 59 104 79 75 46 74 41 46 88 78 84 91 68 96 51 89 104 62 68 86 48 12 51 84 83 17 17 12 53 27 47 12 84 85 94 77 118 39 44 85 43 90 69 43 68 112 97 11 39 
90 72 93 71 63 61 97 40 26 111 74 26 65 71 65 11 39 94 96 93 30 95 87 68 49 94 54 53 94 51 86 23 76 63 69 74 98 70 59 45 95 54 53 19 82 30 19 87 75 28 94 118 101 50 42 103 97 126 65 87 68 107 57 29 48 74 8 79 74 30 83 29 60 75 47 20 39 114 76 
93 112 113 66 114 80 64 77 91 70 65 110 53 28 79 84 51 105 45 95 75 60 53 60 110 39 39 16 94 28 68 16 108 58 20 46 81 31 94 5 36 90 72 37 62 71 116 111 71 110 81 37 41 50 91 74 96 85 69 59 75 33 69 43 118 89 55 85 82 96 62 38 52 58 74 52 96 59 
23 24 26 33 37 42 47 47 24 73 24 40 68 69 32 56 24 61 45 39 43 40 38 23 62 62 84 22 69 71 78 23 35 73 65 12 76 28 94 75 18 59 58 58 70 23 19 49 23 62 74 66 59 37 41 63 9 34 33 52 71 49 75 27 78 41 9 41 12 59 58 42 41 77 73 47 36 
28 47 42 41 65 69 44 41 96 32 58 88 91 54 69 12 74 64 45 55 59 60 5 84 84 101 41 86 94 98 33 54 93 77 32 98 47 112 98 39 82 75 81 93 11 21 71 4 64 88 88 82 34 47 60 32 46 53 56 93 72 98 29 100 57 27 63 16 82 79 59 64 100 96 43 53 
47 14 60 54 52 67 48 81 6 62 86 73 36 80 37 85 41 62 67 62 54 32 79 78 106 22 91 78 98 8 57 93 89 35 92 27 115 91 25 65 81 68 76 18 6 56 31 85 98 81 73 57 64 84 29 58 56 75 87 57 89 4 79 65 33 45 31 68 76 65 57 83 84 67 59 
51 34 24 37 48 10 55 45 15 41 57 30 37 43 39 46 31 25 14 16 46 37 37 58 32 44 55 52 43 10 46 44 15 51 35 67 51 26 46 34 40 55 50 45 36 46 55 52 42 37 41 33 62 18 23 8 43 45 35 52 52 68 20 19 35 31 41 31 18 19 62 51 51 15 
70 51 45 79 54 74 9 66 86 63 31 87 51 90 31 72 74 65 54 46 77 77 108 20 95 71 98 10 62 94 95 42 90 21 116 88 25 58 85 62 68 32 20 50 45 95 103 78 70 69 74 96 35 67 60 85 85 52 85 14 69 70 42 38 42 63 76 70 56 74 79 79 65 
58 71 14 23 89 61 32 64 91 61 30 30 37 77 5 20 35 49 37 65 65 66 57 52 89 70 60 31 65 38 30 76 61 79 78 51 80 42 73 89 50 54 70 38 25 49 70 68 11 6 29 37 12 32 15 72 69 81 63 102 27 28 68 29 75 57 31 53 96 83 18 25 
16 73 35 32 49 31 35 33 20 54 63 54 32 55 46 28 9 65 26 25 62 32 51 31 48 47 29 44 59 34 39 30 67 36 29 21 44 16 30 64 55 12 65 78 64 27 18 65 57 87 33 47 27 66 33 11 34 58 44 38 39 18 51 17 26 35 8 38 31 75 35 
85 48 28 46 47 49 22 16 70 71 70 18 69 62 44 25 70 38 37 77 30 67 26 61 44 44 58 75 44 49 25 81 45 30 13 60 17 24 66 55 5 70 92 80 37 27 77 71 100 39 61 42 81 44 8 41 56 31 54 48 7 58 17 41 51 24 31 34 87 51 
37 103 69 47 77 106 74 40 32 47 89 18 33 49 64 39 79 79 76 68 63 103 83 69 46 78 47 43 90 73 89 92 63 94 55 88 103 55 61 84 40 20 57 85 83 10 18 16 49 26 46 17 86 84 95 70 117 41 40 82 36 89 71 45 67 111 98 4 40 
66 47 17 48 68 39 32 35 36 55 21 19 18 26 39 46 46 60 38 45 66 57 45 12 52 40 13 59 41 71 60 32 57 34 51 66 46 44 46 39 45 50 51 47 30 23 52 19 13 12 34 54 46 61 52 79 17 15 45 25 52 39 18 30 73 62 40 12 
75 58 42 15 44 78 96 76 44 85 74 55 39 96 32 31 70 58 65 3 51 73 58 50 80 67 34 54 70 29 58 16 63 15 7 94 83 25 96 106 81 26 22 97 87 116 64 77 57 95 32 24 22 84 24 65 72 36 83 14 39 61 36 9 13 106 64 
60 82 67 31 79 41 83 35 63 66 59 50 36 75 74 103 17 89 73 94 2 55 89 87 34 88 21 112 86 20 59 79 62 70 23 11 50 35 86 96 76 68 59 65 86 27 58 53 76 83 52 84 9 73 63 33 39 32 63 72 63 53 77 79 69 58 
32 63 44 23 51 25 59 28 16 2 21 56 32 32 43 47 29 58 40 58 5 35 30 28 44 49 54 45 42 52 18 43 59 63 59 43 56 48 37 37 36 43 29 58 33 20 6 37 39 42 48 66 75 7 32 47 42 45 24 4 23 66 51 50 7 
54 56 42 83 38 67 59 44 30 32 87 11 12 29 66 24 44 12 80 35 9 41 56 13 65 31 17 62 46 25 35 46 91 85 43 87 73 40 15 23 75 59 86 59 52 36 64 10 41 22 90 65 37 61 53 73 36 10 33 29 51 29 81 39 
37 85 93 84 32 89 79 60 42 93 43 42 83 51 76 12 65 65 62 63 89 65 48 46 84 43 52 11 72 20 8 87 76 21 92 111 91 39 31 98 90 120 61 80 60 99 46 22 36 76 11 71 70 28 80 19 50 67 39 11 27 108 68 
67 56 69 15 60 56 42 25 55 46 46 81 14 69 42 68 29 40 64 74 31 59 10 87 56 14 29 60 31 40 50 39 19 55 85 80 47 38 65 62 90 26 53 38 73 54 21 53 40 46 50 35 9 44 31 47 48 26 47 48 76 45 
59 6 82 25 13 25 45 65 47 48 36 69 23 79 43 78 27 39 8 45 55 72 49 58 63 74 16 65 80 76 76 66 66 31 19 53 56 42 24 45 51 23 29 24 52 65 63 84 97 17 47 70 54 66 38 19 46 87 68 44 22 
65 69 34 46 53 58 7 80 80 92 46 78 94 92 41 47 86 67 29 94 52 104 94 42 83 67 80 93 23 31 72 8 51 78 85 80 22 36 48 31 36 47 44 88 72 95 39 102 49 24 65 12 81 74 52 62 101 94 31 45 
84 31 19 27 45 71 44 45 29 72 17 77 38 81 29 34 5 49 51 74 42 55 66 73 12 63 78 82 81 66 72 36 13 50 54 48 30 51 55 29 31 30 48 65 60 89 96 19 51 71 59 65 36 21 46 85 65 51 25 
76 72 57 39 66 56 55 94 23 82 41 79 33 55 75 89 46 67 17 99 64 26 28 75 36 38 58 45 24 66 100 95 55 46 80 78 106 40 69 53 89 63 26 59 44 38 65 49 13 57 36 58 63 39 43 52 91 61 
15 31 46 41 60 61 61 57 46 86 65 62 27 60 33 30 72 61 73 74 51 77 37 70 86 54 57 67 42 24 44 66 65 16 2 31 37 8 28 13 67 67 77 65 100 22 30 67 32 72 52 26 50 93 79 22 21 
19 37 52 47 47 46 57 32 75 50 64 17 45 22 32 57 60 59 60 51 68 22 60 75 63 62 59 53 31 32 53 53 31 15 42 38 10 19 20 53 58 63 70 91 8 33 61 40 61 38 13 39 82 66 37 11 
19 57 29 29 44 46 29 55 39 57 5 34 32 28 42 48 53 43 40 49 19 41 56 63 59 41 57 50 38 35 34 45 32 61 32 23 6 39 37 39 45 66 72 10 32 44 43 42 22 6 21 63 48 53 9 
60 25 24 56 34 43 39 44 48 20 40 50 29 38 33 62 37 29 31 36 24 39 61 53 21 60 68 56 28 22 57 48 77 28 38 18 57 33 20 37 58 53 29 34 26 46 25 22 26 4 46 36 67 26 
83 83 98 43 83 95 96 36 52 91 74 31 97 49 109 97 41 83 72 81 93 16 25 72 1 59 84 87 82 30 43 55 32 42 51 51 91 73 97 33 101 54 26 64 14 82 77 57 64 101 96 38 50 
1 40 58 33 34 23 72 34 20 49 52 13 56 42 14 54 35 31 24 36 86 78 32 83 77 49 6 12 75 61 89 53 52 34 67 8 30 16 83 54 38 57 43 69 25 8 34 21 41 21 82 39 
41 57 34 33 24 72 34 21 49 52 14 55 43 14 53 34 32 23 35 85 78 31 83 78 50 5 11 75 61 90 53 52 34 68 8 29 16 82 53 39 57 42 69 24 9 34 21 40 20 83 39 
89 15 73 19 101 48 20 30 72 37 89 13 42 83 75 25 64 75 106 103 71 99 65 21 44 52 77 60 80 76 56 50 59 38 69 49 110 94 43 75 80 85 65 35 41 54 80 57 81 48 
75 56 78 15 43 74 77 26 71 5 96 69 6 43 66 45 54 36 25 33 43 82 84 59 51 59 59 85 19 51 41 70 66 35 66 26 58 52 28 23 34 45 56 51 36 61 62 69 47 
67 21 87 34 18 19 57 36 76 26 41 70 67 10 56 69 91 88 62 84 53 15 39 44 63 46 68 62 42 35 47 35 60 47 96 87 28 60 69 70 57 26 26 43 75 54 67 33 
54 71 58 52 82 66 37 51 73 32 56 13 65 15 3 92 81 23 95 106 83 28 23 97 87 117 63 77 57 95 35 22 25 82 21 66 70 33 82 13 41 62 36 7 16 106 64 
92 44 5 41 67 18 78 19 23 74 57 28 46 57 102 96 55 97 75 36 26 34 81 65 89 70 58 45 67 19 53 30 102 75 43 71 66 82 47 22 40 42 60 38 87 46 
53 87 86 32 86 19 110 84 18 57 77 60 68 25 12 48 36 85 95 74 66 59 64 86 26 57 51 75 81 50 81 11 71 62 32 37 32 61 70 61 51 75 77 69 56 
39 34 23 47 45 59 48 37 51 23 43 58 58 54 41 52 48 41 39 37 41 28 58 28 19 2 37 42 40 50 61 73 10 27 43 38 44 27 8 22 66 52 49 6 
37 61 18 73 23 23 69 55 23 44 55 97 91 52 91 71 33 24 32 76 60 85 65 53 40 62 18 50 29 97 73 38 66 62 77 45 17 34 37 59 37 82 41 
53 55 79 43 58 71 78 17 68 83 85 84 71 75 35 10 55 58 49 32 50 60 32 36 29 52 70 64 93 101 24 55 76 63 70 40 26 51 89 70 51 29 
66 31 82 66 21 55 46 51 65 35 31 44 31 55 63 56 51 33 32 59 7 25 22 43 60 44 66 39 76 30 5 39 17 52 47 30 33 72 65 44 24 
69 36 5 67 42 38 32 40 100 92 43 97 86 52 12 21 87 72 99 67 64 47 77 5 41 12 97 58 49 71 54 82 32 20 45 35 43 21 94 51 
96 67 10 38 67 41 49 41 30 29 49 86 86 57 48 64 63 90 24 55 43 75 64 31 63 30 53 55 33 18 40 42 56 53 35 56 58 75 50 
41 92 77 37 66 76 117 113 75 110 78 34 45 54 90 73 93 86 68 60 72 38 73 48 119 94 55 86 85 96 67 40 52 60 79 57 93 59 
66 38 42 28 35 99 91 39 97 89 56 9 18 88 74 102 66 66 48 80 6 37 7 95 53 51 71 51 83 28 21 47 34 38 16 96 52 
43 60 43 54 36 25 33 40 76 79 56 48 54 53 80 14 45 35 65 62 34 64 29 60 46 23 23 30 44 52 45 32 61 60 64 41 
62 11 11 79 68 10 82 100 81 31 23 87 79 108 51 69 49 88 39 10 32 69 22 60 59 20 70 10 40 56 28 18 24 97 57 
52 66 81 78 55 73 48 20 38 41 54 37 61 51 31 25 39 35 54 47 85 84 18 50 62 59 53 23 16 36 72 53 59 22 
15 79 69 12 81 91 71 20 12 81 72 101 49 62 42 80 28 10 23 71 32 51 56 24 67 1 29 47 20 22 17 91 49 
90 79 21 93 107 85 31 25 96 87 117 62 77 57 96 38 20 28 79 18 67 69 31 81 14 43 63 36 7 19 106 65 
12 69 15 74 95 89 82 45 56 71 32 53 57 66 94 70 98 18 95 63 31 59 22 80 81 65 65 97 95 54 58 
58 24 79 94 81 73 51 59 77 26 54 53 69 87 59 89 9 83 61 29 48 25 70 75 62 57 86 85 61 56 
72 90 75 31 21 76 69 98 40 59 40 79 38 2 35 60 32 51 48 12 59 12 36 47 20 28 29 87 48 
60 85 87 82 31 44 56 32 43 51 52 92 72 97 32 101 55 26 64 14 82 78 57 64 101 96 39 51 
44 84 84 29 22 15 62 31 50 11 83 89 94 88 122 40 53 90 54 93 69 44 71 114 98 23 42 
55 60 60 43 59 68 42 43 40 50 73 63 102 103 33 65 82 73 72 41 33 56 90 69 62 38 
9 80 67 96 57 58 39 73 7 29 10 85 49 44 61 42 73 21 15 40 24 36 15 88 44 
78 66 95 50 56 36 73 17 19 15 77 43 44 56 33 68 13 18 40 18 31 14 86 43 
17 26 40 23 41 22 82 76 91 60 109 38 30 73 26 83 67 42 61 104 92 10 36 
29 39 9 30 11 68 68 77 67 101 22 32 68 34 73 53 27 51 94 80 22 22 
65 39 59 22 96 98 106 86 131 51 56 97 53 103 81 55 81 124 109 17 52 
32 26 50 62 41 66 33 71 35 9 34 18 50 49 35 32 69 64 50 30 
20 20 59 58 68 62 91 15 25 59 31 63 44 19 41 85 71 30 13 
38 42 39 49 60 72 12 26 42 37 43 27 10 21 64 51 50 8 
73 78 84 78 111 29 43 79 44 82 59 33 60 103 87 21 31 
36 12 91 56 45 65 50 77 29 15 41 30 41 19 90 46 
33 61 33 50 49 14 60 10 34 46 18 28 27 86 47 
93 46 55 71 47 83 23 25 50 33 31 9 99 55 
82 69 37 48 34 72 80 69 61 86 88 69 64 
83 80 37 90 30 61 79 51 15 37 119 80 
32 54 41 53 30 4 31 74 58 44 5 
43 12 57 51 33 38 77 70 41 27 
53 24 45 51 26 38 41 84 49 
69 63 43 50 88 82 37 37 
30 48 22 21 16 92 50 
25 20 49 29 74 31 
27 70 53 49 6 
43 32 70 29 
22 114 72 
101 57 
43 
