21 3
25 98 21 83 65 33 56 80 28 15 16 89 91 30 65 55 14 48 13 57 
81 46 80 40 13 33 58 3 40 17 70 68 19 67 65 40 23 18 35 
118 52 77 68 87 33 78 105 82 15 34 98 67 86 111 61 98 48 
96 85 55 75 101 50 13 36 110 112 46 74 60 6 69 31 78 
99 68 103 69 78 82 70 59 77 99 23 43 91 74 91 65 
40 14 44 37 80 56 62 49 41 95 100 79 26 54 34 
38 46 11 45 19 57 57 32 58 60 48 16 30 23 
55 31 71 51 72 61 29 96 97 69 29 44 41 
54 91 65 18 11 71 75 88 95 34 76 23 
43 19 66 64 21 67 66 43 20 22 31 
26 98 102 45 61 47 10 61 29 68 
73 76 32 53 49 30 35 21 42 
19 85 70 86 103 48 88 35 
80 85 99 106 44 86 34 
85 81 41 37 16 50 
20 70 68 74 63 
57 73 67 72 
62 25 72 
42 13 
53 
