21 5
16 42 63 37 27 45 5 38 50 50 81 58 19 21 56 17 55 63 41 61 
31 49 21 39 31 13 46 41 34 69 44 23 8 47 26 62 50 35 62 
58 23 52 41 37 49 63 22 80 19 32 34 68 40 93 21 16 92 
37 89 19 62 95 25 38 22 53 72 42 23 76 74 63 73 62 
57 18 33 60 40 13 59 26 38 18 45 44 76 35 36 72 
70 26 15 77 68 108 71 20 46 83 13 75 72 41 84 
43 76 25 24 40 40 53 24 28 57 69 50 55 61 
36 51 46 81 53 15 20 57 15 61 58 36 65 
87 68 116 68 23 54 93 21 90 67 35 98 
49 34 65 64 33 6 66 49 74 74 38 
60 15 48 32 52 55 89 25 38 84 
74 92 61 28 96 79 84 95 63 
51 44 68 59 103 10 34 99 
31 70 8 75 53 25 80 
39 34 58 52 42 57 
72 52 78 79 39 
71 61 32 78 
111 96 17 
32 107 
98 
