21 4
45 92 68 65 7 70 34 65 86 83 26 65 39 108 62 55 101 86 41 60 
55 23 36 39 39 32 39 55 38 28 46 33 63 31 11 55 60 37 16 
46 79 85 80 61 84 15 43 66 38 88 46 30 44 42 26 58 50 
32 62 33 52 37 53 15 50 55 47 40 37 17 33 62 56 7 
63 4 67 5 85 42 60 82 29 63 65 41 57 93 73 29 
67 27 63 79 78 19 58 38 102 55 48 95 79 34 55 
70 7 86 41 64 84 33 61 67 43 56 94 76 31 
68 53 65 8 31 52 87 31 35 80 52 8 47 
89 47 62 85 27 67 68 44 62 97 75 34 
53 59 26 88 61 25 45 56 11 48 55 
64 63 61 24 44 30 18 64 68 23 
39 43 87 36 34 80 60 17 44 
76 78 18 41 72 22 24 54 
85 64 44 79 93 60 40 
61 53 7 72 88 48 
24 54 29 29 36 
46 52 39 13 
67 81 41 
46 63 
51 
