21 2
64 49 95 76 32 24 67 81 87 20 15 48 62 82 12 65 29 65 47 44 
37 90 103 52 59 89 95 103 69 73 58 37 70 70 41 74 50 87 87 
58 65 21 31 51 58 66 43 49 20 13 40 48 16 44 18 52 54 
47 63 71 40 27 31 79 87 47 52 19 88 49 73 40 64 69 
55 55 14 20 19 56 62 45 70 53 65 69 47 58 29 33 
10 42 54 61 22 29 16 33 50 29 35 23 33 35 35 
45 58 65 12 18 24 44 59 18 46 14 43 30 29 
15 20 48 55 31 56 42 57 54 39 44 25 30 
8 62 70 40 59 35 72 56 54 46 41 46 
68 75 47 67 42 78 64 60 54 45 50 
7 35 56 69 9 58 9 55 27 24 
42 62 77 3 65 15 62 33 29 
28 34 43 28 31 21 34 37 
33 62 4 56 13 62 64 
77 29 64 21 61 65 
64 18 62 36 32 
57 10 62 65 
52 18 16 
55 58 
5 
