21 6
39 63 76 44 67 95 41 66 31 14 29 57 22 36 64 10 26 89 45 87 
24 68 75 43 58 69 26 70 32 68 47 18 4 46 30 41 56 11 57 
76 98 44 40 92 3 94 56 92 57 42 26 53 55 60 43 20 48 
70 32 70 63 75 87 62 85 21 64 70 22 68 97 56 79 46 
80 119 7 100 25 43 24 61 57 74 71 47 69 108 84 102 
41 73 44 89 53 86 20 48 47 11 57 81 28 52 22 
112 37 122 84 120 61 72 61 52 85 98 15 59 25 
94 28 39 27 54 52 69 64 43 67 101 79 95 
96 58 94 58 45 29 53 57 64 41 23 46 
38 2 73 51 67 82 39 51 114 77 110 
36 43 13 30 50 5 36 77 41 74 
71 49 65 80 37 50 112 75 108 
43 49 9 48 76 49 58 41 
16 47 12 33 68 27 66 
50 28 37 60 11 61 
54 80 39 57 31 
30 79 38 77 
97 40 98 
60 10 
63 
