23 3
65 12 31 26 45 41 34 66 13 49 42 18 22 58 5 57 44 27 2 21 40 1 
76 54 80 19 80 45 6 71 67 72 81 87 30 69 31 58 60 62 67 48 65 
36 19 57 37 45 77 10 58 49 6 12 67 7 69 48 36 14 28 51 11 
29 38 26 49 52 26 72 68 38 48 33 32 62 13 52 30 50 56 30 
62 19 59 79 13 75 67 16 26 63 21 80 37 53 27 47 65 25 
64 31 20 52 55 58 62 68 27 50 28 45 44 43 50 35 45 
70 78 29 90 83 35 46 57 38 87 26 67 41 63 77 39 
49 46 25 27 51 52 56 39 25 61 15 32 24 7 35 
70 72 76 82 88 25 70 37 54 64 63 70 53 65 
62 54 12 22 58 9 67 38 40 14 34 52 11 
11 63 60 81 53 38 85 22 48 29 19 50 
54 49 82 45 46 82 16 41 20 23 43 
11 70 13 75 49 42 20 34 57 17 
79 18 77 60 40 25 31 57 22 
61 55 31 67 56 71 62 57 
62 44 31 7 25 45 4 
72 40 54 49 23 57 
65 43 64 68 43 
26 9 17 28 
22 38 3 
27 23 
41 
