23 6
52 48 40 45 42 111 48 85 17 93 31 106 25 88 32 68 65 76 66 70 97 30 
23 19 29 10 87 61 105 61 82 58 84 49 70 22 70 43 32 14 80 70 25 
9 6 25 69 40 82 51 60 41 64 35 48 18 46 21 29 33 57 52 34 
11 17 78 41 85 46 68 39 74 31 57 9 52 31 36 32 61 62 25 
28 68 33 76 46 57 35 64 29 47 18 41 21 35 39 51 53 35 
93 57 101 53 85 51 89 42 73 15 69 46 41 24 78 75 14 
70 80 104 27 87 5 87 23 86 50 47 60 88 61 18 104 
43 36 47 18 65 23 47 42 21 38 64 73 23 62 58 
69 53 55 76 63 64 86 39 72 101 115 25 81 102 
83 18 99 17 81 39 57 63 80 75 56 93 44 
65 23 68 15 74 26 39 63 87 34 30 92 
82 9 64 36 39 48 70 71 39 77 48 
82 18 82 46 43 57 85 56 15 99 
64 27 43 45 64 63 46 75 39 
65 29 27 48 73 42 17 83 
56 39 44 36 64 71 18 
33 62 78 13 46 74 
28 48 46 32 56 
28 75 42 56 
90 70 37 
59 81 
87 
