23 4
21 81 87 13 57 76 25 68 83 75 58 77 5 81 45 99 7 73 77 17 13 36 
93 69 9 66 68 18 81 77 64 65 92 26 65 50 90 15 69 64 6 17 45 
116 90 30 75 78 13 75 85 34 11 81 107 48 92 87 63 94 87 94 48 
78 88 43 62 107 48 31 82 122 92 9 72 45 83 55 23 70 86 80 
64 73 21 77 82 70 64 88 17 73 50 96 6 73 71 8 8 43 
50 49 19 53 59 7 34 58 79 18 72 61 40 67 60 69 21 
51 68 8 12 43 83 80 34 40 24 76 12 20 65 82 52 
65 60 49 47 78 30 56 32 74 24 51 51 14 30 29 
69 77 25 15 68 98 37 88 74 57 85 74 81 35 
19 46 83 87 40 45 19 84 13 26 74 90 57 
52 92 79 22 45 26 74 23 8 62 79 57 
40 60 73 15 65 62 33 60 59 69 22 
77 113 51 101 84 71 100 86 90 48 
86 48 104 10 77 82 22 14 38 
63 38 78 46 13 65 82 72 
63 49 32 52 44 56 13 
99 32 29 88 105 76 
75 75 13 7 40 
32 66 81 45 
63 80 62 
17 39 
48 
