23 2
25 80 44 16 7 38 72 26 68 23 63 41 48 70 64 49 112 9 85 64 75 76 
76 18 8 18 15 48 44 54 44 60 26 48 67 77 24 100 31 67 41 49 64 
77 76 79 86 74 65 31 72 17 50 33 11 55 75 38 90 47 61 82 24 
27 37 12 30 60 50 62 64 28 55 71 90 6 95 49 56 27 31 60 
9 23 56 36 57 36 59 29 45 66 71 32 103 23 72 48 58 67 
31 65 30 63 29 61 35 46 68 67 42 108 14 80 57 67 72 
41 59 60 59 71 35 61 78 92 18 106 42 68 40 41 71 
83 43 86 67 40 65 72 105 24 79 79 36 14 8 51 
63 6 48 43 33 54 38 64 101 32 85 71 87 69 
68 26 28 32 30 70 46 46 77 23 30 51 10 
55 47 39 60 42 66 107 28 90 74 90 75 
36 15 7 45 62 53 72 48 52 74 26 
28 43 66 27 74 49 44 27 46 38 
22 39 55 68 57 55 51 72 37 
45 69 49 79 50 58 80 27 
92 93 70 93 91 111 71 
90 55 50 21 25 56 
121 42 70 86 36 
94 71 80 85 
29 43 23 
21 39 
59 
