23 5
26 13 16 38 45 69 36 21 54 17 63 19 60 58 40 101 89 81 70 45 86 7 
32 18 46 30 42 45 5 31 17 49 10 52 49 36 74 63 70 54 25 68 29 
28 52 56 72 50 29 53 16 56 22 72 71 30 104 89 94 82 54 97 20 
29 29 59 28 12 49 21 65 17 45 43 46 90 80 66 54 29 70 14 
33 80 2 41 76 50 94 46 30 31 75 108 102 53 49 40 67 32 
48 34 29 52 45 76 38 24 19 66 74 71 39 25 8 41 43 
80 48 25 56 50 51 70 65 59 32 23 75 57 40 59 72 
40 75 49 93 45 32 33 74 108 102 55 51 40 68 30 
37 15 53 8 50 47 38 80 68 69 55 26 69 24 
38 26 35 76 72 34 54 36 88 70 44 77 59 
46 7 65 62 25 88 74 84 70 41 84 23 
48 100 96 26 73 52 113 96 69 104 69 
58 55 30 83 70 77 63 34 77 23 
5 88 92 92 23 22 31 38 55 
85 87 87 23 18 27 35 54 
88 69 106 90 61 102 47 
21 89 73 68 68 104 
95 78 63 77 92 
18 45 23 77 
29 17 67 
43 43 
84 
