24 6
72 74 64 28 19 54 47 22 71 48 33 36 51 96 89 21 77 85 21 50 58 12 55 
31 61 48 67 34 29 90 21 31 69 55 39 32 37 88 10 16 61 24 14 82 41 
87 46 77 58 47 85 9 50 55 71 24 62 68 83 23 25 55 29 32 79 21 
64 46 28 40 86 78 37 87 29 77 60 45 86 71 77 72 59 54 77 82 
34 43 30 41 43 33 24 38 23 77 74 40 51 59 12 24 34 34 27 
42 39 40 72 38 49 19 57 86 77 40 74 82 34 49 53 31 61 
13 76 49 10 67 24 51 44 35 75 44 51 54 31 26 66 55 
67 39 3 54 26 37 49 43 66 37 45 42 18 16 58 42 
84 68 32 58 61 116 110 2 92 100 29 66 75 9 64 
42 57 64 24 53 58 82 14 18 54 23 23 78 24 
57 24 41 48 42 67 39 47 44 22 19 59 45 
59 32 99 97 30 68 75 14 45 56 30 34 
55 68 58 57 63 71 44 41 42 48 60 
71 73 59 36 43 31 20 30 55 5 
15 115 39 38 90 54 43 108 73 
109 46 48 86 53 43 101 76 
91 99 28 65 74 9 62 
8 63 26 21 85 37 
71 35 29 93 43 
37 47 24 35 
10 59 24 
68 33 
59 
