24 5
30 29 25 53 60 18 24 48 62 10 74 53 70 25 73 24 63 36 70 43 2 68 14 
59 27 81 90 48 48 51 80 29 101 58 93 16 98 29 92 65 100 74 29 97 43 
42 23 31 11 15 51 44 30 45 53 46 49 47 39 49 28 42 21 30 38 26 
60 72 35 27 25 52 15 77 32 67 11 72 3 86 59 83 62 23 77 39 
16 35 32 60 36 51 21 59 27 68 26 56 54 45 27 27 53 17 49 
41 44 75 52 61 26 75 40 80 36 69 43 41 12 22 61 12 53 
14 50 51 21 56 53 55 40 57 32 51 26 51 27 19 50 16 
36 39 19 52 39 46 36 50 24 63 40 55 36 23 49 28 
37 37 71 7 55 35 63 25 100 76 87 72 46 76 60 
54 38 33 19 64 27 50 89 73 63 60 61 47 67 
71 42 64 19 69 13 70 44 72 48 8 67 24 
69 19 87 12 74 69 65 32 47 74 15 71 
52 42 59 31 102 80 87 74 51 75 65 
78 8 64 82 71 49 55 70 32 71 
83 13 88 61 91 67 23 85 40 
70 78 71 43 53 73 26 73 
83 57 80 59 21 73 38 
27 40 29 65 54 49 
46 18 38 53 22 
28 71 17 61 
45 34 33 
69 17 
63 
