24 3
39 9 6 26 65 40 51 74 9 37 42 60 19 51 45 10 60 27 70 79 71 74 32 
48 34 49 56 63 12 83 47 14 5 86 33 48 20 42 72 17 70 88 32 60 40 
14 25 72 41 60 77 4 46 51 58 23 57 54 11 63 36 75 82 80 81 39 
24 66 45 46 78 12 34 37 66 13 52 42 9 64 24 72 83 66 74 34 
90 66 61 101 21 54 53 84 16 76 62 16 87 45 96 106 81 97 58 
47 53 36 74 42 52 63 75 15 36 75 34 46 18 40 57 10 33 
69 37 45 51 62 23 58 33 53 50 23 45 40 41 84 57 24 
84 58 18 8 92 45 49 19 54 75 26 70 89 20 55 45 
81 69 80 38 90 35 65 85 14 67 17 5 92 43 45 
46 50 62 20 59 54 7 66 36 77 85 79 83 41 
11 74 37 34 8 43 58 10 56 74 35 47 27 
85 37 45 16 45 69 17 66 85 29 55 38 
79 52 75 69 29 68 50 40 107 72 47 
62 46 12 76 29 83 95 65 82 45 
30 61 27 35 22 40 58 25 18 
51 56 18 51 70 31 39 28 
71 33 80 90 74 83 43 
56 20 18 85 43 33 
57 72 45 53 23 
21 76 25 37 
97 46 50 
56 60 
42 
