24 2
26 15 34 40 66 55 72 65 31 66 42 87 62 57 42 60 90 11 81 93 65 66 8 
41 49 62 42 31 65 81 55 50 62 89 77 72 58 66 90 29 58 90 64 56 26 
31 31 81 69 79 59 21 78 34 90 56 51 37 62 93 18 95 99 70 75 18 
18 77 66 54 32 19 61 15 58 28 23 8 31 62 44 85 69 42 53 27 
94 83 71 29 10 80 5 70 28 23 15 45 75 48 103 84 58 71 36 
11 58 104 90 33 92 90 99 96 85 77 89 71 20 82 67 48 64 
53 94 78 29 81 84 89 85 73 68 83 60 27 78 60 43 52 
64 74 25 67 33 59 58 56 31 31 82 50 25 15 10 64 
39 81 25 49 5 8 23 33 55 75 107 67 48 67 59 
79 13 76 37 32 21 50 81 38 100 88 61 71 29 
76 58 76 73 66 49 56 75 26 49 37 16 60 
65 23 19 11 40 70 50 100 79 53 67 37 
46 48 55 27 6 98 83 19 25 42 79 
5 20 28 52 72 102 63 43 62 55 
15 28 54 67 99 65 43 61 50 
29 60 52 90 68 42 56 35 
31 72 76 38 15 34 52 
101 80 13 25 40 82 
87 104 76 76 19 
71 63 42 77 
28 35 85 
21 57 
58 
