25 6
72 63 47 89 69 97 89 75 84 42 29 74 84 67 30 96 12 26 76 62 78 77 85 81 
95 108 43 24 78 40 55 26 41 66 40 13 5 59 38 61 82 58 13 51 75 17 20 
40 80 76 60 82 55 88 91 37 66 101 91 88 94 59 38 53 94 60 37 99 89 
108 96 97 109 85 110 88 42 92 117 103 77 120 52 26 84 102 90 74 117 110 
23 39 4 25 18 76 68 16 38 44 90 15 77 86 27 54 19 47 32 23 
54 21 31 14 52 54 16 25 23 66 26 57 71 33 31 27 52 22 14 
43 25 56 101 69 38 75 77 109 54 87 83 23 85 27 23 71 61 
28 14 74 69 17 34 41 88 12 76 86 30 51 22 50 28 20 
37 75 50 15 55 53 84 40 64 66 3 61 5 22 51 41 
63 68 22 19 28 79 13 71 86 40 38 32 59 14 5 
54 66 54 37 19 76 36 63 77 28 75 88 58 58 
52 75 61 51 78 22 17 50 61 53 48 75 68 
40 39 77 28 62 69 18 48 10 37 36 26 
17 72 28 72 92 58 26 50 77 5 14 
54 40 56 77 56 9 50 73 21 22 
92 29 54 86 46 85 93 75 75 
83 96 42 50 34 62 22 17 
27 65 52 66 68 73 69 
65 76 70 60 91 85 
63 8 19 54 44 
58 79 30 32 
28 46 36 
73 63 
10 
