25 5
70 89 66 48 102 58 8 85 21 94 63 64 48 60 85 56 10 55 69 96 14 46 80 74 
21 28 33 32 38 78 15 62 24 53 30 22 29 25 62 60 33 5 27 83 31 21 5 
33 54 18 57 97 14 84 6 59 36 42 48 14 71 80 53 25 21 103 46 32 18 
50 51 59 73 39 67 39 26 3 29 51 21 38 56 53 32 50 80 19 49 31 
61 11 56 44 34 56 67 50 21 11 57 70 42 7 29 52 59 37 33 35 
61 110 17 94 12 77 54 54 52 32 89 93 58 34 11 116 61 30 28 
65 45 40 58 78 60 31 9 63 81 52 5 33 51 67 48 31 39 
93 26 102 68 71 56 67 92 60 17 63 77 104 8 54 88 82 
76 14 66 42 37 36 26 76 76 41 16 12 98 46 17 10 
87 72 67 42 45 82 68 21 39 60 85 27 48 67 66 
65 42 46 50 19 77 84 55 27 17 108 51 31 21 
23 46 72 46 13 55 72 57 77 76 30 75 57 
30 53 24 35 55 54 35 53 79 18 52 34 
25 40 51 38 25 21 48 61 17 36 26 
54 76 53 5 24 43 71 42 23 30 
58 75 58 30 35 99 38 42 25 
49 76 66 88 68 34 83 67 
49 59 87 24 36 72 65 
28 48 66 42 29 34 
27 82 33 17 6 
109 58 20 22 
61 92 88 
50 36 
18 
