25 4
39 46 64 51 73 66 32 60 69 62 41 87 4 78 56 7 44 84 35 48 23 26 57 76 
35 67 75 67 32 7 45 43 65 65 75 38 40 34 39 70 59 26 22 59 32 25 77 
32 51 32 33 34 14 27 31 43 43 42 67 14 40 48 39 11 57 53 57 27 41 
37 16 60 64 30 48 2 37 32 60 98 41 57 39 50 40 89 59 84 57 11 
53 84 70 59 76 35 11 69 48 114 65 45 7 84 51 93 34 77 78 44 
52 66 23 37 18 52 16 69 92 35 67 54 35 42 89 72 89 51 15 
37 30 16 60 76 54 64 40 20 63 81 30 35 48 81 64 8 67 
45 46 63 59 75 31 47 35 32 64 62 24 24 52 27 30 75 
17 30 54 30 57 69 12 55 58 25 25 67 66 71 28 36 
48 70 37 66 56 13 65 74 16 34 62 79 73 18 53 
34 34 58 97 41 55 36 51 39 87 56 82 56 13 
68 37 104 58 34 5 79 42 82 25 66 69 46 
84 94 41 81 71 28 54 96 88 101 55 28 
78 53 3 41 81 32 50 21 29 56 72 
57 79 109 69 62 34 99 62 41 106 
51 62 28 20 55 66 62 16 48 
38 79 31 51 20 32 55 69 
83 47 87 27 70 74 47 
48 78 92 90 34 51 
48 46 46 27 51 
71 28 43 99 
49 73 70 
57 95 
64 
