25 2
11 31 64 63 42 85 82 77 46 33 8 25 33 60 52 70 57 72 21 49 53 42 22 55 
30 54 53 32 76 72 67 40 22 5 29 39 50 50 59 52 64 10 42 51 42 14 44 
74 76 35 101 68 86 69 34 34 56 21 47 21 77 81 89 34 70 22 72 21 66 
7 42 31 55 13 34 39 56 66 90 47 86 6 38 21 44 29 89 57 53 10 
46 26 62 16 28 41 54 62 91 53 89 13 31 14 44 22 92 51 54 9 
73 40 53 52 11 37 59 55 18 43 44 63 60 25 50 46 65 20 37 
85 28 40 68 76 77 115 79 116 33 34 12 68 36 118 60 79 35 
57 81 50 77 98 89 22 65 52 90 76 64 78 68 100 60 57 
44 51 69 79 103 54 97 8 46 21 57 39 100 68 65 23 
42 38 37 79 66 88 41 12 30 35 5 90 23 48 26 
27 48 52 29 48 43 53 55 14 41 50 54 14 32 
23 40 55 55 62 50 64 13 41 56 37 20 46 
55 78 77 73 44 67 34 42 78 21 43 56 
68 33 95 90 102 47 81 32 75 37 82 
48 46 76 68 43 63 51 82 37 46 
88 100 103 52 88 3 92 39 80 
44 24 49 35 91 64 57 16 
26 47 13 102 26 60 32 
55 25 106 51 67 23 
36 54 42 13 35 
90 28 49 21 
94 41 83 
55 48 
45 
