25 3
39 15 53 65 23 21 19 50 53 5 11 59 41 31 25 11 36 63 12 39 25 27 55 33 
36 74 26 18 61 53 89 58 44 34 45 72 8 18 48 75 38 31 78 17 51 73 28 
42 59 26 31 18 54 38 20 5 44 36 27 29 16 41 49 22 43 28 42 43 41 
90 68 51 36 49 26 54 47 51 19 66 71 44 45 66 63 43 70 78 6 83 
45 87 77 113 69 71 58 47 93 34 45 73 100 33 58 103 43 78 88 51 
44 40 73 59 27 22 55 62 14 3 33 59 52 13 63 2 33 69 16 
18 30 62 17 30 74 34 53 46 15 17 81 31 21 46 32 56 50 
36 44 18 19 57 22 45 43 8 23 66 31 25 42 42 39 52 
70 46 55 90 30 80 76 40 13 101 61 10 76 61 55 81 
57 43 25 40 52 62 49 63 40 60 62 60 81 22 76 
16 64 41 37 29 10 32 68 14 36 29 24 57 35 
48 40 25 25 14 41 52 17 44 24 37 48 36 
62 43 57 59 80 16 61 81 55 84 47 70 
63 65 31 26 74 53 24 64 64 25 74 
15 40 67 39 25 69 13 47 65 27 
36 62 54 15 65 2 33 72 13 
27 66 23 30 35 34 47 44 
90 47 4 62 48 51 67 
62 91 52 85 62 66 
51 15 23 65 21 
65 52 49 71 
34 70 15 
82 28 
84 
