27 2
35 22 47 94 74 16 85 89 47 30 28 83 11 82 86 88 85 53 28 66 43 47 38 62 107 68 
30 13 58 40 46 54 56 30 15 57 48 37 51 66 73 54 17 8 59 39 18 51 28 72 35 
38 85 70 21 69 72 26 36 30 77 14 64 64 65 67 46 28 44 20 48 21 57 96 65 
47 33 57 41 43 27 27 67 39 47 39 58 66 42 9 21 57 41 22 56 20 60 29 
25 104 35 34 67 67 115 16 95 39 74 86 39 41 65 90 82 51 101 32 18 30 
86 47 47 59 44 98 10 77 48 80 90 50 24 45 87 74 28 89 13 43 5 
91 94 48 45 12 95 9 86 84 84 89 64 41 60 39 61 26 74 116 81 
3 44 68 99 43 82 5 38 50 4 42 62 58 59 59 79 42 34 48 
48 70 102 43 85 8 41 53 7 44 65 62 62 61 83 43 31 49 
44 55 64 40 39 39 43 42 36 35 29 15 48 35 46 74 56 
57 54 37 66 82 88 69 27 9 72 51 16 57 35 82 39 
106 20 94 87 86 97 75 53 61 43 73 26 85 126 93 
85 46 79 90 47 31 54 90 79 38 96 20 34 15 
78 78 79 81 54 32 56 34 52 26 65 107 72 
34 46 3 40 59 53 54 58 74 42 39 49 
12 34 64 73 29 44 80 62 70 72 79 
46 73 79 25 45 88 60 80 84 89 
43 62 55 56 61 77 44 38 51 
24 65 50 17 65 11 55 20 
63 42 20 50 34 80 40 
23 77 35 75 92 84 
58 20 61 90 70 
69 20 68 22 
76 110 85 
48 9 
48 
