27 3
66 89 78 23 80 77 75 62 53 93 58 35 72 51 96 77 83 21 98 80 101 64 57 53 90 96 
46 15 43 24 81 38 29 38 54 33 59 55 17 73 76 23 67 48 87 53 51 65 31 69 40 
54 67 65 56 14 27 37 8 31 63 30 46 32 50 62 79 11 62 11 33 52 36 31 18 
57 11 96 50 43 53 63 48 75 69 32 85 91 8 81 54 101 60 65 80 46 81 44 
60 67 53 39 32 72 36 27 54 27 78 65 62 26 75 71 78 46 45 30 73 73 
105 61 53 62 74 58 81 79 39 95 100 5 85 65 111 71 75 88 55 92 55 
49 52 43 52 47 42 28 68 34 6 104 57 67 5 64 30 21 50 30 74 
14 23 18 16 49 21 34 34 43 59 65 24 55 25 22 41 22 31 27 
13 33 6 40 26 21 46 47 52 53 36 58 38 21 38 9 41 35 
40 7 27 23 24 46 39 62 42 47 49 48 15 26 7 41 47 
35 64 27 52 24 46 71 81 15 57 12 33 51 41 24 25 
34 23 22 45 42 57 48 40 53 42 17 32 6 40 40 
39 42 62 41 82 17 73 45 74 31 21 32 56 75 
45 24 22 78 56 41 34 39 8 23 28 18 47 
67 64 39 50 52 73 56 39 50 17 62 47 
29 93 79 40 38 35 32 43 51 5 50 
99 57 61 11 58 25 20 46 24 68 
87 61 110 67 74 88 55 90 51 
89 59 90 48 38 44 74 89 
72 6 44 63 45 40 11 
69 36 25 56 35 80 
44 62 48 36 17 
19 21 27 49 
33 37 68 
46 44 
49 
