27 6
90 67 40 4 50 67 27 21 85 3 9 48 16 80 70 38 62 67 35 61 23 62 21 25 77 90 
31 54 90 42 35 72 88 14 89 99 47 90 65 64 63 46 33 56 50 69 43 90 70 72 7 
41 68 17 5 57 71 19 67 75 19 71 39 35 52 16 38 39 52 51 45 73 44 44 35 
39 26 44 18 34 53 38 49 31 36 72 64 10 47 27 6 23 16 22 36 33 74 53 
51 68 24 17 86 1 11 50 12 83 73 36 65 66 35 59 22 61 17 28 81 90 
18 40 54 35 50 58 7 54 46 39 37 21 34 23 43 33 38 55 28 49 44 
59 72 23 67 74 18 72 34 30 55 11 43 42 56 52 50 74 43 39 40 
16 70 24 36 43 18 83 73 11 59 44 17 35 8 37 18 32 83 71 
86 18 27 55 5 93 83 26 71 59 32 49 20 52 2 38 92 87 
85 93 38 87 50 50 63 34 39 53 55 66 48 88 63 58 21 
11 49 13 82 72 36 63 66 34 59 22 60 18 26 79 90 
56 22 84 74 47 68 76 45 70 33 71 26 31 81 99 
55 41 33 41 16 41 27 50 35 45 57 25 43 50 
91 81 30 70 62 34 53 21 55 5 36 89 89 
10 82 25 77 68 89 74 83 94 55 8 71 
74 20 72 60 82 65 77 84 45 10 70 
57 33 14 23 15 25 28 38 84 61 
52 43 63 51 57 73 37 30 51 
31 17 43 10 61 55 82 29 
29 13 28 34 26 70 55 
38 7 51 56 92 46 
38 22 24 74 68 
54 54 87 39 
40 93 89 
53 72 
78 
