27 4
46 75 70 50 55 37 101 41 72 20 3 79 11 82 61 33 52 82 7 43 64 30 20 49 71 81 
28 24 37 41 27 54 39 28 38 48 50 40 40 34 14 34 45 39 2 36 16 66 22 26 40 
9 57 51 47 29 56 12 64 76 44 68 20 45 42 52 30 68 31 36 45 94 35 19 31 
48 54 47 30 58 19 62 72 52 65 29 35 37 43 39 63 27 42 40 90 37 10 23 
75 58 70 69 62 57 49 88 52 74 17 30 5 81 44 36 73 33 68 58 41 42 
19 80 14 40 35 58 26 44 43 75 45 73 37 51 40 17 43 66 19 62 77 
77 11 40 19 40 41 27 48 59 27 56 46 33 25 27 24 52 13 53 67 
86 40 93 102 68 95 41 54 67 65 52 94 57 65 70 121 65 31 29 
47 21 44 40 30 53 71 38 67 49 38 37 29 35 51 21 64 78 
58 74 32 63 12 53 42 58 19 65 31 25 44 90 26 29 43 
23 60 9 67 64 31 57 65 18 36 46 27 32 32 65 78 
81 14 84 61 34 51 85 8 45 67 31 19 51 71 81 
68 27 82 60 84 17 74 51 15 60 92 32 61 75 
73 62 30 53 72 9 38 54 26 26 39 66 78 
64 54 70 11 76 42 26 55 99 34 39 51 
33 12 72 55 34 69 37 81 56 27 25 
28 58 26 11 45 4 53 29 37 48 
77 46 33 70 32 71 55 35 37 
76 47 20 58 98 33 49 62 
36 59 23 27 43 63 73 
37 13 63 21 29 42 
44 79 17 51 66 
50 27 40 51 
65 91 101 
43 58 
14 
