27 5
18 64 63 45 19 68 9 59 11 43 35 28 37 55 44 16 64 21 61 58 55 68 34 90 22 68 
64 58 61 34 51 21 63 28 41 26 10 55 37 62 28 69 33 47 59 59 75 51 77 19 54 
14 63 81 67 74 17 74 23 41 62 76 77 85 52 20 49 53 9 17 29 68 62 82 52 
70 80 53 72 29 73 20 33 54 81 65 90 52 33 51 40 20 27 42 73 48 77 38 
44 102 49 47 42 54 62 69 19 96 26 33 49 29 91 53 46 46 14 114 66 96 
86 13 72 7 60 54 45 29 70 32 29 76 32 80 73 69 78 30 110 27 87 
72 78 79 54 39 41 103 24 110 71 84 73 13 70 75 92 97 33 66 16 
68 8 52 43 31 39 57 43 24 73 29 67 67 64 76 37 97 16 74 
66 26 45 64 63 84 71 44 5 40 65 9 4 14 54 78 79 66 
53 46 38 31 64 35 22 71 26 73 66 63 73 29 102 24 80 
19 39 62 58 71 32 32 31 41 19 22 40 54 60 59 43 
21 65 39 73 32 51 34 29 39 41 59 58 56 45 34 
65 27 72 36 70 40 37 59 60 77 60 67 26 44 
93 8 32 65 31 94 67 60 64 8 120 55 100 
99 63 90 67 30 77 80 98 88 57 46 37 
41 73 40 102 76 69 72 17 129 59 108 
48 5 61 44 40 52 25 88 38 67 
44 70 14 10 9 57 82 84 71 
63 41 36 47 24 89 43 68 
56 62 79 87 30 63 8 
7 23 58 68 76 57 
17 52 76 75 63 
56 91 89 80 
113 53 93 
94 22 
71 
