30 5
17 45 17 27 72 43 30 71 53 46 74 46 23 55 9 54 51 31 22 53 59 76 50 24 31 68 14 38 22 
28 6 44 75 53 23 76 65 29 75 63 13 50 21 54 68 36 39 50 50 73 38 17 47 81 31 36 37 
29 72 89 77 34 92 89 5 87 91 29 55 48 66 96 56 67 57 49 77 33 31 73 105 59 48 63 
43 70 49 17 70 61 31 69 63 7 44 19 48 68 30 38 44 45 67 34 23 48 77 30 30 39 
73 35 51 68 39 73 76 20 47 69 25 61 24 38 5 66 77 86 72 49 19 51 13 53 18 
38 56 7 42 94 6 86 64 37 63 23 87 41 73 34 49 30 60 92 91 47 69 41 86 
44 33 12 80 42 48 48 47 34 34 49 21 37 43 59 58 61 67 54 28 34 36 50 
57 57 38 55 72 10 27 26 33 75 23 48 27 29 50 20 40 61 72 39 14 52 
35 96 13 81 65 42 61 26 81 40 70 38 54 37 64 92 87 39 66 43 83 
92 47 47 60 58 44 43 46 33 42 54 70 66 73 77 57 16 42 48 56 
92 92 32 60 50 71 97 60 68 62 54 82 39 29 73 108 60 53 63 
91 64 33 65 21 91 43 77 31 45 24 57 92 94 53 71 40 88 
68 88 45 79 5 57 24 85 97 104 92 65 22 54 33 72 29 
37 22 42 72 27 43 37 38 60 26 30 55 76 34 24 45 
48 16 91 31 67 4 13 23 23 67 83 71 59 16 75 
45 50 22 21 46 54 68 47 33 35 60 12 31 26 
81 24 61 12 29 25 37 71 78 55 54 18 71 
60 29 88 100 106 96 70 28 52 37 75 35 
37 28 41 48 40 51 54 49 30 16 47 
65 75 85 68 43 17 55 8 50 13 
17 23 26 67 81 67 57 14 73 
28 15 66 89 84 66 25 81 
43 90 102 75 78 37 95 
53 81 87 59 25 72 
45 93 38 53 36 
69 24 66 9 
56 62 69 
42 17 
58 
