30 3
75 21 35 15 87 85 33 26 95 53 34 43 51 22 62 27 25 43 83 51 55 57 90 80 32 49 83 51 3 
67 70 61 24 12 50 51 25 87 53 50 37 71 68 51 64 52 63 58 63 18 20 34 47 67 45 53 74 
15 24 74 78 17 17 90 71 42 52 35 4 74 16 39 52 91 30 67 49 78 81 37 62 87 60 23 
38 72 82 20 27 94 86 55 64 34 13 88 25 54 65 103 19 80 52 78 89 49 76 96 72 38 
76 71 27 17 80 48 19 29 42 27 50 19 15 29 69 48 43 44 77 65 17 38 68 37 14 
29 57 61 41 109 72 72 38 77 91 60 82 74 87 55 86 32 9 58 65 89 69 76 88 
62 62 13 92 60 56 49 83 69 62 72 57 60 70 66 29 22 29 55 71 40 57 84 
10 74 74 39 47 18 21 71 8 41 47 83 22 63 32 61 69 32 61 76 55 34 
73 64 29 38 25 21 61 2 31 38 76 32 54 33 64 64 22 51 70 46 27 
94 66 61 62 94 70 73 79 62 56 84 68 41 32 26 63 74 35 60 94 
38 37 86 73 27 66 33 35 52 96 26 77 107 70 46 20 66 34 50 
10 48 46 32 31 12 9 49 61 24 40 72 48 8 22 50 17 31 
53 56 24 39 20 1 39 68 17 41 70 40 15 17 41 8 41 
39 77 24 54 54 84 22 70 21 44 63 40 69 72 60 52 
78 21 42 56 95 31 70 53 82 85 41 66 91 64 25 
63 36 23 25 92 7 62 88 44 39 13 39 17 59 
33 40 77 30 56 33 64 65 24 53 71 47 28 
19 57 63 29 50 83 60 17 23 61 26 22 
39 69 16 42 72 41 15 16 41 7 41 
103 29 64 82 31 53 37 21 32 80 
85 43 62 84 53 83 93 76 53 
56 83 43 31 8 39 10 52 
33 41 33 58 50 46 57 
51 65 87 62 73 90 
47 50 11 37 78 
30 51 23 31 
47 14 46 
36 81 
48 
