30 6
13 60 83 5 85 65 48 47 82 86 81 77 80 9 36 52 33 29 26 86 78 64 45 11 75 34 22 37 49 
59 85 18 86 72 45 36 83 89 88 72 74 10 47 53 25 40 27 85 82 74 44 2 78 21 9 31 36 
32 62 28 44 14 48 27 41 59 22 25 51 57 13 38 54 34 26 39 62 15 59 32 57 63 29 71 
82 12 33 45 80 7 10 40 43 46 76 64 32 68 65 58 20 15 53 42 85 11 88 91 59 102 
86 62 50 52 82 85 78 79 82 13 32 52 37 26 28 86 77 60 47 16 74 39 27 40 54 
43 42 76 5 22 51 34 36 77 72 33 66 71 59 8 27 64 42 86 21 86 91 57 99 
49 82 38 28 17 65 68 61 36 32 65 39 47 50 19 20 42 71 22 82 80 57 99 
35 40 52 66 29 31 39 52 16 24 47 22 40 49 63 7 46 42 43 49 15 57 
75 88 99 50 51 39 72 51 18 65 37 71 85 92 40 38 78 18 32 24 24 
17 46 36 38 74 66 30 64 66 56 13 22 58 39 83 16 84 88 55 98 
31 54 56 79 63 38 75 64 62 30 9 48 49 89 11 94 96 66 110 
78 81 78 48 49 82 52 65 59 24 22 60 87 31 100 97 75 117 
3 67 79 36 48 75 51 26 56 83 34 73 48 64 74 40 74 
70 82 39 50 78 54 28 58 86 37 75 51 66 75 43 75 
37 44 23 30 18 77 72 63 36 9 68 28 19 27 44 
43 53 6 35 75 54 29 45 45 54 64 56 51 81 
37 41 26 34 33 49 11 53 27 56 58 28 72 
47 19 64 70 74 26 26 64 19 25 9 35 
29 74 55 34 41 39 54 58 50 45 75 
59 56 55 18 27 51 35 33 16 52 
35 70 40 85 28 83 89 55 95 
38 45 82 7 89 90 61 105 
56 72 42 89 83 68 106 
44 38 45 49 17 60 
78 23 11 32 38 
84 85 55 99 
14 29 17 
34 27 
43 
