30 2
44 21 26 52 17 64 18 70 38 35 55 45 38 33 53 34 32 40 13 62 19 46 52 53 32 33 50 57 31 
39 66 94 61 108 41 95 19 65 82 75 60 51 73 47 76 77 53 89 45 85 64 10 43 68 94 100 68 
30 57 31 79 3 58 42 26 44 66 23 15 73 51 43 61 19 52 6 67 33 44 11 54 65 75 52 
27 14 52 26 49 64 19 34 58 27 29 71 58 15 47 14 40 23 50 44 73 35 44 37 50 41 
36 38 54 50 90 38 39 69 47 53 85 79 21 56 41 42 51 55 62 101 60 57 27 43 54 
48 28 64 55 31 48 43 38 38 56 44 15 34 12 55 26 38 55 70 40 30 33 43 26 
76 88 97 69 77 53 79 82 69 75 36 40 60 80 73 34 95 117 86 47 14 12 44 
58 43 24 43 63 23 16 71 50 40 58 15 51 4 63 34 47 14 51 61 71 49 
101 35 15 107 35 43 120 105 60 96 58 8 54 98 34 97 51 94 76 92 90 
67 86 58 65 57 55 29 70 62 50 94 47 70 73 29 51 53 85 88 54 
19 75 9 16 87 70 34 66 23 27 20 69 25 69 23 61 55 69 58 
92 22 31 105 89 45 81 42 7 39 83 27 86 39 78 64 79 75 
80 78 16 29 50 13 53 99 64 19 96 85 77 13 48 41 17 
9 91 72 42 72 27 29 19 76 17 64 17 67 64 78 64 
87 66 45 71 26 38 14 76 18 55 8 65 67 80 62 
26 65 30 63 112 73 35 106 84 85 28 64 57 31 
58 37 47 97 52 44 85 58 63 28 66 65 31 
37 24 51 37 38 59 85 50 37 21 35 33 
45 87 58 7 89 87 72 9 34 28 9 
49 13 50 43 60 27 39 45 55 36 
47 89 32 93 46 85 67 83 81 
63 33 51 14 51 59 69 49 
93 95 77 16 30 22 16 
64 22 83 81 95 80 
47 78 104 110 78 
65 72 83 63 
39 36 3 
15 36 
34 
