30 4
65 60 100 65 42 67 85 124 92 28 63 38 83 88 57 118 65 115 101 37 73 112 119 77 99 67 8 77 87 
21 35 14 40 78 31 71 94 41 22 45 21 61 40 76 30 67 77 34 9 69 75 53 34 58 61 28 24 
48 8 50 91 52 91 110 43 41 54 26 81 55 98 49 88 97 23 22 90 96 72 48 74 54 49 43 
40 71 101 31 53 112 75 45 77 22 70 64 68 51 54 83 68 28 62 65 67 2 78 97 38 18 
49 89 44 83 107 45 36 54 19 75 52 90 44 80 91 29 13 83 88 67 40 70 59 42 35 
40 47 82 61 16 26 6 61 46 15 76 24 73 60 40 49 70 77 35 69 28 44 38 54 
71 92 25 52 57 38 98 43 38 75 50 81 47 79 86 72 78 38 99 23 73 63 83 
40 80 57 22 53 38 38 37 46 24 35 53 62 32 39 44 36 28 48 84 9 14 
89 95 60 88 71 48 68 23 59 11 52 103 69 21 18 55 51 70 123 47 48 
75 72 60 113 44 54 69 64 78 38 102 102 68 73 44 109 36 98 74 94 
35 15 61 62 30 91 36 87 76 27 50 85 92 51 73 44 28 49 60 
32 41 39 19 60 8 53 55 44 29 53 59 31 43 36 62 13 28 
67 50 19 80 30 79 63 41 55 74 82 39 75 29 41 44 60 
75 60 83 48 71 91 48 12 76 81 70 23 77 78 40 25 
31 32 32 37 16 81 66 28 35 11 67 24 91 35 53 
61 13 59 46 51 48 55 62 20 62 18 59 28 46 
55 15 31 104 78 7 4 42 66 57 120 49 58 
50 48 50 37 48 55 23 49 28 65 15 33 
41 97 66 11 11 44 52 60 116 41 46 
97 82 30 35 26 80 34 104 51 67 
40 97 104 71 67 67 31 56 58 
71 76 59 27 65 69 31 21 
7 37 60 52 113 42 51 
44 63 59 120 48 56 
64 15 80 30 49 
76 96 35 15 
70 40 60 
76 84 
19 
