50 2
22 44 32 52 54 16 57 36 56 30 45 51 87 45 52 85 20 29 33 33 26 24 74 52 12 39 7 89 34 38 78 78 53 29 70 21 52 31 84 43 61 30 85 23 47 37 19 34 41 
28 29 40 54 31 74 56 39 41 66 29 80 65 71 86 16 10 52 38 46 46 87 63 29 58 21 77 14 48 64 64 72 14 64 34 31 21 84 47 76 44 92 43 38 25 37 16 19 
23 14 39 43 80 68 13 44 78 29 55 76 81 68 24 17 62 36 59 64 85 59 55 68 47 49 14 48 36 36 81 14 40 42 39 14 66 39 76 51 82 58 15 9 50 11 23 
23 24 24 57 47 35 21 56 48 55 54 58 56 14 24 40 13 38 46 63 37 44 45 38 58 26 25 49 48 58 19 37 21 55 11 55 18 54 28 64 38 17 14 30 23 38 
29 47 78 70 16 43 80 42 41 77 80 56 32 30 63 34 62 69 79 53 64 68 57 37 28 46 26 25 80 26 26 45 53 21 53 34 72 51 72 61 7 15 54 25 37 
41 54 54 46 29 62 68 36 58 59 32 38 47 47 22 49 60 50 26 65 51 61 48 48 26 46 44 58 42 21 36 78 34 30 13 45 35 42 50 24 33 44 45 61 
42 26 56 14 36 59 76 34 40 70 20 34 20 18 16 22 58 36 26 26 23 82 39 21 73 72 41 32 59 5 63 29 69 28 45 14 68 14 41 35 7 38 49 
22 92 36 19 101 88 16 10 65 61 75 23 44 30 39 25 28 60 18 63 102 80 32 99 98 7 72 75 40 106 67 67 44 14 30 49 33 71 71 37 78 91 
81 27 10 85 91 8 15 75 46 60 7 36 10 17 45 35 38 5 41 101 65 28 95 93 17 58 75 26 88 54 76 41 32 19 65 13 63 60 19 64 74 
56 91 30 52 88 93 72 37 29 74 48 72 77 95 69 67 80 59 42 24 60 27 28 93 27 41 55 41 27 69 49 87 63 88 71 22 21 63 22 28 
36 65 65 33 37 56 25 40 20 8 20 31 46 22 40 25 37 74 44 8 67 66 37 36 49 9 71 30 55 16 35 7 55 21 36 35 15 42 55 
95 98 3 9 80 56 70 16 45 20 24 44 40 46 11 50 109 75 36 104 102 12 68 83 36 98 64 80 49 32 28 66 22 73 69 29 74 84 
82 93 99 98 40 25 80 60 74 75 111 85 57 86 49 72 21 72 57 58 100 29 69 60 11 36 96 66 101 71 111 72 45 35 66 24 10 
94 95 32 68 71 84 57 86 97 77 59 99 87 93 21 69 62 31 29 93 66 17 72 93 59 29 49 76 72 57 87 42 55 80 66 78 
7 76 54 68 14 42 18 24 41 36 46 8 50 106 73 32 101 99 10 66 80 34 97 62 77 46 29 25 63 21 70 67 27 72 83 
74 59 74 19 45 25 32 35 35 54 13 57 107 78 34 103 102 3 71 81 39 103 67 75 48 24 30 59 28 73 72 33 77 89 
70 79 69 52 74 86 48 40 96 71 92 53 79 50 59 57 72 74 32 65 108 66 3 42 52 60 25 76 53 64 72 76 91 
14 40 22 36 39 72 46 32 46 25 68 19 32 58 57 60 12 51 20 46 10 69 30 61 30 76 34 27 17 27 18 30 
54 35 50 51 86 60 38 60 30 67 5 47 54 54 74 5 55 35 32 13 77 42 75 45 88 48 29 16 41 6 15 
29 7 19 43 29 38 6 39 94 59 21 88 86 20 52 68 20 84 48 69 34 30 12 61 10 56 53 14 58 69 
29 39 50 24 44 34 40 65 38 12 59 57 45 31 41 14 67 24 51 10 40 16 54 29 27 27 23 36 51 
13 50 35 30 12 32 94 55 24 87 86 26 48 70 17 78 44 74 36 37 13 67 3 55 50 9 54 64 
62 48 22 21 27 103 57 36 95 94 34 51 80 25 76 50 86 47 49 26 80 10 63 56 16 57 65 
26 81 40 81 95 89 39 96 94 32 81 68 54 118 74 51 46 13 44 27 54 72 77 54 86 101 
61 30 60 74 63 14 72 70 33 55 47 31 92 48 40 19 19 23 32 38 46 50 35 60 75 
42 8 101 44 47 90 89 56 40 82 31 57 42 95 54 68 38 94 27 59 49 26 45 48 
44 98 65 25 93 91 14 58 72 26 90 54 71 38 27 17 60 15 61 59 20 64 75 
94 36 45 82 82 59 32 76 28 50 35 91 50 68 37 92 29 52 41 26 37 40 
63 73 15 14 106 63 27 78 83 58 50 59 92 81 77 94 41 52 87 61 70 
50 50 50 79 7 53 39 29 14 77 44 79 49 90 53 27 15 46 3 12 
68 67 33 42 47 17 79 36 50 13 28 10 47 26 39 40 22 48 62 
2 102 50 28 70 68 47 56 55 91 75 82 87 32 41 79 47 56 
101 50 26 69 69 47 54 53 89 74 79 86 31 40 78 47 56 
72 79 39 104 67 73 47 21 30 56 30 72 72 34 77 90 
50 32 36 8 72 37 71 42 83 46 24 11 39 6 20 
55 80 43 29 33 65 56 53 71 26 39 64 50 64 
65 28 64 23 42 10 64 16 38 33 9 38 50 
44 106 74 107 76 119 75 55 44 69 32 17 
64 29 65 37 75 43 17 6 36 12 27 
41 53 60 28 76 50 62 71 74 89 
38 22 46 37 27 31 31 41 57 
31 35 41 65 68 42 76 91 
56 15 44 42 12 48 61 
70 67 75 68 87 102 
55 49 7 52 62 
13 47 24 39 
42 12 27 
45 55 
15 
