70 2
23 84 69 52 63 42 35 42 61 44 60 75 31 70 61 66 59 52 57 23 43 83 51 20 27 52 43 38 33 65 41 58 53 65 36 60 44 46 35 14 58 9 75 75 33 15 31 30 73 69 55 31 33 38 57 10 32 63 33 61 56 8 22 18 56 69 19 27 68 
105 91 51 86 65 58 55 82 40 78 96 49 90 83 83 80 75 79 34 41 101 74 6 50 63 56 38 53 85 61 81 72 85 59 83 44 62 51 13 65 28 96 90 48 33 54 52 96 91 69 46 56 56 55 18 44 78 55 80 62 20 33 23 77 92 7 42 89 
68 89 32 52 49 59 68 94 32 8 85 17 28 32 77 49 62 73 91 23 55 104 65 58 60 85 51 78 43 38 81 22 52 41 85 49 89 92 69 76 9 38 90 71 57 68 17 70 50 61 56 83 94 94 66 42 67 27 72 84 94 99 28 54 103 64 16 
110 37 33 48 83 9 108 74 64 45 68 43 80 16 25 13 79 106 86 21 86 43 90 85 99 62 13 59 32 25 68 41 27 103 77 45 84 102 70 66 92 48 69 43 39 51 2 86 74 41 38 116 73 81 86 36 69 103 76 62 72 59 14 85 74 61 
86 76 62 30 103 12 57 81 82 72 81 57 105 85 97 32 10 74 88 56 68 31 29 13 49 110 55 85 100 67 69 89 8 40 86 42 22 45 80 58 85 42 66 74 88 110 39 36 68 87 6 58 28 47 77 62 18 43 74 67 65 104 56 35 75 
23 28 56 37 88 39 27 55 31 6 44 45 18 30 61 85 48 24 83 38 60 58 79 38 47 31 7 49 32 26 10 80 48 59 74 73 58 29 56 61 55 32 40 15 39 54 51 30 52 92 71 58 52 38 33 74 66 68 74 24 24 82 53 23 
14 49 28 75 45 45 32 45 24 52 32 10 21 46 72 62 12 61 15 57 51 66 28 36 26 17 33 43 7 18 69 44 36 55 69 39 46 64 38 37 11 17 37 34 54 40 9 30 83 49 47 56 15 42 69 47 44 51 32 28 61 41 39 
35 42 62 34 41 38 38 25 41 46 23 35 34 60 54 26 56 17 43 37 53 14 50 13 24 45 34 7 27 55 30 43 46 55 30 41 53 44 27 9 22 38 48 40 26 10 39 69 45 34 43 23 32 55 38 45 49 23 41 55 27 34 
77 35 27 51 65 42 50 30 81 58 70 20 32 49 61 56 46 10 2 26 21 85 25 55 78 37 42 60 26 10 70 41 19 32 50 36 69 27 41 52 57 84 14 12 43 68 36 52 10 23 54 32 19 37 63 60 34 75 56 15 45 
100 71 64 36 67 42 77 9 21 7 72 98 85 16 77 35 85 79 92 56 10 54 31 17 66 34 27 95 72 36 75 97 62 66 89 39 62 36 31 51 8 81 67 34 29 109 64 74 83 28 66 97 68 53 63 56 17 76 67 60 
62 86 76 77 83 64 101 85 95 28 3 82 86 45 65 38 34 9 49 106 56 86 96 72 67 90 9 45 80 33 32 39 85 67 78 38 64 70 92 108 46 36 66 82 15 49 29 55 73 67 29 36 66 58 69 103 45 34 80 
24 72 15 32 7 77 49 63 44 59 23 54 79 50 26 28 54 27 80 21 42 78 10 41 47 53 18 77 65 38 51 23 19 78 46 43 56 34 75 18 32 44 73 62 71 36 13 57 5 40 58 76 78 14 62 78 36 19 
77 9 22 26 72 43 57 64 83 22 50 95 57 50 52 77 42 74 34 33 75 14 44 37 77 41 81 83 62 67 2 34 83 62 49 61 14 66 42 52 48 76 86 85 58 36 60 19 65 75 86 90 19 50 94 55 7 
76 57 79 31 38 35 50 75 93 34 43 21 74 67 69 47 36 50 48 23 73 33 48 74 65 5 45 83 37 78 90 5 40 29 16 70 44 75 53 29 7 88 31 57 80 17 70 82 40 17 27 62 49 42 50 71 
25 17 75 46 60 57 74 18 52 89 55 41 43 69 37 77 29 36 77 5 43 40 68 32 80 76 53 62 8 26 81 56 46 59 21 70 33 44 47 75 77 80 50 26 59 10 55 69 83 86 14 55 89 48 7 
38 50 21 35 57 80 43 27 81 38 54 52 74 34 52 26 11 53 26 25 15 75 42 61 71 67 55 24 50 62 51 31 41 13 44 48 46 30 54 87 70 53 46 39 27 68 63 68 73 18 30 80 49 18 
84 56 70 48 61 18 61 84 57 26 30 56 34 87 28 48 85 13 48 53 54 21 84 70 37 57 24 12 84 51 50 63 38 82 18 36 51 80 62 77 40 10 64 11 40 63 83 84 21 68 83 41 23 
29 15 73 99 93 23 74 36 89 83 93 60 5 59 39 9 74 38 35 97 77 31 74 101 62 74 96 34 63 39 31 60 14 86 70 37 24 111 61 77 88 28 73 100 67 48 58 63 27 73 70 68 
14 56 82 64 6 71 25 64 60 76 37 31 33 11 32 45 17 10 78 52 41 65 77 49 45 68 43 47 21 24 33 26 60 49 19 34 92 58 57 61 22 45 77 57 52 60 34 18 70 50 39 
66 93 78 9 75 31 78 73 86 49 17 47 24 20 59 28 20 90 65 37 71 90 57 59 82 39 56 30 27 45 13 74 61 28 29 103 62 68 75 24 59 90 64 51 61 49 14 74 61 53 
26 67 58 36 36 30 21 20 23 78 31 58 68 52 39 62 24 27 55 21 35 14 64 56 54 10 35 42 67 79 34 12 38 56 38 32 9 43 45 47 33 16 45 41 45 74 35 8 57 
79 84 46 63 35 31 6 47 104 54 83 94 69 65 87 6 42 79 33 29 38 82 63 77 36 62 68 89 106 43 34 64 81 14 49 26 52 71 64 26 35 65 58 66 101 46 32 77 
70 102 71 44 49 75 50 95 43 54 95 19 60 58 73 40 98 88 53 75 20 18 99 69 63 76 36 87 36 55 64 93 79 94 59 27 76 22 56 82 99 101 31 72 101 59 25 
70 24 68 63 78 40 25 37 17 25 51 19 15 81 56 37 64 81 50 51 73 39 48 22 22 39 22 65 52 20 29 95 57 59 66 19 50 81 57 49 57 40 18 69 53 45 
46 66 58 43 52 80 61 78 66 85 57 80 49 63 45 15 68 27 95 92 42 33 51 48 94 86 71 47 53 50 60 13 46 79 51 80 65 20 27 17 76 88 1 43 88 
55 48 56 26 41 29 32 32 52 12 34 60 44 26 40 65 26 58 69 27 26 8 6 51 43 54 34 8 23 74 33 41 59 8 49 65 33 29 35 40 42 45 33 50 
8 31 29 93 31 60 87 36 50 65 28 12 79 51 13 42 49 28 79 37 50 61 59 91 8 22 51 78 36 62 20 17 63 31 14 46 73 70 36 81 65 25 45 
26 23 87 27 57 80 38 45 62 25 11 72 43 17 34 51 35 71 29 43 54 59 86 13 14 45 70 35 54 12 22 56 33 17 38 65 62 35 77 57 17 46 
40 98 47 76 88 63 59 80 6 36 73 29 28 32 76 60 72 30 55 62 83 99 38 27 57 75 19 45 20 48 65 58 24 30 60 54 60 94 43 25 71 
64 8 36 57 32 21 40 42 18 52 40 41 25 43 44 52 19 20 32 44 62 28 13 22 49 55 43 20 33 34 28 41 32 49 50 23 54 52 15 35 
63 41 14 76 43 37 102 81 36 79 105 67 76 99 39 68 44 36 61 11 90 75 42 29 116 67 82 92 33 76 105 73 53 64 66 26 79 75 70 
30 58 24 20 35 49 18 55 48 43 33 34 40 56 28 22 35 36 60 27 20 23 52 61 51 27 30 36 21 44 41 55 57 15 50 60 23 27 
43 36 21 5 78 48 52 70 73 54 35 60 54 51 26 33 22 34 55 49 25 45 91 66 57 54 32 37 75 62 61 68 27 20 77 51 29 
76 37 40 92 75 22 67 98 56 77 97 25 58 37 26 65 23 85 67 35 15 107 54 73 88 24 75 98 61 39 50 65 34 65 66 70 
40 41 63 27 78 72 48 57 13 24 79 52 44 56 25 70 28 39 44 73 72 76 45 22 57 5 50 65 79 82 11 56 84 43 10 
24 62 38 37 49 62 33 45 60 38 30 5 16 39 41 48 33 4 32 75 44 40 50 16 38 62 41 42 48 29 35 56 33 38 
83 53 51 73 78 57 39 65 53 54 29 34 25 29 60 53 27 44 96 67 61 59 32 42 79 65 62 69 32 15 79 55 33 
36 78 35 23 37 76 57 77 34 59 66 83 103 36 29 61 79 14 50 21 45 69 58 19 35 66 60 60 97 49 28 71 
70 48 25 37 40 29 70 31 38 50 48 78 10 15 40 67 46 57 18 16 52 22 26 43 65 65 25 68 62 20 35 
48 88 41 83 95 3 44 34 21 74 44 80 58 33 7 92 33 62 85 21 75 87 44 18 28 66 51 44 55 75 
53 16 83 77 46 20 44 44 83 83 56 33 46 52 47 16 31 64 47 67 50 8 33 25 63 82 14 29 76 
49 61 36 88 44 61 72 72 103 19 31 63 87 25 67 26 27 74 43 3 51 80 76 49 94 68 32 57 
67 66 40 5 28 31 67 70 45 21 30 42 51 20 23 53 34 53 47 8 31 28 48 67 27 17 60 
32 84 62 50 62 16 68 41 51 49 77 85 85 57 34 61 18 63 75 87 91 19 52 94 55 7 
96 60 62 75 48 94 21 44 63 92 61 86 46 12 76 23 39 72 93 93 33 80 91 49 33 
43 35 22 76 47 80 57 34 10 91 31 61 85 23 76 86 42 15 26 67 54 42 55 76 
26 31 63 69 40 15 28 45 49 25 18 47 34 47 42 13 36 33 43 66 32 12 55 
13 44 44 48 31 2 30 73 39 38 52 14 41 61 36 37 42 32 39 50 31 42 
54 39 60 41 12 17 80 35 47 65 3 54 71 37 27 35 45 40 47 39 54 
53 52 56 43 67 94 83 63 47 53 28 74 75 81 87 23 37 93 59 15 
87 75 42 37 117 73 82 88 36 71 104 76 61 71 61 16 85 75 62 
24 50 77 44 65 25 9 62 24 22 51 75 74 30 76 70 28 37 
33 56 42 41 7 32 43 34 30 27 51 49 33 67 47 4 45 
29 75 41 40 53 13 41 63 38 38 43 32 37 52 33 42 
94 38 62 82 16 71 87 46 24 34 61 44 49 55 70 
63 35 52 83 67 22 49 79 72 71 110 60 42 80 
42 73 38 72 65 16 17 9 66 75 12 37 78 
33 49 40 25 26 54 50 40 75 45 7 51 
66 19 30 59 82 81 27 75 79 36 32 
54 73 40 29 38 45 37 50 42 54 
46 60 76 78 10 57 80 38 13 
49 78 74 51 95 65 31 60 
30 25 56 75 19 23 68 
10 69 65 26 48 79 
72 74 16 45 83 
48 75 37 12 
87 68 48 
42 87 
49 
