70 5
62 28 72 44 30 38 31 28 86 52 34 80 78 23 80 46 41 42 79 25 38 66 50 68 68 70 44 29 71 80 19 71 10 46 45 12 55 33 62 74 29 28 52 67 41 48 18 66 64 38 8 31 79 18 64 68 12 37 58 85 55 44 68 36 36 55 43 86 43 
77 35 38 59 45 34 80 38 11 59 52 31 72 50 31 22 64 36 69 75 8 58 33 16 44 88 33 39 18 43 50 60 64 66 51 42 29 61 24 57 36 26 39 88 44 56 16 42 27 63 45 27 54 39 37 51 60 43 50 11 45 58 45 38 77 61 43 38 
96 70 58 38 43 50 108 71 23 106 84 5 106 52 55 70 83 51 64 79 78 72 88 69 67 48 72 93 37 98 38 32 73 38 54 48 90 95 23 42 75 68 13 75 47 76 63 50 35 59 87 46 64 93 38 65 56 111 68 42 95 37 41 82 71 110 69 
30 54 73 57 78 16 31 85 17 65 90 15 62 47 52 70 66 67 42 41 68 19 79 80 48 74 43 59 18 66 92 52 60 75 51 36 13 81 56 20 74 109 29 58 51 76 53 69 43 60 56 73 6 60 51 77 16 44 75 29 72 65 60 48 13 30 
25 56 39 49 45 27 63 36 69 64 36 50 34 26 72 37 39 46 20 65 33 74 52 26 70 56 35 27 36 74 28 32 65 34 26 36 59 36 13 69 83 7 28 53 70 39 40 13 66 26 67 25 31 23 67 41 41 60 27 54 49 38 23 43 1 
59 45 24 70 48 61 56 86 53 57 60 47 12 89 12 15 66 21 80 58 85 28 33 84 78 34 46 20 73 15 24 73 42 33 61 56 41 38 81 71 25 12 71 80 48 23 14 84 13 79 48 23 6 76 63 59 64 40 57 54 26 13 67 25 
17 66 81 43 15 87 46 34 86 15 26 70 45 60 72 44 73 34 59 32 81 30 34 58 25 81 45 19 73 36 17 22 82 67 15 20 54 30 45 63 48 40 26 19 45 51 49 47 27 72 37 64 20 89 34 5 84 2 7 85 70 85 55 
57 67 28 27 70 46 38 69 15 12 55 47 48 59 36 56 37 45 41 70 13 40 50 13 64 35 35 58 24 28 5 65 53 24 4 38 37 54 46 35 35 35 7 36 34 47 33 34 55 25 49 31 73 25 21 66 15 10 70 54 70 38 
94 69 62 80 102 46 81 72 63 31 104 12 17 86 43 94 81 97 17 49 97 99 44 70 22 74 32 32 83 56 54 85 57 52 62 94 61 50 24 89 91 62 21 37 102 26 91 73 31 29 86 88 76 72 63 64 63 37 34 91 49 
38 94 26 64 103 23 68 55 68 69 82 83 43 56 69 22 81 96 59 75 39 71 31 80 101 68 74 80 61 51 14 91 67 34 76 120 45 73 51 80 62 84 58 58 71 76 22 73 67 81 18 49 82 43 80 74 75 64 8 45 
55 46 41 65 45 31 17 53 45 57 64 19 47 40 17 50 76 23 45 30 34 43 50 62 55 41 45 23 51 24 52 29 16 45 82 33 45 25 47 23 53 34 38 42 44 31 41 48 46 47 15 44 49 42 35 66 50 42 26 
97 61 21 96 30 38 73 60 58 71 59 77 49 72 45 78 38 48 73 28 90 43 12 76 37 30 33 88 80 5 28 65 44 30 70 49 55 39 32 42 55 64 48 41 83 38 67 32 100 49 19 91 15 21 87 73 97 62 
83 100 2 77 61 50 87 68 65 59 37 85 36 96 77 59 91 60 70 9 72 106 49 68 91 64 29 30 93 69 32 91 119 31 63 68 93 68 75 48 77 62 90 15 67 51 93 9 61 89 20 86 79 54 46 18 36 
80 80 32 39 93 5 93 102 24 89 12 46 22 114 53 15 25 59 82 81 58 95 70 32 46 93 53 61 50 58 19 91 74 79 16 24 40 82 72 6 77 21 68 71 88 30 80 27 42 90 47 43 107 90 72 68 
100 48 50 65 79 47 60 74 73 68 82 66 63 43 68 88 31 92 33 31 68 32 51 43 84 89 19 36 70 65 18 70 41 72 60 45 30 53 83 41 61 87 33 60 53 105 63 39 90 33 37 78 66 104 63 
75 60 51 85 70 67 57 39 83 34 94 79 59 89 57 69 11 72 105 51 68 90 63 31 28 92 68 31 89 118 32 63 66 91 66 76 48 75 62 88 13 68 52 91 7 59 88 22 85 78 56 48 15 36 
16 69 33 64 75 29 69 22 46 25 85 26 24 42 28 72 50 33 72 40 15 17 76 54 29 19 45 21 60 57 51 25 20 11 51 48 35 49 19 62 41 63 17 78 19 14 77 15 11 84 68 73 49 
55 41 53 62 25 54 32 33 39 74 14 37 39 22 56 42 45 58 31 31 8 60 41 35 14 29 35 66 41 40 25 35 6 44 34 38 38 33 46 32 50 33 63 14 27 61 25 18 70 53 59 33 
96 21 15 72 12 88 60 95 28 42 92 82 45 41 32 85 3 36 83 51 23 61 68 51 40 90 83 23 24 77 90 58 35 21 91 25 88 46 35 6 86 58 65 75 32 68 64 14 4 64 26 
95 104 28 92 11 51 18 116 56 12 31 60 86 82 56 99 72 30 48 97 58 60 51 62 16 90 78 81 20 21 41 84 75 11 79 19 73 72 91 28 85 31 41 94 46 43 110 94 77 71 
13 75 32 85 69 90 21 39 89 87 36 59 15 71 23 24 76 47 44 73 54 44 50 86 63 38 13 78 84 53 17 25 92 15 83 61 23 18 79 76 66 66 52 58 56 31 24 80 37 
82 27 95 73 100 13 48 99 93 47 56 28 84 16 36 87 57 38 75 66 55 53 96 76 38 24 87 95 63 30 30 100 26 94 61 35 16 90 74 74 78 47 70 68 19 19 79 39 
66 26 23 38 95 37 32 14 47 57 65 62 74 56 39 33 69 30 57 39 34 33 89 52 62 9 37 29 68 52 19 60 33 44 56 67 39 57 11 43 66 44 39 85 69 49 45 
85 51 93 40 43 90 75 49 28 40 89 12 41 84 51 12 51 72 53 32 89 91 14 31 73 89 57 44 22 86 31 87 34 40 14 86 46 61 77 19 71 66 19 8 52 21 
49 12 106 46 6 33 50 82 72 46 90 62 19 38 91 56 49 41 56 7 79 72 72 17 12 31 73 67 17 70 9 70 62 83 18 83 24 30 89 35 32 102 86 76 64 
60 86 39 55 25 51 36 64 78 61 56 59 40 50 8 69 46 19 55 99 36 58 32 58 40 67 44 41 56 55 22 56 56 60 34 27 60 46 58 52 71 56 27 33 
111 52 6 45 53 93 75 40 97 65 15 43 100 68 46 45 66 5 74 81 76 29 5 37 76 74 28 74 6 81 66 89 12 94 35 27 99 34 34 110 93 88 73 
60 110 106 57 68 36 91 28 45 97 68 49 88 73 65 66 107 78 51 34 99 105 74 36 42 112 36 104 74 44 29 100 86 87 87 58 79 77 26 32 92 52 
50 51 11 52 28 47 45 18 41 8 52 46 33 10 27 48 61 33 25 39 47 15 30 22 53 23 45 45 18 37 43 63 27 34 54 28 23 57 41 61 25 
39 53 88 75 44 95 65 18 41 96 62 49 44 62 4 78 77 75 23 9 35 76 71 21 73 7 76 65 87 16 89 30 29 95 36 34 107 90 82 70 
61 61 79 75 84 69 50 47 75 29 71 53 42 41 103 60 75 18 46 43 81 63 19 72 42 47 69 78 50 56 25 56 71 58 52 94 79 47 55 
62 22 40 48 12 40 14 59 58 24 8 38 50 49 41 23 47 48 19 23 27 60 21 47 56 12 39 43 74 36 30 62 23 20 60 45 73 34 
63 100 40 60 87 58 20 32 86 62 27 88 111 22 54 66 90 62 66 39 77 53 87 13 59 41 89 18 58 84 12 80 74 45 37 25 28 
55 35 10 61 34 52 69 38 30 46 72 51 40 9 67 70 40 3 23 81 10 69 61 9 26 64 78 55 51 58 43 41 45 33 80 36 
88 49 26 41 99 86 17 37 73 40 34 81 61 56 35 39 54 67 63 60 37 91 50 79 28 108 53 19 101 20 26 99 85 105 73 
39 86 54 22 62 71 54 41 93 86 24 27 79 93 60 37 23 93 28 91 46 38 9 89 58 68 78 31 71 67 12 5 64 28 
52 24 52 61 32 20 40 62 51 37 12 57 60 30 12 21 70 11 59 56 1 30 55 74 45 42 57 34 32 50 36 74 31 
32 91 67 31 32 60 14 60 72 63 31 9 26 62 63 36 61 11 76 53 78 2 92 31 12 92 19 20 98 82 86 64 
60 47 29 6 32 39 59 41 33 33 38 6 36 31 46 31 36 50 25 46 34 67 22 26 61 21 15 66 50 64 33 
49 83 62 34 95 103 19 43 76 96 65 56 32 89 43 93 30 52 26 93 38 66 86 9 80 75 25 20 45 27 
77 53 23 63 107 37 62 39 66 48 72 48 47 60 63 19 61 59 68 27 35 68 43 66 60 71 57 19 36 
24 61 45 31 65 44 54 41 29 37 50 64 43 42 79 33 62 34 96 47 19 86 14 18 82 68 94 58 
36 41 53 43 31 38 40 10 32 31 51 29 38 54 21 45 35 72 28 24 64 18 13 66 50 70 35 
61 88 17 39 42 63 35 50 25 54 37 60 18 39 37 62 35 32 57 32 53 47 52 36 34 13 
74 76 73 24 5 33 73 69 25 70 3 76 62 85 12 89 30 25 94 32 31 105 89 83 68 
88 59 85 69 60 48 72 95 59 71 106 51 78 62 123 78 49 108 45 50 95 84 122 82 
31 58 76 46 44 16 71 30 74 23 37 22 74 38 47 67 20 61 56 34 19 41 8 
65 71 40 12 15 78 2 70 53 11 18 66 69 53 54 49 46 43 38 25 71 27 
28 28 69 57 13 63 25 53 57 72 31 66 12 38 74 40 35 91 75 58 52 
32 70 69 30 69 3 78 60 84 7 92 32 21 95 28 28 105 88 86 69 
42 37 40 38 30 52 31 52 28 69 18 21 66 18 12 72 56 66 38 
27 83 13 70 65 12 29 65 82 58 51 62 43 42 47 36 83 39 
70 13 67 38 20 15 65 54 45 55 36 49 44 35 19 56 12 
76 26 63 71 86 35 74 25 45 85 50 46 104 88 66 65 
68 51 10 19 64 68 51 52 49 44 42 39 25 70 26 
75 60 82 9 89 29 22 92 29 28 103 86 82 66 
56 45 78 17 46 74 24 71 64 53 42 18 25 
29 55 73 46 42 56 35 33 49 35 73 31 
80 59 60 69 34 62 58 20 6 63 23 
93 32 14 94 22 22 101 85 87 66 
60 91 29 88 81 63 54 10 42 
33 64 34 28 79 63 54 40 
87 7 11 90 74 86 59 
82 76 34 28 37 28 
6 83 67 84 53 
79 63 78 48 
16 70 39 
60 23 
44 
